data/IONEX/CVBB2860.21i
     1.0            IONOSPHERE MAPS     MIX                 IONEX VERSION / TYPE
cmpcmb v1.2          GRL/UWM            28-oct-21 01:42     PGM / RUN BY / DATE 
ionex file containing IGS COMBINED Ionosphere maps          COMMENT             
global ionosphere maps for day 286, 2021                    DESCRIPTION         
IONEX file containing the COMBINED IGS TEC MAPS and DCBs    DESCRIPTION         
      IONEX files of the following IAACs were combined: cod DESCRIPTION         
                                                        esa DESCRIPTION         
                                                        jpl DESCRIPTION         
                                                        upc DESCRIPTION         
Contact address: Andrzej Krankowski                         DESCRIPTION
                 Geodynamics Research Laboratory            DESCRIPTION
                 University of Warmia and Mazury (GRL/UWM)  DESCRIPTION
                 Oczapowski St. 1                           DESCRIPTION
                 10-957-Olsztyn, POLAND                     DESCRIPTION
                 e-mail:  kand@uwm.edu.pl                   DESCRIPTION
                                                            DESCRIPTION         
  2021    10    13     0     0     0                        EPOCH OF FIRST MAP  
  2021    10    14     0     0     0                        EPOCH OF LAST MAP   
  7200                                                      INTERVAL            
    13                                                      # OF MAPS IN FILE   
  COSZ                                                      MAPPING FUNCTION    
     0.0                                                    ELEVATION CUTOFF    
combined TEC calculated as weighted mean of input TEC valuesOBSERVABLES USED    
   362                                                      # OF STATIONS       
    32                                                      # OF SATELLITES     
  6371.0                                                    BASE RADIUS         
     2                                                      MAP DIMENSION       
   450.0 450.0   0.0                                        HGT1 / HGT2 / DHGT  
    87.5 -87.5  -2.5                                        LAT1 / LAT2 / DLAT  
  -180.0 180.0   5.0                                        LON1 / LON2 / DLON  
    -1                                                      EXPONENT            
TEC values in 0.1 tec units;  9999, if no value available   COMMENT             
DCB values in nanoseconds, reference is Sum_of_SatDCBs = 0  COMMENT             
                                                            END OF HEADER       
[from data line 4290]
    11                                                      START OF TEC MAP    
  2021    10    13    20     0     0                        EPOCH OF CURRENT MAP
    87.5-180.0 180.0   5.0 450.0                            LAT/LON1/LON2/DLON/H
   72   73   73   74   73   74   74   75   75   75   75   75   75   75   75   75
   75   75   74   74   73   73   72   72   71   70   69   69   68   67   67   66
   66   65   65   64   65   64   64   64   64   64   64   64   64   64   64   65
   65   66   66   66   66   67   67   67   68   68   68   69   69   69   69   69
   70   70   70   71   71   71   71   72   72
    85.0-180.0 180.0   5.0 450.0                            LAT/LON1/LON2/DLON/H
   70   71   72   72   73   74   74   76   76   77   78   78   79   79   79   79
   78   77   76   75   74   73   71   69   67   66   65   63   62   61   59   59
   58   57   57   56   56   56   56   56   57   57   57   57   58   59   59   58
   59   60   59   60   61   60   61   62   62   62   63   63   63   64   64   65
   65   65   66   66   67   68   69   69   70
    82.5-180.0 180.0   5.0 450.0                            LAT/LON1/LON2/DLON/H
   66   67   68   70   71   73   74   76   78   79   81   81   82   83   83   83
   82   81   80   78   75   73   70   67   64   61   59   56   54   52   51   50
   49   48   48   48   48   49   50   51   52   52   53   53   53   54   54   54
   54   54   54   54   54   54   55   55   55   56   56   56   57   57   58   58
   59   59   60   61   62   63   63   65   66
    80.0-180.0 180.0   5.0 450.0                            LAT/LON1/LON2/DLON/H
   62   63   65   67   70   72   74   76   79   81   83   85   87   87   88   88
   88   87   86   84   81   78   72   65   60   57   54   50   47   44   42   40
   39   39   39   40   40   42   43   45   46   48   49   49   49   50   49   49
   49   48   48   48   48   48   48   48   48   49   48   49   49   49   50   51
   51   52   53   54   56   57   59   60   62
    77.5-180.0 180.0   5.0 450.0                            LAT/LON1/LON2/DLON/H
   57   59   61   63   66   69   72   75   78   81   83   86   89   91   93   93
   94   93   91   86   82   79   76   69   64   58   52   47   44   39   37   35
   34   33   32   33   34   36   38   39   41   43   44   44   44   44   44   44
   44   43   43   42   42   41   41   41   41   41   41   41   41   41   42   43
   44   45   46   48   50   52   53   56   57
    75.0-180.0 180.0   5.0 450.0                            LAT/LON1/LON2/DLON/H
   55   57   59   62   64   67   70   73   76   80   83   88   92   95   98   99
   99   96   94   91   87   82   77   70   64   57   50   45   40   35   32   31
   29   29   29   30   32   33   34   36   38   39   39   39   40   39   38   38
   37   38   37   36   36   35   34   33   33   33   33   33   33   33   34   35
   36   38   40   42   45   47   50   53   55
    72.5-180.0 180.0   5.0 450.0                            LAT/LON1/LON2/DLON/H
   55   57   60   62   64   66   69   72   76   79   84   88   93   98  101  102
  102   99   98   94   90   85   78   72   65   58   50   44   39   34   30   28
   27   28   28   29   29   31   32   33   34   35   34   34   35   34   33   33
   32   33   32   31   30   29   28   27   27   26   26   26   26   26   27   28
   29   32   34   37   40   44   48   51   55
    70.0-180.0 180.0   5.0 450.0                            LAT/LON1/LON2/DLON/H
   56   59   61   64   66   68   70   73   76   80   84   89   94   99  102  103
  102  102  100   96   93   87   81   75   68   60   53   46   41   36   31   29
   29   29   29   30   29   30   30   31   31   31   30   30   29   28   28   28
   27   28   28   27   26   25   24   22   21   21   20   20   20   21   22   23
   24   26   29   33   37   42   47   52   56
    67.5-180.0 180.0   5.0 450.0                            LAT/LON1/LON2/DLON/H
   58   61   65   67   69   71   73   75   78   81   85   89   94   98  101  102
  103  102  101   99   94   90   85   79   72   65   58   51   45   41   37   34
   33   32   31   31   30   29   29   29   28   28   27   26   25   25   25   25
   25   25   25   25   24   22   21   20   18   18   17   17   17   17   18   19
   21   23   27   30   35   41   47   53   58
    65.0-180.0 180.0   5.0 450.0                            LAT/LON1/LON2/DLON/H
   61   65   69   72   74   75   76   78   80   83   87   90   94   97  100  101
  103  102  102  100   97   94   90   84   77   71   64   58   53   49   45   42
   39   38   36   33   32   30   29   28   27   26   25   24   24   24   24   24
   24   24   24   23   23   22   20   19   18   16   16   16   16   17   17   19
   20   22   25   29   35   41   48   55   61
    62.5-180.0 180.0   5.0 450.0                            LAT/LON1/LON2/DLON/H
   63   69   74   77   78   79   80   81   83   86   89   92   95   97  100  101
  103  103  103  103  100   99   95   90   85   79   72   67   62   58   54   50
   47   44   40   37   34   32   30   28   27   26   25   25   25   25   25   26
   26   26   25   24   24   23   22   20   19   18   17   17   18   19   19   20
   22   23   26   30   35   42   49   57   63
    60.0-180.0 180.0   5.0 450.0                            LAT/LON1/LON2/DLON/H
   67   73   77   81   82   83   84   84   86   88   91   94   96   99  101  103
  104  105  105  105  105  103  101   96   92   87   80   76   70   66   62   57
   54   49   45   40   37   34   32   30   29   29   29   29   30   30   30   29
   30   30   29   27   26   25   24   23   22   21   21   21   22   23   24   24
   25   26   28   32   37   44   52   60   67
    57.5-180.0 180.0   5.0 450.0                            LAT/LON1/LON2/DLON/H
   70   76   81   84   86   87   87   88   89   91   94   97   99  101  103  105
  107  108  108  108  108  107  105  102   98   93   88   83   79   74   69   65
   60   54   49   44   40   37   36   34   34   35   35   36   36   36   36   35
   35   35   34   32   30   29   28   27   27   26   27   27   29   29   30   30
   30   31   32   35   40   46   55   63   70
    55.0-180.0 180.0   5.0 450.0                            LAT/LON1/LON2/DLON/H
   73   79   84   87   90   91   91   93   94   95   97  100  102  104  106  109
  110  111  112  112  112  110  108  106  103   99   95   91   86   81   76   71
   65   60   54   49   45   43   41   41   42   42   43   44   44   44   42   42
   41   41   40   38   35   34   33   32   33   33   34   35   36   37   38   38
   37   36   37   40   44   50   58   67   73
    52.5-180.0 180.0   5.0 450.0                            LAT/LON1/LON2/DLON/H
   77   82   87   90   93   95   96   98   99  100  102  104  105  107  109  112
  114  116  116  115  114  113  111  109  107  105  102   98   94   89   84   78
   71   66   61   56   52   50   49   50   50   51   52   53   52   51   50   48
   48   47   45   43   41   40   40   40   40   41   42   44   45   46   46   45
   43   42   42   44   49   56   63   70   77
    50.0-180.0 180.0   5.0 450.0                            LAT/LON1/LON2/DLON/H
   81   86   90   93   97   99  102  104  106  107  109  109  110  111  113  116
  119  120  119  118  116  114  113  112  111  111  109  107  103   98   91   85
   77   71   66   62   60   58   58   58   58   60   60   60   59   58   57   56
   55   53   52   49   48   46   46   47   48   49   51   52   53   53   53   51
   48   47   47   50   54   60   68   75   81
    47.5-180.0 180.0   5.0 450.0                            LAT/LON1/LON2/DLON/H
   85   90   94   97  101  105  109  111  113  115  116  116  115  115  117  120
  123  124  123  120  117  116  115  116  117  118  117  116  112  106   98   90
   83   77   73   69   67   66   65   65   66   66   66   66   65   64   63   62
   61   60   59   57   55   54   54   54   55   56   58   60   60   59   57   55
   52   51   50   54   59   65   73   80   85
    45.0-180.0 180.0   5.0 450.0                            LAT/LON1/LON2/DLON/H
   91   95   98  102  107  111  115  118  120  122  123  123  121  121  122  126
  128  129  127  124  121  119  120  122  124  127  128  126  121  113  104   95
   86   81   77   75   74   74   72   71   71   71   70   70   69   68   68   68
   68   67   66   65   64   62   61   61   61   62   63   64   65   63   61   58
   56   54   55   58   64   72   79   85   91
    42.5-180.0 180.0   5.0 450.0                            LAT/LON1/LON2/DLON/H
   97  100  103  108  113  118  123  125  127  129  129  128  127  127  128  133
  135  136  133  130  127  125  127  130  134  138  139  137  131  121  110   99
   88   83   80   80   79   78   76   75   74   73   73   73   72   72   73   74
   74   75   74   73   72   70   68   66   65   65   65   66   66   65   63   61
   59   57   58   63   69   78   86   93   97
    40.0-180.0 180.0   5.0 450.0                            LAT/LON1/LON2/DLON/H
  104  107  111  115  120  126  129  131  132  134  134  133  132  132  135  140
  144  144  141  139  136  135  138  142  146  149  150  146  139  128  115  102
   91   85   83   82   82   81   78   77   75   75   75   75   76   77   78   79
   80   81   80   80   78   76   73   70   68   65   64   64   65   65   64   63
   61   60   62   67   75   84   93  100  104
    37.5-180.0 180.0   5.0 450.0                            LAT/LON1/LON2/DLON/H
  112  115  119  123  129  134  136  137  137  137  137  136  137  137  141  146
  152  153  152  151  148  149  152  155  158  160  160  155  147  136  123  108
   95   87   85   85   84   83   80   78   77   76   77   77   79   80   82   83
   84   84   83   83   81   78   75   73   68   65   63   62   63   64   65   64
   64   64   66   72   82   91  101  108  112
    35.0-180.0 180.0   5.0 450.0                            LAT/LON1/LON2/DLON/H
  120  123  128  133  138  142  143  142  141  140  140  140  142  144  148  154
  160  163  165  165  164  166  168  170  171  171  169  165  157  147  134  117
  103   93   89   88   87   85   82   80   79   79   80   80   82   83   84   85
   85   84   83   82   81   79   77   74   70   65   62   61   63   64   66   67
   66   67   71   78   88  100  109  115  120
    32.5-180.0 180.0   5.0 450.0                            LAT/LON1/LON2/DLON/H
  129  134  139  145  150  152  152  149  145  143  143  145  147  152  157  163
  169  174  178  180  181  183  184  184  183  182  179  175  170  161  149  132
  117  105   98   94   92   88   86   84   84   84   84   84   84   85   85   84
   83   82   80   79   78   78   77   75   71   67   64   63   64   65   67   67
   68   70   75   83   95  106  116  123  129
    30.0-180.0 180.0   5.0 450.0                            LAT/LON1/LON2/DLON/H
  139  146  153  160  164  165  164  159  153  149  148  150  155  162  167  173
  179  186  192  197  200  200  200  198  196  195  192  190  188  183  172  155
  138  123  112  106  100   95   92   91   91   91   90   88   87   86   84   82
   80   78   76   75   75   77   77   76   73   70   67   67   67   67   68   68
   70   73   79   88  100  112  123  131  139
    27.5-180.0 180.0   5.0 450.0                            LAT/LON1/LON2/DLON/H
  149  158  169  177  182  183  179  174  168  162  159  160  166  173  178  184
  190  198  207  214  217  215  213  210  209  208  208  210  213  212  204  189
  167  149  134  124  114  106  103  102  101  100   97   93   90   88   85   81
   78   75   73   73   73   76   78   79   77   75   73   71   71   71   70   69
   70   75   83   94  105  117  130  140  149
    25.0-180.0 180.0   5.0 450.0                            LAT/LON1/LON2/DLON/H
  160  173  186  197  203  203  200  196  190  183  178  177  180  187  191  196
  201  211  222  230  233  230  226  224  224  225  229  235  244  250  247  229
  205  182  162  148  134  126  121  119  116  112  106  101   96   91   88   83
   80   76   73   74   75   78   81   84   84   82   81   79   77   75   72   70
   70   75   84   97  109  123  136  148  160
    22.5-180.0 180.0   5.0 450.0                            LAT/LON1/LON2/DLON/H
  172  188  207  220  227  230  228  227  222  215  207  203  202  207  210  213
  217  227  237  246  248  244  240  240  243  249  258  268  283  297  296  274
  247  217  199  178  162  154  145  142  136  127  119  111  103   97   94   89
   86   82   79   80   81   83   88   92   93   93   90   87   84   78   72   69
   69   73   84   99  114  129  143  158  172
    20.0-180.0 180.0   5.0 450.0                            LAT/LON1/LON2/DLON/H
  184  203  225  241  253  260  263  265  261  254  247  238  235  235  235  236
  238  245  254  262  263  258  257  261  270  281  294  309  331  349  348  321
  289  253  231  210  192  181  174  170  160  146  134  122  112  105  102  100
   97   93   90   90   92   93   97  102  103  102   98   94   88   80   71   66
   66   71   83  100  118  135  150  167  184
    17.5-180.0 180.0   5.0 450.0                            LAT/LON1/LON2/DLON/H
  196  217  241  261  277  289  299  308  306  301  293  283  276  273  270  267
  267  272  277  283  282  277  278  289  303  319  336  358  381  397  397  363
  325  296  261  234  219  208  200  190  182  168  151  137  125  118  116  115
  112  108  106  106  107  107  110  112  109  107  103   98   91   80   69   62
   61   68   82  102  122  141  157  175  196
    15.0-180.0 180.0   5.0 450.0                            LAT/LON1/LON2/DLON/H
  206  230  254  276  295  314  335  346  350  345  339  330  324  318  315  310
  307  309  309  311  306  304  307  321  341  360  381  410  425  432  430  394
  345  308  272  244  226  220  215  209  203  189  171  156  145  137  136  131
  130  126  125  125  123  121  119  117  113  108  104   99   90   78   67   59
   58   66   83  105  127  146  164  183  206
    12.5-180.0 180.0   5.0 450.0                            LAT/LON1/LON2/DLON/H
  214  240  266  289  311  334  358  377  390  388  381  377  373  370  366  360
  354  352  348  345  339  338  343  361  382  400  419  444  452  450  437  401
  347  300  268  246  232  228  229  229  223  208  191  178  167  160  155  150
  148  145  143  140  135  130  124  119  112  106  100   95   88   75   64   57
   56   66   85  108  131  152  169  190  214
    10.0-180.0 180.0   5.0 450.0                            LAT/LON1/LON2/DLON/H
  222  249  275  297  320  344  372  399  415  417  414  414  415  417  416  410
  403  397  390  387  379  380  386  401  418  431  443  458  463  445  421  384
  335  293  265  251  246  245  248  250  242  226  212  200  189  182  173  166
  162  159  153  146  140  133  123  114  106  100   94   90   84   74   63   56
   57   68   88  113  137  157  175  197  222
     7.5-180.0 180.0   5.0 450.0                            LAT/LON1/LON2/DLON/H
  229  256  281  303  323  347  375  403  422  429  430  436  444  453  458  455
  448  441  433  428  423  423  428  438  448  454  457  460  453  429  399  365
  327  292  271  263  262  264  269  269  260  245  232  222  211  201  188  177
  170  163  153  145  136  127  116  106   98   92   87   84   81   73   64   58
   59   71   92  117  141  162  182  204  229
     5.0-180.0 180.0   5.0 450.0                            LAT/LON1/LON2/DLON/H
  237  264  288  306  325  345  370  395  414  424  431  442  458  477  485  488
  483  476  470  466  464  462  465  469  469  468  463  454  437  410  381  353
  324  297  284  279  279  283  286  283  274  261  249  238  228  215  197  181
  169  155  144  134  125  117  106   98   91   85   80   78   77   72   66   62
   64   75   96  122  146  167  187  212  237
     2.5-180.0 180.0   5.0 450.0                            LAT/LON1/LON2/DLON/H
  243  271  294  312  329  346  367  384  399  409  418  435  456  480  495  504
  503  499  495  494  495  494  494  490  481  471  460  445  426  402  376  353
  329  310  298  294  293  294  293  288  279  270  260  248  238  221  199  175
  160  140  129  118  112  105   97   90   84   78   74   71   72   70   68   66
   69   80  100  125  149  170  191  216  243
