data/IONEX/CVBB2840.21i
     1.0            IONOSPHERE MAPS     MIX                 IONEX VERSION / TYPE
cmpcmb v1.2          GRL/UWM            28-oct-21 01:30     PGM / RUN BY / DATE 
ionex file containing IGS COMBINED Ionosphere maps          COMMENT             
global ionosphere maps for day 284, 2021                    DESCRIPTION         
IONEX file containing the COMBINED IGS TEC MAPS and DCBs    DESCRIPTION         
      IONEX files of the following IAACs were combined: cod DESCRIPTION         
                                                        esa DESCRIPTION         
                                                        jpl DESCRIPTION         
                                                        upc DESCRIPTION         
Contact address: Andrzej Krankowski                         DESCRIPTION
                 Geodynamics Research Laboratory            DESCRIPTION
                 University of Warmia and Mazury (GRL/UWM)  DESCRIPTION
                 Oczapowski St. 1                           DESCRIPTION
                 10-957-Olsztyn, POLAND                     DESCRIPTION
                 e-mail:  kand@uwm.edu.pl                   DESCRIPTION
                                                            DESCRIPTION         
  2021    10    11     0     0     0                        EPOCH OF FIRST MAP  
  2021    10    12     0     0     0                        EPOCH OF LAST MAP   
  7200                                                      INTERVAL            
    13                                                      # OF MAPS IN FILE   
  COSZ                                                      MAPPING FUNCTION    
     0.0                                                    ELEVATION CUTOFF    
combined TEC calculated as weighted mean of input TEC valuesOBSERVABLES USED    
   354                                                      # OF STATIONS       
    32                                                      # OF SATELLITES     
  6371.0                                                    BASE RADIUS         
     2                                                      MAP DIMENSION       
   450.0 450.0   0.0                                        HGT1 / HGT2 / DHGT  
    87.5 -87.5  -2.5                                        LAT1 / LAT2 / DLAT  
  -180.0 180.0   5.0                                        LON1 / LON2 / DLON  
    -1                                                      EXPONENT            
TEC values in 0.1 tec units;  9999, if no value available   COMMENT             
DCB values in nanoseconds, reference is Sum_of_SatDCBs = 0  COMMENT             
                                                            END OF HEADER       
[from data line 5148]
    13                                                      START OF TEC MAP    
  2021    10    12     0     0     0                        EPOCH OF CURRENT MAP
    87.5-180.0 180.0   5.0 450.0                            LAT/LON1/LON2/DLON/H
   76   77   77   79   79   80   80   80   80   80   81   81   81   81   81   80
   80   79   79   78   76   75   73   71   69   68   68   67   66   66   65   65
   64   64   64   63   62   62   61   61   61   60   60   60   60   60   59   59
   59   59   58   59   58   58   58   59   59   60   60   61   62   63   64   65
   67   68   70   71   72   73   74   75   76
    85.0-180.0 180.0   5.0 450.0                            LAT/LON1/LON2/DLON/H
   82   83   84   85   86   87   88   88   89   90   90   89   89   90   89   88
   88   88   87   87   85   83   79   76   74   73   69   67   63   61   58   57
   54   51   50   47   46   44   44   42   43   43   44   43   45   46   46   48
   49   51   52   52   52   53   54   55   56   56   58   59   61   62   65   67
   69   71   73   75   77   78   79   81   82
    82.5-180.0 180.0   5.0 450.0                            LAT/LON1/LON2/DLON/H
   88   90   91   93   94   95   95   96   96   96   97   97   96   96   95   95
   94   93   93   91   93   90   84   80   76   73   68   65   61   57   54   51
   49   45   44   40   39   35   32   31   30   31   32   33   35   36   38   40
   41   43   45   46   47   48   49   51   52   54   56   57   60   62   64   67
   70   72   75   78   80   82   84   86   88
    80.0-180.0 180.0   5.0 450.0                            LAT/LON1/LON2/DLON/H
   94   96   99  101  104  105  108  107  108  108  107  106  105  103  101  100
   97   96   94   92   88   84   86   81   76   68   63   59   55   50   47   44
   40   37   34   33   33   32   30   28   27   28   29   30   31   33   34   36
   37   38   40   41   42   44   46   47   49   51   53   55   57   60   63   67
   70   74   77   80   83   86   88   91   94
    77.5-180.0 180.0   5.0 450.0                            LAT/LON1/LON2/DLON/H
   99  103  105  109  112  112  112  109  106  105  104  101   98   97   96   94
   92   91   90   88   85   83   80   77   71   68   64   61   57   52   48   43
   39   36   35   33   33   31   30   30   29   29   30   31   33   33   35   35
   36   37   38   39   40   41   42   44   46   47   49   52   55   58   62   67
   70   75   79   83   86   89   93   96   99
    75.0-180.0 180.0   5.0 450.0                            LAT/LON1/LON2/DLON/H
  103  107  110  112  113  113  111  107  105  103  100   98   96   94   90   88
   86   85   83   80   81   80   80   74   75   68   65   63   58   52   44   41
   39   36   34   34   34   34   34   33   33   33   34   34   34   34   35   35
   36   36   36   37   38   38   39   41   42   44   46   49   53   56   61   65
   70   75   79   84   88   92   95   99  103
    72.5-180.0 180.0   5.0 450.0                            LAT/LON1/LON2/DLON/H
  103  106  108  109  111  113  111  108  107  103  100   96   93   87   83   80
   79   75   71   73   75   74   75   70   73   72   66   63   58   51   49   42
   39   40   37   36   37   36   35   35   35   37   36   36   35   35   35   34
   34   34   34   34   34   35   36   37   39   41   43   47   51   55   59   64
   69   74   80   85   89   93   97  101  103
    70.0-180.0 180.0   5.0 450.0                            LAT/LON1/LON2/DLON/H
  102  103  105  107  110  113  113  114  113  108  102   95   89   83   76   72
   67   63   62   63   66   66   66   66   67   66   64   60   58   51   46   44
   41   39   39   39   40   40   39   40   39   40   40   38   38   36   35   33
   33   32   31   31   31   31   33   34   37   39   42   46   50   54   60   65
   69   75   80   85   89   94   97  100  102
    67.5-180.0 180.0   5.0 450.0                            LAT/LON1/LON2/DLON/H
  102  102  103  104  107  112  115  118  118  113  105   97   88   79   70   63
   59   54   54   53   55   58   58   61   60   61   60   56   51   51   46   44
   41   38   37   39   39   41   42   43   42   42   41   41   40   37   35   32
   31   29   27   27   28   28   30   31   34   38   42   48   52   57   62   66
   71   76   81   87   91   95   98  100  102
    65.0-180.0 180.0   5.0 450.0                            LAT/LON1/LON2/DLON/H
  102  102  102  103  104  108  114  118  119  118  110  101   92   81   70   62
   54   50   46   46   48   52   52   54   55   56   55   52   48   46   45   42
   41   39   37   38   38   40   41   41   41   40   40   40   39   37   34   31
   28   26   25   24   24   25   27   30   34   39   45   51   56   61   66   70
   75   79   84   89   93   97   99  101  102
    62.5-180.0 180.0   5.0 450.0                            LAT/LON1/LON2/DLON/H
  105  104  103  103  103  107  111  117  121  120  118  110   99   88   75   64
   54   48   44   43   45   48   48   50   51   50   50   47   43   42   42   40
   38   38   37   37   37   38   38   38   37   36   36   37   36   35   32   30
   26   24   22   21   22   24   27   31   35   42   49   57   62   68   72   76
   79   84   87   92   95   98  101  103  105
    60.0-180.0 180.0   5.0 450.0                            LAT/LON1/LON2/DLON/H
  110  108  107  107  107  109  112  118  122  124  124  120  110   99   86   73
   62   54   47   45   45   45   46   47   47   46   44   42   40   40   40   39
   38   38   36   35   35   35   35   34   33   34   34   35   36   35   32   29
   26   23   22   21   22   24   28   33   39   48   55   64   70   76   79   83
   86   89   93   97  100  103  106  109  110
    57.5-180.0 180.0   5.0 450.0                            LAT/LON1/LON2/DLON/H
  117  116  116  115  113  113  114  117  121  125  127  126  121  113  103   89
   76   66   57   51   47   46   47   46   46   44   42   41   40   41   41   39
   39   38   37   36   35   35   34   32   32   33   34   36   37   36   34   31
   28   25   23   24   25   27   31   37   44   54   62   72   78   84   88   91
   95   97  101  104  107  110  113  116  117
    55.0-180.0 180.0   5.0 450.0                            LAT/LON1/LON2/DLON/H
  128  128  127  126  121  117  116  116  120  125  128  131  130  126  118  108
   94   82   72   62   55   53   53   50   49   46   44   43   44   44   44   43
   42   41   40   39   38   38   37   35   35   36   38   40   41   40   38   35
   32   29   28   29   30   33   37   43   51   61   70   79   86   92   97  100
  104  107  111  115  118  121  124  126  128
    52.5-180.0 180.0   5.0 450.0                            LAT/LON1/LON2/DLON/H
  141  141  141  138  133  126  120  119  121  125  130  134  136  135  134  125
  114  101   89   77   68   64   63   61   58   54   51   50   50   50   50   50
   48   47   46   46   46   45   44   43   42   43   45   46   47   46   45   42
   39   37   36   37   39   42   46   51   59   68   77   86   93   98  103  107
  112  119  124  129  132  135  138  139  141
    50.0-180.0 180.0   5.0 450.0                            LAT/LON1/LON2/DLON/H
  156  158  157  154  149  139  130  125  126  129  133  138  142  143  144  139
  128  116  102   90   81   76   75   73   69   67   62   59   59   58   57   57
   56   55   55   56   56   56   54   53   52   53   55   55   56   56   53   51
   49   48   48   49   52   54   57   62   68   76   85   92   99  104  109  115
  121  130  138  144  148  152  154  154  156
    47.5-180.0 180.0   5.0 450.0                            LAT/LON1/LON2/DLON/H
  171  174  174  172  166  156  144  135  134  135  138  142  147  149  152  146
  138  127  112   99   91   87   87   85   83   80   75   69   67   66   65   64
   63   63   64   65   66   67   66   64   64   64   63   64   65   65   62   61
   60   61   62   63   64   66   68   72   77   85   92   99  105  110  115  121
  129  140  151  158  164  168  170  170  171
    45.0-180.0 180.0   5.0 450.0                            LAT/LON1/LON2/DLON/H
  185  187  189  188  183  174  160  150  144  144  146  148  152  154  155  152
  145  133  120  107   99   95   97   98   97   92   85   78   74   70   69   68
   68   69   71   74   76   76   76   75   74   72   71   71   71   73   72   72
   71   73   73   74   74   76   77   81   87   95  102  108  113  117  121  127
  136  148  162  172  179  182  183  183  185
    42.5-180.0 180.0   5.0 450.0                            LAT/LON1/LON2/DLON/H
  194  197  200  201  198  191  179  167  159  156  155  156  157  160  160  157
  149  138  125  114  107  104  106  108  106   99   91   82   75   71   69   69
   70   72   75   78   81   82   82   81   80   79   77   77   77   78   80   80
   82   82   82   83   83   82   85   90   97  105  112  118  122  124  127  133
  143  156  170  181  189  192  194  193  194
    40.0-180.0 180.0   5.0 450.0                            LAT/LON1/LON2/DLON/H
  201  204  208  210  210  206  198  187  178  172  168  166  167  169  167  162
  154  142  131  122  116  113  114  114  110  102   92   82   73   68   66   67
   69   73   77   81   84   85   86   85   84   83   83   83   83   84   86   87
   88   89   89   88   88   88   92   99  107  116  124  129  132  133  135  140
  148  161  176  186  194  199  200  200  201
    37.5-180.0 180.0   5.0 450.0                            LAT/LON1/LON2/DLON/H
  206  209  213  217  220  219  215  208  200  191  185  181  179  179  175  169
  160  148  137  130  125  121  119  115  109  101   90   79   70   65   63   65
   69   74   79   83   86   87   87   87   87   88   88   89   89   90   91   93
   93   93   90   89   89   92   98  106  116  125  133  139  142  143  145  147
  151  164  178  188  196  202  205  205  206
    35.0-180.0 180.0   5.0 450.0                            LAT/LON1/LON2/DLON/H
  211  212  217  223  228  232  230  226  220  213  205  199  196  191  186  178
  168  156  145  138  131  127  121  112  105   97   87   78   70   65   64   67
   73   79   84   87   88   88   89   90   92   93   93   94   94   93   94   95
   95   92   88   86   87   93  101  111  122  132  141  148  152  154  155  156
  159  168  182  191  200  205  210  212  211
    32.5-180.0 180.0   5.0 450.0                            LAT/LON1/LON2/DLON/H
  217  217  222  230  236  243  245  244  239  233  224  218  213  207  199  191
  179  165  154  147  137  128  119  106   98   92   86   79   74   71   71   75
   82   88   92   94   94   94   94   96   97   98   99   98   96   94   93   92
   92   88   83   82   84   90  101  113  125  136  145  153  159  163  166  169
  171  178  189  199  207  212  218  219  217
    30.0-180.0 180.0   5.0 450.0                            LAT/LON1/LON2/DLON/H
  228  227  231  238  246  253  258  261  257  250  243  236  231  224  212  203
  189  173  162  154  140  125  112   99   92   90   89   87   85   83   85   90
   97  103  105  105  103  102  103  104  104  102  102  100   98   94   90   88
   86   81   77   75   78   86  100  113  126  137  146  155  163  171  178  184
  189  195  204  213  220  227  231  231  228
    27.5-180.0 180.0   5.0 450.0                            LAT/LON1/LON2/DLON/H
  247  244  246  250  257  265  273  277  275  269  262  253  249  242  226  211
  195  179  168  157  139  119  104   94   92   96  101  104  105  104  106  110
  116  120  122  120  116  114  114  113  110  107  105  102   98   93   88   83
   78   74   69   68   72   82   97  112  125  136  146  156  166  177  190  200
  210  217  226  233  240  247  251  251  247
    25.0-180.0 180.0   5.0 450.0                            LAT/LON1/LON2/DLON/H
  274  267  267  269  274  282  290  293  292  286  279  270  266  258  240  219
  198  183  171  156  134  114  101   97  104  117  127  134  137  134  132  133
  137  138  138  135  130  128  127  124  119  112  107  103   97   90   84   77
   71   65   61   60   66   78   95  110  123  134  144  156  169  183  201  218
  232  243  253  258  264  272  277  279  274
    22.5-180.0 180.0   5.0 450.0                            LAT/LON1/LON2/DLON/H
  305  298  292  291  296  302  309  312  310  304  297  287  285  276  254  231
  205  186  170  151  131  115  106  114  135  156  165  173  186  169  161  157
  156  154  151  147  141  141  139  134  127  118  111  105   97   88   80   71
   64   58   54   54   62   75   93  109  122  132  143  155  170  188  210  233
  254  270  281  285  292  300  306  308  305
    20.0-180.0 180.0   5.0 450.0                            LAT/LON1/LON2/DLON/H
  332  325  319  318  321  327  332  334  330  323  314  309  303  292  267  241
  212  190  170  153  136  125  124  148  187  209  213  229  229  212  190  181
  173  166  160  155  149  151  147  140  131  121  115  107   97   86   76   67
   59   53   50   51   60   74   92  109  122  133  143  156  172  194  220  247
  273  294  306  312  320  327  334  337  332
    17.5-180.0 180.0   5.0 450.0                            LAT/LON1/LON2/DLON/H
  357  350  345  344  347  353  358  361  355  346  336  329  322  308  281  254
  225  199  179  162  150  147  155  191  242  264  262  273  270  248  219  209
  187  175  165  161  155  157  151  143  133  123  117  109   97   85   74   65
   57   52   49   51   59   74   94  111  125  137  148  162  179  202  229  259
  288  311  326  333  341  349  357  361  357
    15.0-180.0 180.0   5.0 450.0                            LAT/LON1/LON2/DLON/H
  377  372  369  369  373  379  385  389  385  373  360  352  344  326  298  270
  241  215  194  181  173  177  194  230  275  293  292  286  281  266  239  221
  197  177  164  170  164  160  151  142  132  123  117  110   98   87   77   68
   60   55   51   53   61   76   96  115  131  146  158  174  190  212  240  270
  299  324  340  349  356  363  372  379  377
    12.5-180.0 180.0   5.0 450.0                            LAT/LON1/LON2/DLON/H
  391  390  391  392  397  403  410  417  415  403  388  378  367  349  317  289
  263  240  219  208  204  214  234  258  282  287  280  260  256  245  223  211
  193  171  156  168  163  158  148  139  130  123  117  110  101   91   82   74
   66   60   55   55   64   78   97  118  137  155  171  186  203  225  251  279
  308  333  349  359  365  372  381  389  391
    10.0-180.0 180.0   5.0 450.0                            LAT/LON1/LON2/DLON/H
  402  405  408  412  416  422  430  437  441  431  420  404  389  370  340  314
  292  272  253  243  240  251  265  275  277  266  244  217  212  206  191  181
  171  159  147  155  150  149  140  133  127  121  118  111  105   97   89   80
   73   66   59   59   65   79   97  121  142  162  180  197  215  237  261  288
  315  340  356  365  371  378  386  395  402
     7.5-180.0 180.0   5.0 450.0                            LAT/LON1/LON2/DLON/H
  411  419  424  427  431  435  441  450  457  456  444  429  411  391  368  345
  326  308  290  282  277  283  286  279  263  238  208  181  175  174  168  164
  161  153  144  145  140  138  133  129  123  120  119  114  108  101   93   85
   78   70   62   61   65   78   98  121  146  167  187  205  224  247  271  294
  320  344  360  370  375  381  390  401  411
     5.0-180.0 180.0   5.0 450.0                            LAT/LON1/LON2/DLON/H
  421  432  438  439  439  440  444  453  464  470  464  450  431  414  397  378
  361  343  326  316  309  305  298  275  246  212  180  161  158  163  168  167
  164  156  149  144  139  135  131  126  122  120  119  114  109  102   95   88
   79   72   64   61   65   78   98  123  148  171  190  209  230  253  276  298
  322  345  361  371  377  383  393  407  421
     2.5-180.0 180.0   5.0 450.0                            LAT/LON1/LON2/DLON/H
  427  441  448  446  441  438  440  449  462  472  471  460  445  432  418  403
  388  372  356  342  329  316  300  267  229  194  165  156  167  175  181  179
  174  165  162  156  149  140  132  126  122  120  117  112  107  101   94   86
   78   70   63   61   65   78   99  124  149  171  189  209  230  254  277  297
  318  340  356  370  377  383  395  410  427
