data/IONEX/CVBB2760.21i
     1.0            IONOSPHERE MAPS     MIX                 IONEX VERSION / TYPE
cmpcmb v1.2          GRL/UWM            27-oct-21 23:11     PGM / RUN BY / DATE 
ionex file containing IGS COMBINED Ionosphere maps          COMMENT             
global ionosphere maps for day 276, 2021                    DESCRIPTION         
IONEX file containing the COMBINED IGS TEC MAPS and DCBs    DESCRIPTION         
      IONEX files of the following IAACs were combined: cod DESCRIPTION         
                                                        esa DESCRIPTION         
                                                        jpl DESCRIPTION         
                                                        upc DESCRIPTION         
Contact address: Andrzej Krankowski                         DESCRIPTION
                 Geodynamics Research Laboratory            DESCRIPTION
                 University of Warmia and Mazury (GRL/UWM)  DESCRIPTION
                 Oczapowski St. 1                           DESCRIPTION
                 10-957-Olsztyn, POLAND                     DESCRIPTION
                 e-mail:  kand@uwm.edu.pl                   DESCRIPTION
                                                            DESCRIPTION         
  2021    10     3     0     0     0                        EPOCH OF FIRST MAP  
  2021    10     4     0     0     0                        EPOCH OF LAST MAP   
  7200                                                      INTERVAL            
    13                                                      # OF MAPS IN FILE   
  COSZ                                                      MAPPING FUNCTION    
     0.0                                                    ELEVATION CUTOFF    
combined TEC calculated as weighted mean of input TEC valuesOBSERVABLES USED    
   359                                                      # OF STATIONS       
    32                                                      # OF SATELLITES     
  6371.0                                                    BASE RADIUS         
     2                                                      MAP DIMENSION       
   450.0 450.0   0.0                                        HGT1 / HGT2 / DHGT  
    87.5 -87.5  -2.5                                        LAT1 / LAT2 / DLAT  
  -180.0 180.0   5.0                                        LON1 / LON2 / DLON  
    -1                                                      EXPONENT            
TEC values in 0.1 tec units;  9999, if no value available   COMMENT             
DCB values in nanoseconds, reference is Sum_of_SatDCBs = 0  COMMENT             
                                                            END OF HEADER       
     1                                                      START OF TEC MAP    
  2021    10     3     0     0     0                        EPOCH OF CURRENT MAP
    87.5-180.0 180.0   5.0 450.0                            LAT/LON1/LON2/DLON/H
   49   49   50   50   50   50   50   51   51   51   50   51   51   51   51   50
   50   49   49   49   48   47   47   47   46   46   46   46   46   46   46   46
   46   46   46   46   46   46   46   46   47   47   47   47   47   47   47   47
   47   47   46   46   47   46   46   47   47   47   47   48   48   48   48   48
   49   49   49   49   49   49   49   49   49
    85.0-180.0 180.0   5.0 450.0                            LAT/LON1/LON2/DLON/H
   53   53   53   53   53   53   53   52   53   52   52   53   52   52   52   52
   52   51   51   50   48   47   46   45   45   45   44   44   43   42   42   41
   41   41   41   41   40   41   41   41   42   43   43   43   44   44   44   45
   45   46   46   46   45   45   46   46   46   47   47   48   48   48   49   49
   48   49   49   50   50   50   51   52   53
    82.5-180.0 180.0   5.0 450.0                            LAT/LON1/LON2/DLON/H
   54   53   53   53   52   52   52   53   53   54   55   56   56   56   55   55
   54   54   53   52   50   48   45   45   44   42   40   39   38   37   36   35
   35   35   35   35   35   35   36   37   37   38   38   39   39   39   40   40
   40   41   42   42   42   43   44   44   45   46   47   48   48   49   50   50
   51   51   52   53   54   54   54   54   54
    80.0-180.0 180.0   5.0 450.0                            LAT/LON1/LON2/DLON/H
   56   55   54   54   55   55   56   57   58   58   59   59   59   60   61   61
   62   60   58   56   53   51   47   42   41   39   37   36   34   33   32   31
   31   31   31   31   31   32   32   33   33   34   34   34   34   34   34   35
   35   35   36   37   38   39   40   42   43   44   46   47   49   51   52   53
   54   55   56   57   58   57   57   57   56
    77.5-180.0 180.0   5.0 450.0                            LAT/LON1/LON2/DLON/H
   61   60   59   58   58   59   60   60   61   62   64   67   67   68   68   69
   67   64   61   58   53   48   46   42   38   36   33   32   30   29   29   28
   28   28   28   29   30   30   30   29   30   30   30   30   30   29   29   29
   29   30   30   32   33   35   36   38   40   42   45   47   49   52   54   56
   58   60   61   62   63   63   63   62   61
    75.0-180.0 180.0   5.0 450.0                            LAT/LON1/LON2/DLON/H
   69   67   66   65   64   63   63   64   66   67   69   71   72   74   74   73
   71   66   64   58   53   50   44   38   35   32   30   27   26   25   25   24
   24   25   25   27   27   27   27   27   26   26   25   25   25   24   24   24
   24   24   24   26   27   29   31   34   37   40   43   46   49   53   56   59
   62   64   66   69   70   71   71   70   69
    72.5-180.0 180.0   5.0 450.0                            LAT/LON1/LON2/DLON/H
   80   78   76   73   70   68   68   68   70   71   72   73   75   75   76   75
   72   68   63   58   50   47   41   35   31   29   26   25   24   23   23   23
   23   24   24   24   24   24   23   23   22   22   21   20   20   19   18   18
   18   18   19   21   23   25   27   31   34   37   41   45   49   53   57   61
   65   69   72   76   78   80   81   81   80
    70.0-180.0 180.0   5.0 450.0                            LAT/LON1/LON2/DLON/H
   91   90   86   83   78   75   73   72   73   73   74   75   75   76   76   74
   71   66   60   54   50   45   39   34   31   28   25   25   23   23   22   22
   22   23   23   22   22   21   21   20   19   18   18   17   16   15   15   15
   15   16   16   18   20   22   25   28   32   36   40   45   49   54   59   64
   68   72   77   82   85   88   91   92   91
    67.5-180.0 180.0   5.0 450.0                            LAT/LON1/LON2/DLON/H
  101   99   96   92   87   82   77   75   74   74   75   75   75   76   75   72
   68   63   57   52   48   44   39   35   32   30   27   26   25   25   24   23
   23   22   22   21   20   20   20   18   18   16   16   16   15   15   14   14
   15   15   16   18   19   22   25   28   33   38   42   47   52   57   61   66
   71   75   81   85   90   95   98  101  101
    65.0-180.0 180.0   5.0 450.0                            LAT/LON1/LON2/DLON/H
  107  105  103   97   92   86   81   77   75   74   75   75   76   75   73   71
   68   63   57   53   49   46   42   38   36   34   32   30   29   28   27   26
   24   23   22   20   19   18   18   18   17   17   17   17   18   18   18   18
   18   18   18   19   21   24   27   32   36   41   47   52   57   62   66   70
   75   78   83   88   93   98  102  106  107
    62.5-180.0 180.0   5.0 450.0                            LAT/LON1/LON2/DLON/H
  109  107  105  100   95   89   84   79   76   74   74   75   76   75   74   72
   69   65   61   56   53   50   48   45   43   41   37   36   34   33   31   29
   27   24   22   20   19   18   18   19   19   20   21   22   24   25   26   25
   24   23   23   23   25   28   32   37   42   48   53   58   63   68   72   76
   79   82   86   90   93   98  103  106  109
    60.0-180.0 180.0   5.0 450.0                            LAT/LON1/LON2/DLON/H
  107  106  105  101   97   92   86   81   77   75   75   77   76   76   76   74
   72   69   67   64   61   59   58   54   52   50   45   43   40   37   35   32
   30   27   24   22   22   21   22   23   25   27   29   32   34   36   36   35
   34   32   30   29   30   33   37   42   48   55   61   67   71   77   80   83
   85   87   89   91   94   98  102  105  107
    57.5-180.0 180.0   5.0 450.0                            LAT/LON1/LON2/DLON/H
  106  106  105  103  100   94   91   85   80   78   77   79   79   80   80   79
   78   76   74   72   70   69   67   65   62   59   54   50   45   41   39   36
   33   30   28   28   27   27   29   32   34   37   41   44   46   48   48   47
   45   42   38   36   36   38   43   48   55   62   69   76   81   86   89   91
   92   93   94   95   97   99  101  104  106
    55.0-180.0 180.0   5.0 450.0                            LAT/LON1/LON2/DLON/H
  109  109  108  106  104   99   95   90   86   83   83   83   85   85   86   85
   83   82   80   79   79   77   76   75   72   68   62   58   52   47   44   42
   39   36   36   36   36   37   40   43   45   50   54   57   59   61   60   58
   56   51   46   42   41   43   47   54   61   69   76   84   90   94   97   98
   99  100  101  101  103  104  105  106  109
    52.5-180.0 180.0   5.0 450.0                            LAT/LON1/LON2/DLON/H
  116  116  115  114  110  106  102   98   93   91   90   90   91   91   92   92
   90   88   87   85   85   84   84   84   81   77   71   66   60   55   51   49
   46   44   45   46   48   49   52   55   59   63   67   69   71   72   71   69
   65   60   54   50   47   48   53   59   67   76   84   91   97  101  103  105
  107  108  109  111  112  112  113  115  116
    50.0-180.0 180.0   5.0 450.0                            LAT/LON1/LON2/DLON/H
  129  128  127  124  120  116  111  107  103  101   99   98   98   98   98   98
   97   94   91   90   90   89   90   91   89   86   80   75   69   63   60   57
   55   55   56   58   60   62   64   68   71   74   77   80   81   81   80   78
   74   69   63   57   54   53   58   65   74   83   91   98  103  106  109  111
  113  116  119  122  124  126  127  128  129
    47.5-180.0 180.0   5.0 450.0                            LAT/LON1/LON2/DLON/H
  146  145  142  138  133  128  123  119  116  114  111  109  107  105  104  104
  102   98   95   93   93   94   96   98   98   95   91   85   79   74   70   67
   66   66   68   69   71   72   74   76   79   82   85   87   88   88   88   86
   83   78   72   66   60   59   63   70   80   89   97  104  109  111  114  116
  119  124  130  134  138  141  145  146  146
    45.0-180.0 180.0   5.0 450.0                            LAT/LON1/LON2/DLON/H
  167  165  161  155  148  142  136  132  129  127  124  121  117  113  111  110
  107  103   99   97   96   98  102  105  106  105  101   95   90   85   79   76
   76   76   77   79   80   81   82   83   85   87   89   91   92   92   93   93
   91   87   82   74   68   67   70   78   87   97  105  111  114  116  119  121
  125  130  138  145  151  157  163  167  167
    42.5-180.0 180.0   5.0 450.0                            LAT/LON1/LON2/DLON/H
  189  186  180  172  165  156  148  143  140  138  136  132  127  122  120  118
  114  109  104  100  101  103  108  113  115  114  110  104   98   92   87   84
   83   83   84   86   86   86   85   86   87   89   91   93   94   95   97   98
   98   96   91   85   78   76   78   87   97  107  114  119  121  123  125  127
  131  136  144  152  161  170  180  186  189
    40.0-180.0 180.0   5.0 450.0                            LAT/LON1/LON2/DLON/H
  211  210  200  188  178  167  157  151  148  147  146  143  138  134  131  128
  123  117  110  107  107  110  116  121  123  121  116  109  102   96   92   88
   87   88   89   90   89   87   86   86   87   89   92   94   95   97   99  102
  105  104  100   94   87   85   87   96  106  116  123  127  129  130  131  134
  137  143  149  158  168  180  194  206  211
    37.5-180.0 180.0   5.0 450.0                            LAT/LON1/LON2/DLON/H
  231  233  221  205  190  176  164  156  154  154  155  153  150  147  144  140
  134  126  118  115  115  118  124  128  128  125  118  110  104   98   94   92
   90   91   92   92   91   88   86   86   87   90   92   94   96   97  101  105
  108  109  106   99   94   91   95  103  114  124  131  135  137  138  139  142
  145  150  156  163  173  186  204  222  231
    35.0-180.0 180.0   5.0 450.0                            LAT/LON1/LON2/DLON/H
  250  253  243  224  204  185  170  160  159  162  165  164  165  161  159  154
  146  138  129  125  124  128  132  133  131  125  116  108  101   97   94   92
   92   94   94   93   92   89   87   87   88   91   94   95   96   98  101  104
  108  110  106  100   94   94   99  108  120  130  137  141  143  146  147  152
  155  160  165  171  181  194  213  235  250
    32.5-180.0 180.0   5.0 450.0                            LAT/LON1/LON2/DLON/H
  268  276  268  248  219  196  177  165  164  169  173  177  177  178  176  171
  160  149  139  135  134  135  136  135  129  121  110  101   95   93   93   93
   95   97   98   97   96   93   91   90   92   95   97   97   97   97   98  100
  103  104  102   96   92   94  101  113  126  135  140  144  147  151  156  163
  168  173  178  186  195  208  226  249  268
    30.0-180.0 180.0   5.0 450.0                            LAT/LON1/LON2/DLON/H
  292  303  299  280  247  215  190  175  172  174  180  186  191  194  193  186
  174  161  149  144  140  138  139  135  126  114  103   91   87   91   95   98
  100  102  104  104  103  100   97   97   99  101  101  100   98   95   93   93
   94   96   94   90   88   92  102  116  129  137  141  145  150  156  165  175
  184  191  198  207  218  231  249  273  292
    27.5-180.0 180.0   5.0 450.0                            LAT/LON1/LON2/DLON/H
  325  338  337  321  288  248  215  193  184  184  189  194  201  209  207  200
  186  170  156  150  144  140  141  135  123  109   97   88   88   96  102  107
  111  113  116  116  114  110  106  106  107  108  107  103   98   92   88   85
   84   84   83   81   82   89  102  116  129  136  141  145  151  160  173  187
  202  212  223  235  248  262  281  304  325
    25.0-180.0 180.0   5.0 450.0                            LAT/LON1/LON2/DLON/H
  371  382  387  372  339  295  255  224  207  202  202  204  210  220  218  209
  196  179  162  153  147  145  144  136  123  110  100   96  103  111  117  121
  125  128  131  131  129  123  121  119  117  115  112  106   98   89   83   78
   75   73   72   72   76   86  100  115  127  135  139  144  151  162  179  198
  218  235  254  269  286  302  318  345  371
    22.5-180.0 180.0   5.0 450.0                            LAT/LON1/LON2/DLON/H
  418  434  438  431  398  357  312  270  242  230  223  220  221  228  227  215
  202  185  168  156  149  148  147  141  131  120  114  114  126  133  138  140
  143  147  151  150  145  139  137  132  127  122  115  106   97   87   78   71
   66   63   62   64   68   81   97  113  126  134  139  146  154  167  185  209
  235  260  287  307  329  347  363  387  418
    20.0-180.0 180.0   5.0 450.0                            LAT/LON1/LON2/DLON/H
  450  475  489  491  464  420  371  328  292  268  251  242  236  236  235  224
  208  193  176  162  153  153  153  150  145  139  135  141  153  159  160  159
  162  169  171  166  160  151  146  140  132  125  116  104   93   83   73   66
   61   58   56   58   63   77   95  113  127  136  142  151  161  175  195  221
  251  286  318  344  375  391  407  425  450
    17.5-180.0 180.0   5.0 450.0                            LAT/LON1/LON2/DLON/H
  468  498  528  541  519  480  438  396  351  316  289  272  260  254  248  236
  219  205  188  173  165  164  164  165  163  161  161  169  183  185  181  179
  183  189  184  173  164  154  147  140  133  125  113  100   89   78   70   63
   59   56   54   55   61   75   95  115  131  140  149  160  172  188  208  234
  267  306  342  373  401  419  435  449  468
    15.0-180.0 180.0   5.0 450.0                            LAT/LON1/LON2/DLON/H
  466  500  542  564  555  529  496  457  410  367  334  310  293  284  273  259
  238  226  209  194  183  181  181  182  184  184  184  194  205  207  198  194
  200  196  185  169  159  149  143  135  130  122  110   97   85   74   67   62
   59   57   55   56   61   75   96  117  134  147  158  172  187  204  224  249
  283  321  354  384  403  419  435  447  466
    12.5-180.0 180.0   5.0 450.0                            LAT/LON1/LON2/DLON/H
  444  481  521  555  563  551  531  498  459  416  380  351  327  318  304  287
  269  257  239  222  207  202  201  202  206  206  205  209  214  216  207  204
  206  198  183  165  154  144  136  129  124  118  106   92   81   72   66   62
   61   59   56   56   61   74   95  118  138  154  167  183  202  221  240  264
  296  332  358  377  391  402  412  424  444
    10.0-180.0 180.0   5.0 450.0                            LAT/LON1/LON2/DLON/H
  409  443  485  524  545  545  533  516  489  451  422  389  363  349  336  320
  306  295  277  257  237  227  224  224  225  220  215  212  206  206  204  207
  208  197  183  165  152  141  130  121  117  111  100   88   79   71   65   63
   61   60   58   57   60   71   92  117  139  158  174  193  214  235  256  279
  308  338  358  369  375  380  384  391  409
     7.5-180.0 180.0   5.0 450.0                            LAT/LON1/LON2/DLON/H
  378  406  446  484  509  516  516  510  496  472  446  420  396  377  364  352
  342  334  318  298  271  254  246  243  239  225  212  200  187  184  190  201
  208  200  187  168  155  139  127  118  110  104   95   86   77   71   66   62
   61   59   56   55   57   68   88  113  137  159  178  199  221  244  268  291
  315  340  355  361  362  360  361  364  378
     5.0-180.0 180.0   5.0 450.0                            LAT/LON1/LON2/DLON/H
  359  380  413  447  472  483  487  488  482  471  457  439  419  401  387  378
  374  370  356  335  304  281  266  256  244  221  198  181  168  164  173  191
  205  203  192  174  160  141  130  117  106   99   91   83   76   70   65   61
   58   56   53   51   52   63   83  109  135  157  177  198  221  246  272  297
  320  340  353  357  355  350  347  348  359
     2.5-180.0 180.0   5.0 450.0                            LAT/LON1/LON2/DLON/H
  354  369  392  420  442  452  456  457  455  453  449  439  427  413  401  394
  395  393  382  360  328  302  285  265  243  212  184  168  156  154  163  181
  201  207  199  180  165  146  132  117  107   97   88   81   74   69   64   59
   54   51   49   46   47   58   79  106  131  151  170  190  213  240  269  295
  321  342  357  361  359  354  349  348  354
