data/IONEX/CVBB3160.21i
     1.0            IONOSPHERE MAPS     MIX                 IONEX VERSION / TYPE
cmpcmb v1.2          GRL/UWM             6-dec-21 18:41     PGM / RUN BY / DATE 
ionex file containing IGS COMBINED Ionosphere maps          COMMENT             
global ionosphere maps for day 316, 2021                    DESCRIPTION         
IONEX file containing the COMBINED IGS TEC MAPS and DCBs    DESCRIPTION         
      IONEX files of the following IAACs were combined: cod DESCRIPTION         
                                                        esa DESCRIPTION         
                                                        jpl DESCRIPTION         
                                                        upc DESCRIPTION         
Contact address: Andrzej Krankowski                         DESCRIPTION
                 Geodynamics Research Laboratory            DESCRIPTION
                 University of Warmia and Mazury (GRL/UWM)  DESCRIPTION
                 Oczapowski St. 1                           DESCRIPTION
                 10-957-Olsztyn, POLAND                     DESCRIPTION
                 e-mail:  kand@uwm.edu.pl                   DESCRIPTION
                                                            DESCRIPTION         
  2021    11    12     0     0     0                        EPOCH OF FIRST MAP  
  2021    11    13     0     0     0                        EPOCH OF LAST MAP   
  7200                                                      INTERVAL            
    13                                                      # OF MAPS IN FILE   
  COSZ                                                      MAPPING FUNCTION    
     0.0                                                    ELEVATION CUTOFF    
combined TEC calculated as weighted mean of input TEC valuesOBSERVABLES USED    
   353                                                      # OF STATIONS       
    32                                                      # OF SATELLITES     
  6371.0                                                    BASE RADIUS         
     2                                                      MAP DIMENSION       
   450.0 450.0   0.0                                        HGT1 / HGT2 / DHGT  
    87.5 -87.5  -2.5                                        LAT1 / LAT2 / DLAT  
  -180.0 180.0   5.0                                        LON1 / LON2 / DLON  
    -1                                                      EXPONENT            
TEC values in 0.1 tec units;  9999, if no value available   COMMENT             
DCB values in nanoseconds, reference is Sum_of_SatDCBs = 0  COMMENT             
                                                            END OF HEADER       
[from data line 429]
     2                                                      START OF TEC MAP    
  2021    11    12     2     0     0                        EPOCH OF CURRENT MAP
    87.5-180.0 180.0   5.0 450.0                            LAT/LON1/LON2/DLON/H
   31   31   31   31   31   31   31   31   31   31   30   30   30   29   29   28
   27   26   26   25   25   24   23   23   22   22   21   21   20   20   20   20
   20   20   20   20   20   20   20   20   21   21   21   22   22   23   23   24
   24   24   25   26   26   27   27   27   27   28   28   29   29   29   29   29
   30   30   30   30   30   31   31   31   31
    85.0-180.0 180.0   5.0 450.0                            LAT/LON1/LON2/DLON/H
   37   37   37   37   36   37   36   36   36   35   35   35   34   33   32   31
   31   29   28   27   26   24   22   21   19   19   18   17   16   15   15   15
   15   15   15   16   16   17   18   19   19   20   21   21   22   23   24   24
   24   25   26   26   27   28   28   29   30   31   31   32   33   33   33   34
   35   36   36   37   37   37   37   38   37
    82.5-180.0 180.0   5.0 450.0                            LAT/LON1/LON2/DLON/H
   43   43   42   41   41   41   40   40   40   40   39   39   39   39   38   37
   36   34   32   29   28   25   23   21   20   17   16   15   14   13   12   12
   12   12   12   13   14   15   17   18   20   21   22   23   24   25   26   26
   26   26   27   27   28   28   29   31   32   33   34   36   37   38   39   40
   42   43   43   44   44   44   44   43   43
    80.0-180.0 180.0   5.0 450.0                            LAT/LON1/LON2/DLON/H
   48   46   45   44   43   42   42   42   42   42   43   43   43   44   44   43
   42   41   39   37   34   30   25   22   20   18   16   15   13   12   12   12
   12   12   13   13   15   16   18   20   22   23   24   25   26   27   27   27
   27   27   27   27   28   28   30   31   33   34   37   39   41   43   45   47
   49   50   50   50   51   50   50   49   48
    77.5-180.0 180.0   5.0 450.0                            LAT/LON1/LON2/DLON/H
   54   52   49   48   46   44   42   42   42   44   45   46   47   48   49   50
   49   47   45   42   38   34   30   26   23   19   16   15   13   13   12   12
   13   14   15   17   18   19   21   23   24   26   27   27   28   29   28   28
   27   27   26   26   26   27   28   30   32   35   38   41   44   47   50   53
   56   57   58   59   59   58   57   56   54
    75.0-180.0 180.0   5.0 450.0                            LAT/LON1/LON2/DLON/H
   61   58   55   51   48   45   42   42   43   45   46   48   50   52   54   54
   54   53   50   47   43   38   33   29   25   22   20   18   16   16   16   16
   17   18   20   21   23   24   25   26   27   28   29   29   29   29   28   27
   26   25   24   24   24   25   26   28   32   35   39   43   47   51   55   59
   62   65   66   67   68   67   66   64   61
    72.5-180.0 180.0   5.0 450.0                            LAT/LON1/LON2/DLON/H
   71   66   62   57   52   48   44   43   42   43   45   47   51   53   54   56
   56   55   53   49   46   41   36   32   29   26   23   22   21   21   21   22
   23   24   24   25   27   28   28   28   29   29   29   29   28   27   26   24
   22   22   21   21   22   23   25   28   32   37   42   46   52   56   60   64
   69   72   74   76   77   77   77   74   71
    70.0-180.0 180.0   5.0 450.0                            LAT/LON1/LON2/DLON/H
   81   76   70   64   59   53   48   44   42   41   43   46   47   50   53   55
   55   55   53   51   47   42   38   35   32   30   28   26   25   26   26   27
   28   28   29   29   29   29   29   28   28   27   25   25   24   23   22   21
   19   19   18   19   20   22   26   29   35   40   46   51   57   61   66   71
   75   78   82   85   86   88   87   85   81
    67.5-180.0 180.0   5.0 450.0                            LAT/LON1/LON2/DLON/H
   91   87   80   74   66   59   53   47   44   41   41   41   43   45   49   50
   50   51   50   49   46   43   40   38   34   32   31   29   28   29   29   30
   30   30   31   30   29   27   25   25   23   21   20   19   18   19   18   18
   17   16   17   18   21   24   28   34   40   47   53   59   64   69   73   77
   81   85   88   92   95   96   96   95   91
    65.0-180.0 180.0   5.0 450.0                            LAT/LON1/LON2/DLON/H
  100   96   90   82   74   67   60   52   48   43   40   39   38   40   42   43
   44   45   45   46   44   42   41   38   36   34   33   31   30   31   31   31
   31   30   29   29   26   24   22   20   18   16   15   14   14   15   16   16
   16   16   17   20   23   28   34   42   49   56   63   68   73   77   80   83
   86   90   94   98  100  103  103  103  100
    62.5-180.0 180.0   5.0 450.0                            LAT/LON1/LON2/DLON/H
  105  102   97   90   82   74   66   59   52   46   41   38   35   34   35   35
   37   39   40   41   42   41   39   38   36   34   33   31   30   31   30   29
   28   27   26   25   24   22   20   18   16   14   13   13   14   15   16   17
   18   19   21   24   29   35   42   51   59   67   73   78   82   85   86   89
   91   94   98  101  104  106  107  107  105
    60.0-180.0 180.0   5.0 450.0                            LAT/LON1/LON2/DLON/H
  107  105  102   96   88   80   73   65   57   51   45   39   35   32   31   31
   32   35   36   39   39   39   38   36   35   33   32   31   30   29   29   27
   25   24   24   24   23   22   21   20   18   17   16   16   17   19   20   21
   22   23   26   30   35   42   51   60   69   76   82   87   90   92   92   94
   96   99  103  105  107  109  109  108  107
    57.5-180.0 180.0   5.0 450.0                            LAT/LON1/LON2/DLON/H
  107  106  103   99   93   86   78   70   63   55   48   42   36   33   30   30
   30   32   34   37   38   37   36   34   33   32   31   31   30   29   28   27
   25   24   24   24   24   24   25   25   25   24   24   24   25   26   27   28
   28   29   32   37   43   50   59   68   77   85   90   94   96   97   98  100
  102  104  108  109  111  110  110  108  107
    55.0-180.0 180.0   5.0 450.0                            LAT/LON1/LON2/DLON/H
  108  106  104  102   97   89   81   74   67   59   52   46   40   35   32   31
   31   33   35   36   36   36   35   33   32   32   31   31   32   31   30   28
   27   27   28   28   29   31   33   35   35   35   35   35   35   35   36   35
   35   36   39   44   51   58   67   75   83   90   95   98  100  102  103  105
  108  111  114  116  116  114  111  109  108
    52.5-180.0 180.0   5.0 450.0                            LAT/LON1/LON2/DLON/H
  110  109  108  105  101   94   87   79   71   64   57   50   44   39   35   34
   34   35   37   37   37   36   34   33   32   32   33   35   36   36   35   33
   32   32   34   35   37   41   44   46   47   48   49   48   47   45   45   44
   43   44   48   53   59   66   74   81   88   95   98  102  104  107  109  111
  115  118  122  124  123  119  116  112  110
    50.0-180.0 180.0   5.0 450.0                            LAT/LON1/LON2/DLON/H
  116  115  114  112  108  102   93   84   76   69   61   54   48   43   40   38
   38   38   39   39   38   37   35   35   36   37   38   41   43   44   44   41
   40   41   43   44   47   51   54   57   59   60   60   60   58   56   53   52
   52   54   57   62   68   74   80   87   93   99  102  106  108  111  114  117
  122  127  131  133  131  128  123  119  116
    47.5-180.0 180.0   5.0 450.0                            LAT/LON1/LON2/DLON/H
  127  125  123  122  118  110  102   92   82   73   66   59   53   48   44   42
   42   42   42   42   41   40   39   40   43   45   47   51   54   55   55   53
   52   52   53   54   57   60   64   66   68   70   70   69   67   65   62   61
   60   62   67   71   77   84   88   94   99  104  107  111  114  116  119  124
  129  136  140  142  141  137  133  130  127
    45.0-180.0 180.0   5.0 450.0                            LAT/LON1/LON2/DLON/H
  139  137  135  133  128  121  111  100   88   78   70   64   58   53   49   47
   47   46   46   46   45   45   46   48   52   56   59   63   65   66   66   63
   63   63   63   63   65   67   69   72   74   76   77   76   73   71   69   68
   69   71   75   82   88   94   99  103  107  111  114  117  120  122  125  129
  135  142  147  150  150  147  144  141  139
    42.5-180.0 180.0   5.0 450.0                            LAT/LON1/LON2/DLON/H
  150  149  147  144  138  131  120  108   95   84   75   68   63   58   54   53
   51   51   52   52   52   53   55   58   62   67   71   74   74   75   75   74
   72   72   71   70   70   71   73   75   78   80   81   80   79   76   74   74
   76   79   85   93  100  106  109  113  116  119  123  126  128  129  131  135
  139  144  149  154  155  154  153  151  150
    40.0-180.0 180.0   5.0 450.0                            LAT/LON1/LON2/DLON/H
  159  158  156  151  145  139  129  116  102   90   80   73   67   63   59   58
   56   56   57   58   60   62   65   69   73   77   81   82   81   81   81   80
   80   78   76   74   73   73   74   76   78   81   83   84   83   81   79   79
   81   86   93  102  110  115  119  123  126  128  132  135  137  137  137  139
  141  144  148  153  156  158  159  160  159
    37.5-180.0 180.0   5.0 450.0                            LAT/LON1/LON2/DLON/H
  166  165  160  155  149  142  134  122  108   95   87   79   73   69   65   63
   62   62   63   66   69   72   75   78   82   86   86   86   84   83   82   82
   81   80   78   77   75   74   75   77   80   83   86   87   86   84   83   83
   85   90   98  107  116  122  126  130  134  137  140  144  145  145  143  143
  142  142  145  150  154  159  163  166  166
    35.0-180.0 180.0   5.0 450.0                            LAT/LON1/LON2/DLON/H
  171  169  161  154  148  142  135  124  112  100   93   86   80   75   71   69
   69   69   71   73   76   79   82   84   87   89   88   86   83   82   81   80
   79   79   79   78   77   76   76   79   82   85   88   89   89   87   85   85
   87   92  101  110  118  126  131  136  140  143  147  151  153  152  150  148
  145  143  144  148  153  159  167  173  171
    32.5-180.0 180.0   5.0 450.0                            LAT/LON1/LON2/DLON/H
  180  173  163  153  145  139  133  124  113  103   95   91   86   82   77   75
   75   76   78   80   82   83   84   86   87   87   85   81   79   77   76   76
   76   77   78   79   78   78   79   82   86   89   91   91   90   88   85   85
   86   92  100  109  118  126  133  138  142  146  151  157  160  160  157  155
  152  150  150  152  158  166  176  183  180
    30.0-180.0 180.0   5.0 450.0                            LAT/LON1/LON2/DLON/H
  196  186  171  156  143  136  129  121  112  102   96   94   90   87   83   80
   80   81   82   83   83   81   81   81   81   80   79   76   74   74   73   74
   75   77   79   81   81   80   82   85   90   92   92   91   90   86   83   82
   84   90   99  109  119  127  134  139  144  149  156  163  168  171  170  168
  165  163  165  168  173  182  192  199  196
    27.5-180.0 180.0   5.0 450.0                            LAT/LON1/LON2/DLON/H
  222  209  190  170  152  140  130  120  111  102   97   95   92   89   85   83
   81   83   83   82   80   75   73   73   73   73   74   73   72   73   73   74
   76   77   80   82   82   83   85   88   92   93   92   90   86   83   79   78
   81   89   99  109  119  127  135  142  147  153  162  172  179  185  186  187
  185  185  190  194  200  209  222  227  222
    25.0-180.0 180.0   5.0 450.0                            LAT/LON1/LON2/DLON/H
  263  248  225  198  174  157  142  126  114  104   99   96   92   88   84   81
   80   81   80   77   72   68   65   65   67   70   73   75   76   77   77   79
   79   80   82   84   84   85   87   90   91   91   88   85   81   77   74   74
   78   87   99  110  120  130  138  146  153  161  172  184  194  203  209  211
  214  215  223  230  236  249  261  268  263
    22.5-180.0 180.0   5.0 450.0                            LAT/LON1/LON2/DLON/H
  318  300  279  245  213  188  166  143  125  112  105  100   94   88   82   78
   76   75   74   69   64   61   60   62   68   74   80   85   86   88   87   87
   86   85   86   87   86   87   88   89   89   86   82   78   74   70   68   69
   75   86  100  113  124  134  144  154  164  174  188  202  214  226  235  240
  245  250  264  270  278  292  308  321  318
    20.0-180.0 180.0   5.0 450.0                            LAT/LON1/LON2/DLON/H
  377  365  336  301  264  231  205  173  145  126  116  107   98   90   83   76
   72   69   67   62   59   58   61   68   77   87   95  102  104  104  102   98
   95   93   91   90   88   87   87   86   84   79   74   71   66   62   61   64
   72   87  103  117  129  141  153  167  179  192  209  226  241  254  264  274
  278  286  302  309  320  333  351  371  377
    17.5-180.0 180.0   5.0 450.0                            LAT/LON1/LON2/DLON/H
  422  419  395  363  323  286  249  214  178  151  133  121  108   99   89   79
   72   67   64   61   60   63   70   81   93  105  116  125  128  125  120  111
  105  101   98   93   89   86   84   82   77   71   67   63   59   56   55   61
   72   89  107  123  137  151  166  181  197  214  233  253  270  284  295  304
  309  318  332  342  352  363  379  403  422
    15.0-180.0 180.0   5.0 450.0                            LAT/LON1/LON2/DLON/H
  438  447  433  406  374  340  301  261  217  182  159  142  126  116  104   93
   81   74   69   69   70   78   89  101  114  126  138  151  153  146  138  125
  113  107  102   96   89   85   81   76   69   63   59   56   54   52   53   60
   74   93  112  130  146  162  179  198  216  235  259  281  297  311  321  327
  332  342  353  364  372  375  387  411  438
    12.5-180.0 180.0   5.0 450.0                            LAT/LON1/LON2/DLON/H
  423  443  441  426  408  385  351  309  259  218  190  171  152  141  128  117
  102   93   88   89   92  103  116  127  137  148  161  172  172  160  150  132
  119  111  105   97   90   84   80   73   65   60   56   54   52   51   53   62
   79   99  119  136  154  171  191  212  232  253  278  299  315  329  337  339
  342  350  361  371  372  370  377  395  423
    10.0-180.0 180.0   5.0 450.0                            LAT/LON1/LON2/DLON/H
  392  414  422  420  415  407  384  347  299  256  226  204  185  175  160  149
  135  127  120  121  125  136  147  155  162  168  178  184  180  166  153  133
  121  113  105   98   91   85   79   72   64   59   57   55   54   53   57   67
   84  104  124  141  159  178  198  220  241  264  287  304  319  332  340  341
  341  347  356  361  360  353  356  370  392
     7.5-180.0 180.0   5.0 450.0                            LAT/LON1/LON2/DLON/H
  357  376  391  400  404  406  395  369  328  289  263  238  219  209  198  187
  176  168  161  162  165  175  178  179  178  179  185  189  181  166  151  132
  121  113  105   97   90   85   79   72   66   63   61   60   60   59   63   74
   90  109  127  145  162  181  201  222  243  264  285  302  316  327  334  335
  335  340  347  349  346  337  334  342  357
     5.0-180.0 180.0   5.0 450.0                            LAT/LON1/LON2/DLON/H
  334  348  362  376  386  395  393  376  348  318  292  271  255  243  236  227
  218  212  204  203  203  207  202  192  183  181  185  188  180  162  148  131
  120  111  103   96   89   84   79   74   70   68   68   68   67   67   71   81
   98  115  131  148  165  182  201  221  239  258  278  294  308  319  326  330
  331  336  343  347  342  331  324  325  334
     2.5-180.0 180.0   5.0 450.0                            LAT/LON1/LON2/DLON/H
  333  341  350  364  377  387  388  379  359  337  317  299  283  271  264  259
  252  245  239  235  230  225  211  194  181  178  181  186  179  165  151  132
  118  110  102   94   88   83   79   76   75   74   76   77   76   76   80   91
  108  123  136  150  165  182  200  218  235  250  267  283  298  310  320  327
  331  338  346  353  351  342  331  328  333
