data/IONEX/CVBB2750.21i
     1.0            IONOSPHERE MAPS     MIX                 IONEX VERSION / TYPE
cmpcmb v1.2          GRL/UWM            19-oct-21 04:01     PGM / RUN BY / DATE 
ionex file containing IGS COMBINED Ionosphere maps          COMMENT             
global ionosphere maps for day 275, 2021                    DESCRIPTION         
IONEX file containing the COMBINED IGS TEC MAPS and DCBs    DESCRIPTION         
      IONEX files of the following IAACs were combined: cod DESCRIPTION         
                                                        esa DESCRIPTION         
                                                        jpl DESCRIPTION         
                                                        upc DESCRIPTION         
Contact address: Andrzej Krankowski                         DESCRIPTION
                 Geodynamics Research Laboratory            DESCRIPTION
                 University of Warmia and Mazury (GRL/UWM)  DESCRIPTION
                 Oczapowski St. 1                           DESCRIPTION
                 10-957-Olsztyn, POLAND                     DESCRIPTION
                 e-mail:  kand@uwm.edu.pl                   DESCRIPTION
                                                            DESCRIPTION         
  2021    10     2     0     0     0                        EPOCH OF FIRST MAP  
  2021    10     3     0     0     0                        EPOCH OF LAST MAP   
  7200                                                      INTERVAL            
    13                                                      # OF MAPS IN FILE   
  COSZ                                                      MAPPING FUNCTION    
     0.0                                                    ELEVATION CUTOFF    
combined TEC calculated as weighted mean of input TEC valuesOBSERVABLES USED    
   360                                                      # OF STATIONS       
    32                                                      # OF SATELLITES     
  6371.0                                                    BASE RADIUS         
     2                                                      MAP DIMENSION       
   450.0 450.0   0.0                                        HGT1 / HGT2 / DHGT  
    87.5 -87.5  -2.5                                        LAT1 / LAT2 / DLAT  
  -180.0 180.0   5.0                                        LON1 / LON2 / DLON  
    -1                                                      EXPONENT            
TEC values in 0.1 tec units;  9999, if no value available   COMMENT             
DCB values in nanoseconds, reference is Sum_of_SatDCBs = 0  COMMENT             
                                                            END OF HEADER       
[from data line 3003]
     8                                                      START OF TEC MAP    
  2021    10     2    14     0     0                        EPOCH OF CURRENT MAP
    87.5-180.0 180.0   5.0 450.0                            LAT/LON1/LON2/DLON/H
   94   95   95   95   97   97   98   98   99   99  100  100  101  101  101  101
  101  101  101  101  101  102  102  102  101  102  101  100   99   98   98   97
   95   95   94   92   92   91   91   90   89   89   87   87   86   86   86   85
   85   85   85   85   85   86   86   86   87   87   87   87   88   88   88   89
   89   90   90   91   91   92   93   94   94
    85.0-180.0 180.0   5.0 450.0                            LAT/LON1/LON2/DLON/H
   89   90   91   91   91   92   91   92   93   95   96   96   99  100  101  103
  104  106  107  107  107  108  107  108  107  106  105  103  103  101   99   98
   96   94   92   90   88   87   86   84   83   82   81   80   79   78   77   76
   75   75   75   75   75   75   76   78   79   80   80   81   82   82   83   83
   84   84   85   86   86   87   88   89   89
    82.5-180.0 180.0   5.0 450.0                            LAT/LON1/LON2/DLON/H
   81   81   81   81   81   81   82   83   84   85   86   87   88   90   91   92
   95   98  103  105  110  110  110  110  109  109  108  105  104  102  100   98
   96   93   91   90   88   85   83   80   78   75   74   72   71   70   69   68
   67   67   67   66   67   67   69   70   72   73   75   75   76   76   77   77
   78   78   79   80   80   80   80   81   81
    80.0-180.0 180.0   5.0 450.0                            LAT/LON1/LON2/DLON/H
   73   73   72   72   72   72   72   72   72   72   74   75   77   79   82   84
   87   89   91   95   99  100  108  110  111  111  109  108  105  102  100   97
   94   91   88   86   83   81   79   76   74   72   70   67   65   64   63   63
   62   61   61   62   62   63   64   65   67   68   69   71   71   72   72   73
   73   74   74   74   74   73   74   73   73
    77.5-180.0 180.0   5.0 450.0                            LAT/LON1/LON2/DLON/H
   67   66   66   65   65   64   64   65   64   65   66   67   68   70   72   75
   78   82   86   92   96  102  109  112  109  111  110  108  106  103  102  100
   97   94   91   87   85   82   79   76   73   70   68   66   64   62   61   61
   60   60   60   60   60   61   62   63   65   66   67   68   69   69   69   70
   70   71   70   70   70   69   69   68   67
    75.0-180.0 180.0   5.0 450.0                            LAT/LON1/LON2/DLON/H
   64   63   63   61   62   61   61   61   61   60   60   60   61   62   64   67
   71   77   82   87   90   98  106  112  113  113  113  113  112  107  106  103
  101   99   96   93   90   87   85   81   77   73   71   69   67   66   64   63
   63   62   62   63   63   63   64   64   65   65   66   67   67   68   68   68
   69   69   69   68   67   67   66   64   64
    72.5-180.0 180.0   5.0 450.0                            LAT/LON1/LON2/DLON/H
   63   63   63   63   63   63   62   62   61   60   60   59   59   59   61   63
   66   70   75   79   87   94  103  110  113  115  116  117  116  117  114  111
  110  107  104  101   98   96   92   90   87   82   79   76   74   72   71   70
   69   68   68   68   68   68   67   67   67   66   66   67   66   66   66   66
   67   68   67   67   66   66   64   64   63
    70.0-180.0 180.0   5.0 450.0                            LAT/LON1/LON2/DLON/H
   64   65   65   66   66   66   66   65   64   64   62   62   60   61   61   61
   63   67   71   76   84   91  101  108  112  119  124  126  126  125  126  124
  121  119  116  113  109  106  103   99   95   92   88   85   83   81   80   78
   77   76   76   75   74   73   72   70   69   67   66   65   64   64   63   64
   65   66   66   66   66   65   65   64   64
    67.5-180.0 180.0   5.0 450.0                            LAT/LON1/LON2/DLON/H
   65   68   69   70   70   71   70   70   70   69   68   66   65   65   64   64
   65   67   71   76   82   89   99  106  113  122  130  137  138  140  142  140
  137  135  133  128  123  119  115  110  104  100   97   93   91   90   89   88
   86   85   84   82   80   77   75   72   69   66   64   62   60   59   60   61
   62   63   64   65   65   65   65   65   65
    65.0-180.0 180.0   5.0 450.0                            LAT/LON1/LON2/DLON/H
   68   71   73   73   73   74   74   74   74   74   73   72   71   70   69   69
   69   71   73   76   81   87   96  104  113  123  134  144  148  154  158  157
  156  156  152  147  142  134  128  121  115  109  105  102  100   98   97   95
   94   92   90   87   84   80   76   72   68   65   61   58   56   55   55   56
   58   60   61   63   65   65   66   67   68
    62.5-180.0 180.0   5.0 450.0                            LAT/LON1/LON2/DLON/H
   68   70   72   75   75   74   74   75   74   75   74   75   75   75   75   74
   74   74   75   77   81   86   94  102  111  123  135  147  155  164  171  175
  176  176  172  167  160  152  142  134  126  120  114  110  107  106  104  101
   99   96   93   89   85   81   76   72   67   63   58   55   52   51   51   52
   54   55   57   60   62   63   64   65   68
    60.0-180.0 180.0   5.0 450.0                            LAT/LON1/LON2/DLON/H
   64   66   68   70   70   70   69   70   69   70   71   73   75   77   78   78
   77   77   77   78   81   85   92  102  111  123  136  149  160  171  182  190
  193  193  191  186  178  169  158  147  138  130  123  118  115  112  109  106
  103   98   94   89   85   81   76   72   67   63   58   54   51   50   50   50
   50   52   54   56   58   60   61   62   64
    57.5-180.0 180.0   5.0 450.0                            LAT/LON1/LON2/DLON/H
   59   60   61   62   63   62   61   61   61   62   63   67   71   75   76   78
   77   77   77   78   80   85   93  103  113  124  139  154  166  179  193  202
  209  209  207  203  195  185  173  163  151  142  134  127  123  118  115  111
  106  100   95   90   86   83   79   75   71   66   62   58   54   53   51   50
   51   51   52   54   55   56   57   58   59
    55.0-180.0 180.0   5.0 450.0                            LAT/LON1/LON2/DLON/H
   55   56   56   57   57   56   54   52   52   51   54   58   64   69   72   75
   76   76   77   78   81   86   96  105  115  129  145  160  174  189  202  214
  221  222  221  218  211  202  192  180  169  157  148  140  133  128  121  117
  110  105  100   95   91   88   85   82   78   74   69   66   62   60   58   55
   54   53   53   53   54   54   54   55   55
    52.5-180.0 180.0   5.0 450.0                            LAT/LON1/LON2/DLON/H
   53   54   54   54   53   51   48   46   44   42   44   50   56   62   68   72
   74   76   78   81   86   92  102  111  123  137  152  168  183  199  212  223
  230  233  232  231  227  220  211  201  188  178  166  155  147  141  134  126
  119  113  109  105  101   98   96   92   89   86   81   78   74   71   68   65
   61   59   57   55   55   54   53   53   53
    50.0-180.0 180.0   5.0 450.0                            LAT/LON1/LON2/DLON/H
   55   55   55   54   52   50   47   45   42   38   39   45   51   58   64   70
   74   79   82   87   93  101  111  121  133  147  162  178  193  209  222  230
  237  240  241  242  240  237  231  221  210  199  188  175  166  157  149  141
  133  125  120  117  113  110  108  104  102   98   95   92   89   85   82   77
   72   68   65   61   59   58   56   55   55
    47.5-180.0 180.0   5.0 450.0                            LAT/LON1/LON2/DLON/H
   60   60   59   57   55   52   49   47   43   40   40   44   51   58   65   71
   78   83   89   95  103  112  123  134  146  159  173  187  203  216  229  237
  242  246  249  252  253  252  248  242  233  223  211  198  188  178  168  158
  149  140  133  130  125  122  119  116  113  110  107  105  102   99   95   89
   83   77   74   70   68   65   63   61   60
    45.0-180.0 180.0   5.0 450.0                            LAT/LON1/LON2/DLON/H
   67   66   65   63   61   58   55   54   51   46   45   48   55   63   70   77
   84   91   99  106  115  125  138  148  161  172  184  198  212  223  234  242
  247  251  256  261  265  267  266  261  256  247  235  224  213  202  189  177
  166  156  147  142  137  133  129  124  121  117  114  112  111  109  105  100
   94   87   83   79   77   75   72   69   67
    42.5-180.0 180.0   5.0 450.0                            LAT/LON1/LON2/DLON/H
   75   74   73   72   69   67   65   64   62   56   55   59   64   71   79   88
   95  103  110  119  128  138  151  162  173  183  193  206  220  229  237  245
  250  256  263  270  277  281  281  278  274  267  259  248  239  227  212  198
  184  172  160  153  146  141  134  128  123  118  115  113  114  112  109  105
  100   95   92   88   86   82   79   77   75
    40.0-180.0 180.0   5.0 450.0                            LAT/LON1/LON2/DLON/H
   81   80   79   79   77   76   75   75   74   69   68   71   77   83   92  101
  109  117  124  132  141  151  162  172  182  192  202  214  225  234  243  250
  256  264  272  282  289  294  294  292  291  287  279  270  262  251  236  220
  203  187  172  162  152  144  136  128  121  115  112  111  111  111  109  106
  102   98   96   93   91   88   85   82   81
    37.5-180.0 180.0   5.0 450.0                            LAT/LON1/LON2/DLON/H
   83   82   83   83   83   83   83   84   85   84   84   86   91   98  106  116
  125  132  138  145  152  160  170  179  189  198  207  219  230  239  249  258
  265  275  285  295  302  305  305  304  304  302  296  289  283  272  260  241
  221  202  184  169  156  145  134  125  117  110  106  105  106  107  106  104
  101   98   97   94   93   90   86   84   83
    35.0-180.0 180.0   5.0 450.0                            LAT/LON1/LON2/DLON/H
   81   81   82   83   84   85   87   89   92   94   97  100  105  112  122  131
  140  146  150  156  160  167  175  183  192  201  209  221  234  244  256  267
  278  290  301  310  316  318  317  316  316  314  313  308  303  293  283  264
  240  219  197  177  161  148  136  125  115  109  104  101  102  103  103  102
  101   99   97   95   92   88   85   83   81
    32.5-180.0 180.0   5.0 450.0                            LAT/LON1/LON2/DLON/H
   78   77   78   79   81   82   83   87   93   98  103  109  116  125  135  146
  154  159  162  164  166  170  177  184  192  203  210  223  237  249  264  279
  294  307  318  327  330  331  330  330  330  327  327  326  321  314  307  287
  263  239  214  190  171  157  145  133  122  115  109  105  104  104  104  105
  104  102  100   97   92   87   83   80   78
    30.0-180.0 180.0   5.0 450.0                            LAT/LON1/LON2/DLON/H
   75   75   75   75   75   76   77   81   87   93  103  111  121  133  146  157
  164  168  170  171  169  171  178  185  191  203  213  226  242  257  275  293
  311  326  337  345  345  342  342  344  346  348  345  344  340  337  332  319
  291  263  235  209  191  177  165  153  142  132  123  118  115  113  114  114
  114  112  108  103   97   89   83   79   75
    27.5-180.0 180.0   5.0 450.0                            LAT/LON1/LON2/DLON/H
   76   73   72   71   70   69   69   72   77   85   95  108  120  135  151  162
  170  174  175  173  171  172  178  185  192  206  218  233  251  269  290  312
  331  347  356  364  360  354  357  365  365  368  363  361  361  363  363  353
  327  294  261  236  218  205  192  181  170  159  147  140  135  132  131  131
  131  129  123  114  105   95   87   81   76
    25.0-180.0 180.0   5.0 450.0                            LAT/LON1/LON2/DLON/H
   80   76   73   69   66   64   63   65   68   75   86   99  114  132  150  163
  171  176  175  173  172  173  178  186  196  210  226  243  262  285  308  332
  354  371  375  378  375  371  372  385  383  388  382  382  385  393  397  388
  362  327  292  269  253  236  224  214  203  190  178  169  162  157  155  156
  154  151  144  132  119  106   95   87   80
    22.5-180.0 180.0   5.0 450.0                            LAT/LON1/LON2/DLON/H
   88   82   78   73   67   63   60   60   62   67   76   89  106  127  146  161
  171  175  175  173  173  176  182  192  205  221  239  257  278  305  331  355
  380  394  396  390  389  384  387  399  400  407  404  407  414  423  431  424
  397  361  325  303  288  269  257  249  238  224  211  199  193  187  182  183
  180  176  168  152  134  119  107   96   88
    20.0-180.0 180.0   5.0 450.0                            LAT/LON1/LON2/DLON/H
   98   92   85   78   71   64   60   59   59   61   69   81   99  122  143  159
  167  172  173  174  176  181  190  204  221  240  259  278  300  329  357  382
  404  413  409  400  398  396  400  410  415  424  427  435  443  451  460  453
  423  388  356  330  316  297  285  279  268  254  240  227  218  212  206  205
  203  197  189  170  151  133  119  107   98
    17.5-180.0 180.0   5.0 450.0                            LAT/LON1/LON2/DLON/H
  109  102   95   86   76   68   64   60   59   60   66   77   96  119  140  156
  165  169  173  176  181  189  202  220  240  263  284  302  329  357  382  402
  415  421  416  406  406  408  415  426  435  442  451  463  469  474  479  464
  433  397  367  345  327  311  302  294  284  272  257  246  238  230  223  221
  219  212  203  185  165  148  132  118  109
    15.0-180.0 180.0   5.0 450.0                            LAT/LON1/LON2/DLON/H
  120  113  104   94   83   74   69   65   63   63   67   78   97  118  139  154
  163  169  173  179  187  198  214  235  260  286  308  328  355  379  398  411
  417  419  417  412  414  420  431  444  455  462  472  480  483  484  479  462
  426  393  362  338  320  309  300  292  286  278  264  255  250  242  235  228
  225  218  211  194  177  161  144  129  120
    12.5-180.0 180.0   5.0 450.0                            LAT/LON1/LON2/DLON/H
  130  122  113  102   90   81   75   71   69   69   72   82   99  120  140  155
  165  171  176  183  194  206  224  248  276  306  330  349  370  387  404  414
  419  421  421  421  426  434  446  457  467  474  479  481  480  476  464  445
  413  379  348  322  305  297  289  284  281  275  265  257  251  244  237  229
  222  217  211  198  184  170  154  141  130
    10.0-180.0 180.0   5.0 450.0                            LAT/LON1/LON2/DLON/H
  138  128  119  108   96   86   80   77   75   75   77   87  104  125  144  159
  169  177  182  191  202  216  235  260  291  322  348  367  380  394  408  417
  422  427  431  435  441  450  459  465  470  473  474  471  466  458  445  424
  392  360  331  306  290  282  278  277  276  272  263  257  249  241  234  224
  215  211  206  196  186  172  159  149  138
     7.5-180.0 180.0   5.0 450.0                            LAT/LON1/LON2/DLON/H
  139  129  120  109   98   89   84   81   80   79   82   91  109  130  150  165
  176  185  193  201  213  227  247  273  304  336  361  379  390  399  409  419
  426  434  444  450  456  463  469  470  470  467  461  454  446  437  423  402
  373  344  317  294  280  273  271  271  274  273  268  262  251  240  228  217
  207  202  197  189  178  168  155  148  139
     5.0-180.0 180.0   5.0 450.0                            LAT/LON1/LON2/DLON/H
  134  125  117  108   98   91   86   83   81   80   84   95  112  135  157  173
  185  195  204  213  224  239  260  286  316  347  372  388  398  404  411  419
  432  444  458  467  472  475  476  473  466  455  445  436  427  416  404  384
  360  333  308  289  278  274  274  275  280  282  279  272  258  240  223  210
  200  193  188  177  167  157  148  142  134
     2.5-180.0 180.0   5.0 450.0                            LAT/LON1/LON2/DLON/H
  125  119  112  104   97   91   86   83   80   79   83   95  114  138  162  181
  194  204  214  223  235  251  271  296  326  356  379  394  402  406  409  419
  436  453  470  481  486  486  481  472  457  439  426  417  410  402  393  377
  355  330  306  290  284  282  284  287  293  296  294  286  267  243  222  205
  194  188  182  168  156  145  138  132  125
