data/IONEX/CVBB2750.21i
     1.0            IONOSPHERE MAPS     MIX                 IONEX VERSION / TYPE
cmpcmb v1.2          GRL/UWM            19-oct-21 04:01     PGM / RUN BY / DATE 
ionex file containing IGS COMBINED Ionosphere maps          COMMENT             
global ionosphere maps for day 275, 2021                    DESCRIPTION         
IONEX file containing the COMBINED IGS TEC MAPS and DCBs    DESCRIPTION         
      IONEX files of the following IAACs were combined: cod DESCRIPTION         
                                                        esa DESCRIPTION         
                                                        jpl DESCRIPTION         
                                                        upc DESCRIPTION         
Contact address: Andrzej Krankowski                         DESCRIPTION
                 Geodynamics Research Laboratory            DESCRIPTION
                 University of Warmia and Mazury (GRL/UWM)  DESCRIPTION
                 Oczapowski St. 1                           DESCRIPTION
                 10-957-Olsztyn, POLAND                     DESCRIPTION
                 e-mail:  kand@uwm.edu.pl                   DESCRIPTION
                                                            DESCRIPTION         
  2021    10     2     0     0     0                        EPOCH OF FIRST MAP  
  2021    10     3     0     0     0                        EPOCH OF LAST MAP   
  7200                                                      INTERVAL            
    13                                                      # OF MAPS IN FILE   
  COSZ                                                      MAPPING FUNCTION    
     0.0                                                    ELEVATION CUTOFF    
combined TEC calculated as weighted mean of input TEC valuesOBSERVABLES USED    
   360                                                      # OF STATIONS       
    32                                                      # OF SATELLITES     
  6371.0                                                    BASE RADIUS         
     2                                                      MAP DIMENSION       
   450.0 450.0   0.0                                        HGT1 / HGT2 / DHGT  
    87.5 -87.5  -2.5                                        LAT1 / LAT2 / DLAT  
  -180.0 180.0   5.0                                        LON1 / LON2 / DLON  
    -1                                                      EXPONENT            
TEC values in 0.1 tec units;  9999, if no value available   COMMENT             
DCB values in nanoseconds, reference is Sum_of_SatDCBs = 0  COMMENT             
                                                            END OF HEADER       
[from data line 1287]
     4                                                      START OF TEC MAP    
  2021    10     2     6     0     0                        EPOCH OF CURRENT MAP
    87.5-180.0 180.0   5.0 450.0                            LAT/LON1/LON2/DLON/H
   56   57   56   56   56   55   56   56   56   56   55   55   55   55   55   55
   55   55   55   55   55   55   55   55   55   55   55   55   55   55   55   55
   55   56   56   56   57   57   57   58   58   58   59   59   59   59   59   59
   60   60   60   61   60   60   61   60   60   61   60   60   60   60   59   59
   59   58   58   58   57   57   57   57   56
    85.0-180.0 180.0   5.0 450.0                            LAT/LON1/LON2/DLON/H
   55   54   54   54   53   53   53   53   53   52   52   53   53   53   53   53
   53   53   53   53   52   52   52   51   51   51   51   51   51   52   52   52
   53   53   54   55   56   57   58   59   60   61   62   63   63   64   64   65
   65   65   65   66   65   65   65   64   64   64   64   63   63   62   61   61
   60   59   58   57   57   56   56   55   55
    82.5-180.0 180.0   5.0 450.0                            LAT/LON1/LON2/DLON/H
   52   51   50   50   50   50   50   50   50   51   51   52   52   52   53   53
   53   53   52   51   51   50   48   47   47   46   46   46   46   47   47   48
   48   50   51   53   55   57   58   60   62   63   66   67   69   70   71   71
   72   73   72   73   73   72   71   70   69   69   69   69   68   67   66   64
   63   61   60   58   57   56   54   54   52
    80.0-180.0 180.0   5.0 450.0                            LAT/LON1/LON2/DLON/H
   51   49   48   47   46   46   46   46   47   47   48   49   49   50   50   51
   50   50   49   49   49   48   45   44   43   42   41   40   39   39   40   40
   42   44   46   49   52   55   58   61   64   67   69   71   74   76   77   78
   79   81   81   81   82   81   80   78   78   78   78   77   76   75   73   71
   69   67   65   62   60   57   55   53   51
    77.5-180.0 180.0   5.0 450.0                            LAT/LON1/LON2/DLON/H
   51   48   46   44   43   42   41   42   42   43   45   46   47   47   48   47
   47   48   47   46   44   43   40   40   37   35   34   33   32   32   33   34
   36   39   41   45   49   53   57   62   66   70   73   75   78   80   82   85
   86   88   89   90   90   91   91   90   90   90   89   89   87   86   84   81
   78   75   72   68   65   61   58   54   51
    75.0-180.0 180.0   5.0 450.0                            LAT/LON1/LON2/DLON/H
   53   50   46   43   41   39   37   37   38   40   41   42   43   43   44   44
   44   44   44   42   42   40   38   36   34   32   30   28   27   27   27   28
   31   34   37   42   47   52   57   62   67   72   76   79   82   85   87   89
   92   94   96   98  100  101  102  103  103  103  103  102  101   99   96   93
   90   86   82   78   73   68   63   58   53
    72.5-180.0 180.0   5.0 450.0                            LAT/LON1/LON2/DLON/H
   59   54   49   44   40   37   34   34   34   35   36   38   38   39   39   40
   40   40   40   39   38   37   36   34   31   29   26   24   23   22   23   24
   25   29   33   39   45   51   58   64   69   74   78   82   85   89   91   94
   97  100  102  105  108  111  113  115  116  116  116  115  113  111  108  105
  101   97   93   89   83   77   72   65   59
    70.0-180.0 180.0   5.0 450.0                            LAT/LON1/LON2/DLON/H
   67   61   53   47   41   36   33   32   32   32   32   33   34   34   34   35
   36   36   37   36   35   35   34   32   30   27   24   22   21   19   19   20
   22   25   30   36   43   50   58   64   70   75   80   84   88   91   95   98
  102  105  109  113  116  120  123  125  127  127  126  125  123  120  118  115
  112  108  104   99   94   88   81   75   67
    67.5-180.0 180.0   5.0 450.0                            LAT/LON1/LON2/DLON/H
   76   68   59   51   44   38   34   32   30   30   30   29   29   29   29   30
   32   33   34   34   34   33   32   30   29   26   24   21   20   18   18   18
   20   23   28   34   41   49   56   63   69   75   81   85   90   93   98  102
  107  111  115  119  124  128  130  133  135  135  134  132  129  127  124  121
  118  115  112  109  104   98   92   84   76
    65.0-180.0 180.0   5.0 450.0                            LAT/LON1/LON2/DLON/H
   84   75   65   56   47   41   35   32   30   28   27   26   25   25   25   27
   29   30   32   32   32   31   30   29   28   26   24   22   20   18   18   18
   19   21   26   33   41   48   55   62   69   76   82   88   92   97  102  106
  112  116  121  126  130  134  137  140  140  140  138  135  132  129  126  123
  121  119  117  114  110  106  100   93   84
    62.5-180.0 180.0   5.0 450.0                            LAT/LON1/LON2/DLON/H
   91   81   71   61   51   43   38   33   30   28   26   24   23   22   23   25
   26   28   29   30   30   29   28   27   26   25   24   22   21   19   19   18
   19   21   26   33   40   49   56   63   70   77   84   90   95  101  106  111
  116  121  126  131  136  140  143  144  144  142  140  137  132  129  125  122
  120  119  117  116  113  111  106   99   91
    60.0-180.0 180.0   5.0 450.0                            LAT/LON1/LON2/DLON/H
   96   86   76   65   55   46   40   35   31   28   26   24   22   22   23   24
   25   27   28   28   28   26   26   26   25   25   24   24   23   22   21   21
   21   23   27   33   41   50   57   64   72   79   87   94  100  107  112  117
  122  127  132  137  142  145  147  148  147  144  141  137  133  128  125  121
  119  117  116  114  113  112  109  104   96
    57.5-180.0 180.0   5.0 450.0                            LAT/LON1/LON2/DLON/H
  100   91   80   69   59   50   43   37   33   30   27   26   24   23   24   25
   26   27   27   27   25   24   24   24   24   25   26   27   27   26   25   24
   24   26   30   36   43   51   59   68   76   84   92  100  106  113  119  123
  128  133  138  145  148  151  152  152  150  147  144  139  134  130  126  122
  119  116  113  112  112  112  111  107  100
    55.0-180.0 180.0   5.0 450.0                            LAT/LON1/LON2/DLON/H
  105   97   86   75   64   55   47   41   36   33   30   29   27   26   26   26
   26   27   27   25   24   23   23   24   25   27   29   31   31   30   29   28
   27   29   33   40   47   56   65   73   82   90   99  107  114  121  126  131
  135  140  146  152  155  158  158  158  156  153  149  144  140  135  130  125
  121  116  112  111  111  112  112  110  105
    52.5-180.0 180.0   5.0 450.0                            LAT/LON1/LON2/DLON/H
  110  102   92   82   72   62   54   47   43   38   35   33   31   30   28   28
   27   27   26   25   24   23   24   26   28   32   34   36   37   37   35   33
   32   34   39   45   53   62   72   81   89   98  107  115  123  129  134  139
  143  148  154  159  163  166  166  166  165  162  158  153  149  143  137  130
  124  119  113  111  112  113  115  114  110
    50.0-180.0 180.0   5.0 450.0                            LAT/LON1/LON2/DLON/H
  115  109  100   91   81   72   64   57   52   47   43   39   37   34   32   30
   29   28   27   26   26   26   28   31   34   39   41   44   44   44   42   40
   39   40   45   51   60   70   79   89   98  107  115  124  131  138  143  148
  152  157  163  168  172  175  176  175  174  172  168  163  159  152  144  136
  129  122  118  116  117  118  120  119  115
    47.5-180.0 180.0   5.0 450.0                            LAT/LON1/LON2/DLON/H
  121  116  108  101   93   84   77   70   64   58   53   49   45   41   37   34
   31   30   30   29   30   32   35   39   43   48   51   53   53   52   50   48
   47   47   51   58   67   77   88   98  106  115  124  132  140  147  153  157
  161  166  172  177  182  185  185  185  183  180  176  172  167  160  151  143
  136  129  125  122  123  124  126  125  121
    45.0-180.0 180.0   5.0 450.0                            LAT/LON1/LON2/DLON/H
  127  122  116  109  102   96   90   83   76   70   64   59   55   49   44   39
   36   35   35   36   38   41   45   50   54   59   61   62   61   60   58   56
   55   54   57   63   73   84   95  105  114  123  132  141  149  156  161  166
  171  176  181  186  190  192  194  193  191  187  182  177  171  164  156  149
  143  137  133  130  130  131  131  130  127
    42.5-180.0 180.0   5.0 450.0                            LAT/LON1/LON2/DLON/H
  130  126  120  115  110  105  101   96   89   83   77   72   67   60   53   47
   43   42   43   45   48   52   57   61   65   68   70   70   69   68   66   63
   61   60   62   69   79   90  101  112  121  130  140  149  158  165  170  175
  179  184  189  194  198  199  201  200  196  191  184  178  172  165  159  153
  148  143  140  138  137  137  136  134  130
    40.0-180.0 180.0   5.0 450.0                            LAT/LON1/LON2/DLON/H
  132  126  121  116  113  112  110  107  102   96   90   84   78   71   63   57
   53   52   53   55   58   63   67   71   75   77   77   76   75   74   72   69
   67   65   67   73   83   95  107  117  127  137  147  157  166  173  179  184
  187  193  198  202  206  207  206  205  200  194  186  178  172  166  161  156
  152  148  146  145  144  143  141  137  132
    37.5-180.0 180.0   5.0 450.0                            LAT/LON1/LON2/DLON/H
  132  124  119  113  111  111  114  114  112  107  101   95   89   82   74   67
   64   64   65   67   69   73   75   79   82   83   82   81   79   77   75   73
   70   68   70   76   86   98  111  122  133  143  153  164  174  182  187  191
  195  200  205  210  212  214  214  212  208  201  193  184  177  170  165  161
  157  154  153  151  151  149  146  140  132
    35.0-180.0 180.0   5.0 450.0                            LAT/LON1/LON2/DLON/H
  132  122  114  107  104  106  110  114  115  112  108  103   97   91   85   79
   75   74   76   78   79   79   81   84   87   87   85   84   81   78   76   73
   70   69   70   77   89  103  116  127  138  149  161  172  183  189  195  199
  202  207  212  217  220  223  225  224  220  214  207  200  191  184  177  173
  168  164  163  160  160  157  151  142  132
    32.5-180.0 180.0   5.0 450.0                            LAT/LON1/LON2/DLON/H
  134  121  108   98   93   94   99  106  110  110  108  106  103   98   94   89
   86   85   85   85   84   82   82   86   89   90   88   85   80   77   74   71
   68   67   70   78   91  107  120  132  143  155  167  179  189  197  202  205
  208  214  220  225  231  237  241  244  242  238  233  227  218  210  201  194
  187  181  177  174  171  167  160  148  134
    30.0-180.0 180.0   5.0 450.0                            LAT/LON1/LON2/DLON/H
  142  124  107   92   83   80   84   92   98  100  101  103  103  101   99   96
   94   93   91   88   85   81   82   86   90   92   90   86   79   74   69   68
   65   64   68   78   94  110  124  136  148  159  171  184  194  202  207  210
  215  221  229  238  248  260  267  273  274  274  271  266  259  251  237  226
  215  207  199  192  188  182  173  160  142
    27.5-180.0 180.0   5.0 450.0                            LAT/LON1/LON2/DLON/H
  157  136  114   94   79   72   72   77   82   87   91   94   98   99   99   97
   97   95   93   87   82   79   81   86   93   96   93   87   78   71   66   64
   62   62   66   77   93  112  127  139  151  162  174  187  197  205  210  216
  223  231  242  255  272  288  301  310  314  317  317  315  310  301  284  273
  255  242  230  219  211  203  193  178  157
    25.0-180.0 180.0   5.0 450.0                            LAT/LON1/LON2/DLON/H
  182  158  132  107   86   72   66   66   69   74   79   85   90   93   95   95
   96   94   91   85   79   78   82   90   98  102   98   89   78   68   63   61
   58   59   64   76   93  112  128  142  153  164  176  189  200  209  215  222
  233  245  258  277  298  319  335  349  358  364  367  368  366  359  341  329
  307  288  270  254  239  230  223  205  182
    22.5-180.0 180.0   5.0 450.0                            LAT/LON1/LON2/DLON/H
  213  188  159  129  104   85   72   68   66   68   74   79   84   88   90   91
   92   90   87   82   79   81   89   99  108  111  103   92   79   68   62   59
   56   56   60   73   91  112  129  144  155  166  177  190  201  212  221  232
  245  262  279  302  325  350  369  388  398  407  416  418  416  413  396  385
  361  338  315  294  275  267  257  239  213
    20.0-180.0 180.0   5.0 450.0                            LAT/LON1/LON2/DLON/H
  251  221  192  159  132  110   94   83   76   74   77   81   84   85   87   88
   88   87   84   82   83   89  101  114  122  120  108   95   81   69   62   58
   55   54   58   70   89  111  129  144  156  167  179  190  202  215  227  243
  261  282  303  329  355  379  398  416  426  437  448  450  447  450  441  428
  410  383  359  335  314  304  293  274  251
    17.5-180.0 180.0   5.0 450.0                            LAT/LON1/LON2/DLON/H
  286  256  223  193  166  141  123  110   99   93   93   93   93   89   89   88
   88   87   84   85   90  101  117  131  137  131  116  100   84   71   64   60
   56   53   56   67   86  108  128  143  155  167  179  192  204  218  235  256
  279  303  328  353  377  396  413  427  438  449  457  459  460  463  465  460
  442  417  395  372  350  336  322  310  286
    15.0-180.0 180.0   5.0 450.0                            LAT/LON1/LON2/DLON/H
  311  283  253  229  205  181  160  144  135  124  118  116  110  104  101   97
   94   93   91   93  101  116  135  148  150  141  124  105   87   75   68   63
   57   53   54   65   84  106  126  142  156  168  182  195  207  223  244  270
  296  323  347  367  386  401  413  423  434  444  451  455  460  464  470  471
  459  438  416  396  375  361  346  335  311
    12.5-180.0 180.0   5.0 450.0                            LAT/LON1/LON2/DLON/H
  326  300  275  257  239  218  198  185  172  159  149  144  137  131  122  116
  112  109  106  106  115  132  153  163  161  148  128  109   92   81   73   66
   59   54   54   64   84  105  126  143  157  171  184  198  213  231  256  283
  312  336  358  374  387  397  404  410  421  432  439  445  451  456  463  467
  459  443  424  407  392  378  363  348  326
    10.0-180.0 180.0   5.0 450.0                            LAT/LON1/LON2/DLON/H
  334  309  287  274  261  244  230  220  207  193  181  174  165  159  150  145
  138  132  128  126  134  150  166  174  168  152  131  113   99   87   78   70
   62   55   55   65   84  106  126  143  157  172  187  202  219  240  266  293
  321  346  363  374  382  387  392  397  407  420  431  438  443  446  452  455
  452  439  425  411  399  386  371  356  334
     7.5-180.0 180.0   5.0 450.0                            LAT/LON1/LON2/DLON/H
  341  314  291  276  265  254  248  241  233  221  209  199  191  184  175  172
  165  159  153  149  153  165  176  180  170  153  133  117  104   94   84   74
   64   57   56   66   84  105  125  141  157  172  188  204  224  247  273  302
  329  350  364  371  376  379  383  391  401  415  429  439  441  442  443  442
  438  428  418  407  400  390  377  361  341
     5.0-180.0 180.0   5.0 450.0                            LAT/LON1/LON2/DLON/H
  349  321  293  274  261  254  251  249  245  237  226  216  209  203  198  194
  188  183  175  168  167  174  181  179  168  152  134  120  111  100   90   77
   66   59   58   67   84  104  123  139  155  172  188  206  227  251  279  307
  333  352  364  370  372  375  381  391  404  420  436  446  448  445  440  434
  423  413  405  398  394  389  380  369  349
     2.5-180.0 180.0   5.0 450.0                            LAT/LON1/LON2/DLON/H
  357  330  300  275  258  251  249  249  246  239  231  223  217  213  212  208
  203  198  189  181  176  177  179  174  162  147  133  122  114  105   94   79
   67   59   60   68   86  104  121  137  154  171  189  206  226  251  280  308
  333  351  365  373  375  376  385  396  413  431  448  459  460  453  441  427
  411  399  391  386  384  384  382  374  357
