data/IONEX/CVBB2820.21i
     1.0            IONOSPHERE MAPS     MIX                 IONEX VERSION / TYPE
cmpcmb v1.2          GRL/UWM            27-oct-21 23:46     PGM / RUN BY / DATE 
ionex file containing IGS COMBINED Ionosphere maps          COMMENT             
global ionosphere maps for day 282, 2021                    DESCRIPTION         
IONEX file containing the COMBINED IGS TEC MAPS and DCBs    DESCRIPTION         
      IONEX files of the following IAACs were combined: cod DESCRIPTION         
                                                        esa DESCRIPTION         
                                                        jpl DESCRIPTION         
                                                        upc DESCRIPTION         
Contact address: Andrzej Krankowski                         DESCRIPTION
                 Geodynamics Research Laboratory            DESCRIPTION
                 University of Warmia and Mazury (GRL/UWM)  DESCRIPTION
                 Oczapowski St. 1                           DESCRIPTION
                 10-957-Olsztyn, POLAND                     DESCRIPTION
                 e-mail:  kand@uwm.edu.pl                   DESCRIPTION
                                                            DESCRIPTION         
  2021    10     9     0     0     0                        EPOCH OF FIRST MAP  
  2021    10    10     0     0     0                        EPOCH OF LAST MAP   
  7200                                                      INTERVAL            
    13                                                      # OF MAPS IN FILE   
  COSZ                                                      MAPPING FUNCTION    
     0.0                                                    ELEVATION CUTOFF    
combined TEC calculated as weighted mean of input TEC valuesOBSERVABLES USED    
   353                                                      # OF STATIONS       
    32                                                      # OF SATELLITES     
  6371.0                                                    BASE RADIUS         
     2                                                      MAP DIMENSION       
   450.0 450.0   0.0                                        HGT1 / HGT2 / DHGT  
    87.5 -87.5  -2.5                                        LAT1 / LAT2 / DLAT  
  -180.0 180.0   5.0                                        LON1 / LON2 / DLON  
    -1                                                      EXPONENT            
TEC values in 0.1 tec units;  9999, if no value available   COMMENT             
DCB values in nanoseconds, reference is Sum_of_SatDCBs = 0  COMMENT             
                                                            END OF HEADER       
[from data line 858]
     3                                                      START OF TEC MAP    
  2021    10     9     4     0     0                        EPOCH OF CURRENT MAP
    87.5-180.0 180.0   5.0 450.0                            LAT/LON1/LON2/DLON/H
   64   63   63   63   63   62   62   62   62   62   61   61   60   60   59   59
   59   59   58   58   57   57   57   56   56   56   56   56   56   56   55   55
   55   56   56   55   55   55   55   55   55   55   56   56   56   57   57   58
   59   59   59   60   61   61   62   62   62   63   63   63   63   64   64   64
   64   64   64   64   64   64   64   64   64
    85.0-180.0 180.0   5.0 450.0                            LAT/LON1/LON2/DLON/H
   66   65   64   63   62   62   61   60   60   59   60   59   59   58   58   58
   57   56   56   55   55   54   54   53   52   51   51   51   50   50   49   49
   49   49   49   49   50   49   50   50   51   51   51   52   52   53   54   55
   56   57   58   60   61   62   63   64   65   66   67   68   68   69   69   69
   69   69   69   69   68   67   67   66   66
    82.5-180.0 180.0   5.0 450.0                            LAT/LON1/LON2/DLON/H
   67   66   65   64   63   62   61   61   60   60   59   59   58   57   57   56
   56   56   54   54   52   51   51   48   47   46   45   43   43   41   41   41
   41   41   41   42   43   44   45   46   47   49   50   51   51   52   53   54
   56   57   59   60   62   64   66   68   69   71   72   74   74   76   76   77
   77   76   76   75   73   72   71   69   67
    80.0-180.0 180.0   5.0 450.0                            LAT/LON1/LON2/DLON/H
   71   68   66   64   63   61   60   59   57   56   55   55   54   54   53   53
   52   51   51   50   49   49   48   45   43   39   37   36   34   33   33   33
   33   34   34   35   36   38   39   41   42   44   46   47   49   51   52   54
   56   58   60   62   65   67   70   72   74   77   79   82   83   85   85   86
   86   85   83   81   79   78   75   73   71
    77.5-180.0 180.0   5.0 450.0                            LAT/LON1/LON2/DLON/H
   75   72   69   66   63   61   58   56   53   51   51   51   51   51   50   49
   49   48   48   47   46   44   42   40   38   35   33   32   31   30   30   29
   29   29   30   32   33   34   35   37   39   41   43   45   47   50   52   55
   57   60   63   66   69   72   75   78   81   84   87   89   92   94   95   95
   95   95   93   91   88   85   82   79   75
    75.0-180.0 180.0   5.0 450.0                            LAT/LON1/LON2/DLON/H
   81   77   72   68   64   60   55   51   49   48   47   46   46   44   44   44
   43   43   42   42   41   40   39   37   35   32   31   29   27   26   26   25
   26   26   27   29   30   32   33   35   37   39   41   44   46   49   52   55
   59   62   66   69   73   77   81   84   88   92   95   98  101  103  105  106
  106  104  103  100   97   93   90   85   81
    72.5-180.0 180.0   5.0 450.0                            LAT/LON1/LON2/DLON/H
   88   83   78   72   66   61   55   51   48   46   44   42   40   39   38   38
   37   37   37   37   37   37   37   35   34   31   30   28   27   26   25   25
   26   26   28   28   29   30   31   33   35   37   39   41   45   48   52   56
   61   65   70   74   79   83   87   91   95   99  103  106  109  112  114  114
  115  113  111  109  106  102   98   93   88
    70.0-180.0 180.0   5.0 450.0                            LAT/LON1/LON2/DLON/H
   95   90   84   78   71   65   59   54   49   46   43   40   38   35   34   33
   32   32   32   33   33   34   35   34   34   32   31   29   27   27   26   27
   27   28   28   29   29   29   29   30   31   34   35   39   43   47   52   57
   63   70   75   80   85   90   94   98  102  106  110  113  116  118  119  120
  120  119  118  116  113  109  105  100   95
    67.5-180.0 180.0   5.0 450.0                            LAT/LON1/LON2/DLON/H
  100   95   90   84   77   71   63   57   53   48   43   39   35   33   31   29
   29   28   28   31   31   32   33   34   33   32   31   31   29   29   29   28
   29   29   29   29   28   28   27   27   28   30   32   36   41   46   53   60
   67   74   81   87   92   97  101  105  109  112  115  118  120  121  122  123
  122  121  120  119  116  114  110  105  100
    65.0-180.0 180.0   5.0 450.0                            LAT/LON1/LON2/DLON/H
  104  100   95   89   83   76   68   62   56   51   45   40   36   32   30   28
   27   26   27   28   29   31   32   32   33   33   32   31   31   31   31   31
   30   29   29   28   27   26   25   25   26   27   31   35   40   47   55   64
   71   80   87   94   99  105  109  113  115  118  119  121  122  122  122  122
  121  120  119  118  117  115  112  109  104
    62.5-180.0 180.0   5.0 450.0                            LAT/LON1/LON2/DLON/H
  106  103   98   93   87   80   72   65   58   53   48   43   38   34   31   29
   27   27   27   28   29   30   32   32   32   33   32   32   31   32   31   31
   30   29   29   28   26   25   24   23   25   27   30   35   42   50   59   68
   78   86   94  101  107  112  116  120  122  123  124  124  123  122  121  120
  118  117  116  116  115  114  112  110  106
    60.0-180.0 180.0   5.0 450.0                            LAT/LON1/LON2/DLON/H
  106  104  100   95   89   82   74   66   60   54   49   45   41   38   34   31
   29   28   28   30   30   31   32   32   32   32   32   31   31   31   31   31
   30   29   29   28   27   25   25   25   26   28   33   38   46   55   65   74
   83   92  100  108  114  119  123  126  128  129  128  127  124  123  119  117
  115  114  114  113  113  113  111  109  106
    57.5-180.0 180.0   5.0 450.0                            LAT/LON1/LON2/DLON/H
  107  104  101   97   91   84   75   67   60   54   50   47   44   40   37   35
   33   32   32   32   32   32   32   32   32   31   31   31   31   31   30   31
   31   31   30   30   29   28   28   28   30   33   38   45   52   62   72   81
   90   99  108  115  120  125  129  132  133  134  133  131  127  124  120  117
  115  114  113  114  114  114  112  110  107
    55.0-180.0 180.0   5.0 450.0                            LAT/LON1/LON2/DLON/H
  109  106  104  100   95   87   77   67   59   54   50   47   45   43   41   39
   37   36   35   35   34   33   33   33   32   33   32   32   33   33   32   32
   32   33   33   33   33   33   34   34   36   39   45   52   61   70   79   88
   98  106  114  120  125  131  134  138  139  139  138  136  131  127  123  120
  118  117  117  118  119  118  115  112  109
    52.5-180.0 180.0   5.0 450.0                            LAT/LON1/LON2/DLON/H
  114  110  108  105  100   92   81   69   60   53   50   48   47   45   44   42
   40   40   39   39   38   37   36   35   36   35   36   37   36   36   36   36
   36   37   38   39   40   40   41   42   43   47   53   60   69   79   87   97
  105  113  120  125  130  136  140  144  145  144  144  141  137  134  130  127
  124  124  125  126  127  126  121  117  114
    50.0-180.0 180.0   5.0 450.0                            LAT/LON1/LON2/DLON/H
  120  115  113  111  106   98   87   74   63   55   51   49   48   47   46   44
   43   43   43   43   42   42   41   40   41   42   41   43   42   42   41   41
   41   42   43   45   47   48   49   49   50   54   60   68   77   87   97  106
  114  121  127  132  136  140  145  149  151  151  151  150  147  143  140  136
  134  134  136  137  137  135  130  124  120
    47.5-180.0 180.0   5.0 450.0                            LAT/LON1/LON2/DLON/H
  126  121  118  117  114  106   95   81   68   59   54   52   51   49   47   47
   47   47   48   48   48   48   48   48   49   50   50   50   49   48   47   46
   45   47   49   51   53   55   55   55   57   61   67   75   86   95  105  115
  124  130  135  140  144  147  151  155  157  159  160  159  157  154  150  147
  144  145  147  148  148  145  140  133  126
    45.0-180.0 180.0   5.0 450.0                            LAT/LON1/LON2/DLON/H
  132  125  122  121  120  114  103   90   76   65   59   57   55   53   51   50
   50   52   53   54   55   55   56   57   59   59   59   58   56   53   52   50
   50   51   54   56   59   61   61   61   63   66   73   82   92  102  113  124
  133  140  145  149  153  154  158  161  163  166  168  168  167  164  160  156
  154  154  155  157  156  153  148  140  132
    42.5-180.0 180.0   5.0 450.0                            LAT/LON1/LON2/DLON/H
  136  127  124  123  123  120  110   97   83   72   66   63   60   58   55   54
   56   58   59   61   62   63   64   66   67   67   66   64   60   58   55   54
   54   54   57   60   63   65   65   65   67   71   79   88   99  110  121  133
  143  152  157  161  163  164  164  166  168  171  174  175  176  173  170  165
  161  159  161  162  162  160  155  146  136
    40.0-180.0 180.0   5.0 450.0                            LAT/LON1/LON2/DLON/H
  139  129  122  121  122  121  114  103   90   79   73   70   68   65   62   61
   62   64   66   68   69   70   71   73   73   72   70   67   63   60   58   57
   57   57   59   62   66   67   68   69   70   75   84   94  106  117  130  142
  155  164  169  172  171  170  170  171  173  176  179  182  184  183  179  174
  168  164  163  164  166  165  161  151  139
    37.5-180.0 180.0   5.0 450.0                            LAT/LON1/LON2/DLON/H
  144  130  121  117  118  118  114  105   94   85   80   78   76   73   70   69
   69   71   74   76   76   76   77   77   76   74   71   67   64   62   61   59
   59   60   61   64   67   70   71   72   74   80   90  101  113  124  138  152
  165  175  179  180  178  175  173  174  177  181  185  190  192  193  190  185
  178  171  169  168  170  171  167  158  144
    35.0-180.0 180.0   5.0 450.0                            LAT/LON1/LON2/DLON/H
  156  138  124  115  113  112  109  102   93   87   85   85   84   82   79   77
   77   78   80   82   82   82   81   79   77   73   69   65   64   63   62   62
   62   62   63   65   69   73   73   74   77   84   95  107  118  131  145  159
  171  180  184  183  181  178  177  178  181  186  192  198  203  205  204  201
  193  186  183  180  182  182  180  171  156
    32.5-180.0 180.0   5.0 450.0                            LAT/LON1/LON2/DLON/H
  178  156  135  118  109  104  100   95   89   85   85   87   89   89   86   85
   84   84   85   86   87   85   83   79   75   69   66   64   63   64   65   66
   66   66   66   69   72   75   76   77   80   87   98  110  123  135  148  162
  173  180  183  182  181  180  181  184  188  193  200  208  215  220  223  222
  218  212  209  202  202  201  200  193  178
    30.0-180.0 180.0   5.0 450.0                            LAT/LON1/LON2/DLON/H
  212  186  157  130  112   99   90   85   80   79   80   84   89   91   90   89
   89   88   87   87   88   86   83   77   72   65   63   62   64   68   71   72
   72   72   72   74   76   77   78   78   82   89  100  112  125  136  148  160
  170  177  179  179  181  183  187  193  199  205  212  222  231  240  247  252
  253  252  249  238  235  233  234  230  212
    27.5-180.0 180.0   5.0 450.0                            LAT/LON1/LON2/DLON/H
  258  230  193  156  125  104   87   77   71   68   72   78   84   87   89   89
   89   88   87   86   86   85   81   75   69   65   63   65   69   75   79   80
   81   80   79   80   80   79   78   78   81   89  100  112  124  134  144  156
  165  171  174  177  181  188  196  206  214  221  230  240  253  264  277  289
  296  301  298  285  280  275  276  274  258
    25.0-180.0 180.0   5.0 450.0                            LAT/LON1/LON2/DLON/H
  320  292  247  200  155  121   96   78   67   62   65   70   77   81   84   85
   86   84   84   84   83   82   79   74   70   68   68   72   78   85   91   91
   90   89   87   86   84   80   77   76   78   85   96  109  121  130  139  150
  159  166  170  177  185  197  210  223  233  242  252  262  276  291  307  328
  342  353  353  341  329  324  325  329  320
    22.5-180.0 180.0   5.0 450.0                            LAT/LON1/LON2/DLON/H
  391  368  324  262  204  158  122   96   76   65   63   65   70   74   77   79
   78   77   78   79   79   79   78   76   74   75   77   82   89   97  103  102
  100   97   93   91   87   80   74   71   72   78   90  104  116  126  135  146
  155  163  169  180  194  210  228  244  256  266  276  287  298  316  337  363
  385  401  402  392  377  372  380  393  391
    20.0-180.0 180.0   5.0 450.0                            LAT/LON1/LON2/DLON/H
  453  438  395  330  266  210  165  130  100   81   71   67   69   71   73   73
   71   70   70   72   74   76   78   80   82   85   89   94  100  109  113  112
  106  101   96   93   87   78   70   65   64   70   82   98  112  123  133  143
  153  162  172  187  207  229  251  269  282  291  300  310  320  336  361  390
  415  436  440  434  419  416  423  440  453
    17.5-180.0 180.0   5.0 450.0                            LAT/LON1/LON2/DLON/H
  484  480  445  389  326  271  223  178  139  110   91   80   76   74   73   71
   68   65   65   67   70   74   80   86   91   95  100  106  111  117  119  116
  108  100   94   89   81   72   64   58   56   63   77   95  111  122  133  143
  156  168  182  200  224  250  274  293  304  313  321  329  340  356  377  403
  427  449  456  455  445  443  447  464  484
    15.0-180.0 180.0   5.0 450.0                            LAT/LON1/LON2/DLON/H
  482  494  475  427  377  326  279  234  186  147  120  103   93   86   81   76
   71   66   64   65   68   74   83   91   99  105  112  117  120  122  121  115
  105   97   90   84   76   67   59   52   52   59   75   94  111  123  134  147
  163  178  195  218  245  272  295  313  324  331  337  346  356  369  385  406
  425  441  450  452  448  448  451  462  482
    12.5-180.0 180.0   5.0 450.0                            LAT/LON1/LON2/DLON/H
  460  481  483  452  410  373  334  288  239  192  159  137  121  110  100   90
   82   76   71   70   72   78   87   97  107  115  121  124  124  124  119  111
  102   94   87   80   73   65   56   51   51   58   75   94  111  125  138  152
  171  190  212  237  265  291  314  330  340  346  351  358  366  376  388  403
  415  426  432  436  434  433  434  442  460
    10.0-180.0 180.0   5.0 450.0                            LAT/LON1/LON2/DLON/H
  430  451  463  450  420  397  369  329  282  234  198  175  156  142  129  114
  103   95   87   82   82   88   96  106  116  124  129  128  125  122  116  109
  101   93   85   79   73   65   58   52   51   60   76   95  112  127  140  158
  178  201  226  252  278  304  326  341  350  357  362  368  374  381  390  400
  406  411  416  421  418  413  411  414  430
     7.5-180.0 180.0   5.0 450.0                            LAT/LON1/LON2/DLON/H
  401  418  430  429  413  397  378  347  307  265  231  210  191  177  163  146
  132  121  112  104  101  104  110  119  128  134  135  132  127  122  116  110
  103   94   85   80   74   67   62   56   55   64   79   97  115  129  143  161
  183  208  234  260  286  310  330  345  356  363  370  376  382  389  396  401
  403  404  407  410  408  401  392  389  401
     5.0-180.0 180.0   5.0 450.0                            LAT/LON1/LON2/DLON/H
  381  395  406  407  398  387  372  345  312  279  252  234  220  211  194  180
  162  150  140  131  126  125  128  136  143  146  144  138  131  125  120  114
  106   97   88   82   76   71   64   59   59   68   84  101  117  131  145  162
  186  210  235  262  288  311  328  343  357  368  377  385  391  399  407  411
  409  407  407  409  407  398  385  376  381
     2.5-180.0 180.0   5.0 450.0                            LAT/LON1/LON2/DLON/H
  377  386  394  394  388  377  361  334  304  276  255  245  236  230  218  206
  190  179  169  161  155  150  151  157  162  162  156  148  139  133  128  120
  110  101   92   86   80   73   67   63   64   72   88  105  119  131  145  163
  184  208  233  259  282  304  321  336  353  368  381  391  400  408  420  425
  421  417  414  417  417  409  391  378  377
