data/IONEX/CVBB2750.21i
     1.0            IONOSPHERE MAPS     MIX                 IONEX VERSION / TYPE
cmpcmb v1.2          GRL/UWM            19-oct-21 04:01     PGM / RUN BY / DATE 
ionex file containing IGS COMBINED Ionosphere maps          COMMENT             
global ionosphere maps for day 275, 2021                    DESCRIPTION         
IONEX file containing the COMBINED IGS TEC MAPS and DCBs    DESCRIPTION         
      IONEX files of the following IAACs were combined: cod DESCRIPTION         
                                                        esa DESCRIPTION         
                                                        jpl DESCRIPTION         
                                                        upc DESCRIPTION         
Contact address: Andrzej Krankowski                         DESCRIPTION
                 Geodynamics Research Laboratory            DESCRIPTION
                 University of Warmia and Mazury (GRL/UWM)  DESCRIPTION
                 Oczapowski St. 1                           DESCRIPTION
                 10-957-Olsztyn, POLAND                     DESCRIPTION
                 e-mail:  kand@uwm.edu.pl                   DESCRIPTION
                                                            DESCRIPTION         
  2021    10     2     0     0     0                        EPOCH OF FIRST MAP  
  2021    10     3     0     0     0                        EPOCH OF LAST MAP   
  7200                                                      INTERVAL            
    13                                                      # OF MAPS IN FILE   
  COSZ                                                      MAPPING FUNCTION    
     0.0                                                    ELEVATION CUTOFF    
combined TEC calculated as weighted mean of input TEC valuesOBSERVABLES USED    
   360                                                      # OF STATIONS       
    32                                                      # OF SATELLITES     
  6371.0                                                    BASE RADIUS         
     2                                                      MAP DIMENSION       
   450.0 450.0   0.0                                        HGT1 / HGT2 / DHGT  
    87.5 -87.5  -2.5                                        LAT1 / LAT2 / DLAT  
  -180.0 180.0   5.0                                        LON1 / LON2 / DLON  
    -1                                                      EXPONENT            
TEC values in 0.1 tec units;  9999, if no value available   COMMENT             
DCB values in nanoseconds, reference is Sum_of_SatDCBs = 0  COMMENT             
                                                            END OF HEADER       
[from data line 4719]
    12                                                      START OF TEC MAP    
  2021    10     2    22     0     0                        EPOCH OF CURRENT MAP
    87.5-180.0 180.0   5.0 450.0                            LAT/LON1/LON2/DLON/H
   62   63   63   63   64   65   65   65   66   66   66   67   67   67   67   67
   66   66   66   65   64   64   63   63   62   61   60   60   59   59   58   57
   56   56   55   53   53   53   53   53   52   50   50   50   50   51   51   51
   51   52   52   52   53   54   54   55   55   55   56   56   57   57   57   58
   59   59   60   60   61   61   62   62   62
    85.0-180.0 180.0   5.0 450.0                            LAT/LON1/LON2/DLON/H
   64   65   66   66   68   68   69   71   71   72   73   73   74   74   75   75
   74   74   74   73   72   70   69   67   65   63   62   60   59   57   55   53
   52   50   49   47   46   45   45   43   43   42   42   41   41   41   41   41
   41   42   43   44   44   46   47   48   50   52   53   54   55   56   57   58
   59   59   60   61   61   62   63   63   64
    82.5-180.0 180.0   5.0 450.0                            LAT/LON1/LON2/DLON/H
   66   67   68   69   70   71   73   74   76   78   79   81   82   84   84   85
   84   84   82   81   79   77   73   70   67   64   61   58   56   53   51   48
   46   45   43   43   42   41   41   39   39   38   38   36   36   35   36   35
   35   35   36   37   37   39   40   42   45   48   49   51   53   55   57   58
   59   60   61   62   62   63   63   64   66
    80.0-180.0 180.0   5.0 450.0                            LAT/LON1/LON2/DLON/H
   66   66   67   68   68   70   73   76   79   82   85   88   90   91   93   93
   93   93   92   89   87   83   78   70   66   62   58   55   51   47   44   41
   40   38   37   36   35   35   35   36   35   35   35   34   33   33   32   32
   32   32   32   32   33   34   36   37   40   43   46   49   51   53   55   57
   59   61   62   63   64   65   65   66   66
    77.5-180.0 180.0   5.0 450.0                            LAT/LON1/LON2/DLON/H
   68   68   67   68   70   71   74   77   81   84   88   91   94   97   99  102
  102  101  100   96   93   88   82   76   68   62   57   51   46   42   39   37
   36   35   34   33   32   32   32   32   33   33   33   32   32   31   30   29
   29   29   29   28   29   30   32   33   35   38   41   45   48   51   54   57
   59   62   63   65   66   67   67   68   68
    75.0-180.0 180.0   5.0 450.0                            LAT/LON1/LON2/DLON/H
   71   71   71   71   71   73   75   78   81   85   89   93   98  102  106  109
  108  106  105  101   95   89   83   76   69   62   54   48   43   39   35   34
   33   32   31   31   31   30   30   31   31   30   30   30   29   29   28   27
   27   26   26   25   25   25   26   28   30   33   37   41   44   48   51   55
   58   62   65   68   69   71   72   72   71
    72.5-180.0 180.0   5.0 450.0                            LAT/LON1/LON2/DLON/H
   78   77   77   75   75   75   77   79   82   85   89   95  100  105  108  110
  110  109  105  100   94   89   82   74   67   58   52   46   40   35   33   31
   30   31   30   30   30   30   30   30   30   29   29   27   27   26   25   24
   23   23   22   22   21   21   22   23   26   28   31   36   40   44   49   53
   57   62   66   70   72   75   77   77   78
    70.0-180.0 180.0   5.0 450.0                            LAT/LON1/LON2/DLON/H
   84   84   84   82   80   79   79   80   82   85   89   93   99  104  107  108
  108  106  102   98   93   87   79   74   66   57   50   46   40   37   34   31
   30   30   30   30   30   30   30   29   29   28   27   25   24   23   21   20
   20   19   19   18   18   18   18   19   22   24   28   32   36   41   46   51
   56   62   66   71   76   79   82   84   84
    67.5-180.0 180.0   5.0 450.0                            LAT/LON1/LON2/DLON/H
   91   91   91   89   87   85   84   83   84   86   89   92   96  100  103  104
  104  101   99   96   91   86   80   75   68   60   53   48   43   40   36   34
   32   31   30   30   30   29   28   28   27   25   25   23   21   21   20   19
   18   18   17   17   16   16   16   18   20   22   26   30   33   38   43   48
   54   60   67   72   78   83   87   89   91
    65.0-180.0 180.0   5.0 450.0                            LAT/LON1/LON2/DLON/H
   96   97   96   95   93   91   89   87   87   87   89   91   93   96   98   99
   99   98   98   95   92   89   84   81   76   67   62   57   52   47   41   38
   35   34   32   31   30   29   28   27   25   24   24   22   22   22   21   21
   20   19   19   18   17   17   17   18   20   22   26   29   33   38   42   47
   53   60   66   73   80   85   90   94   96
    62.5-180.0 180.0   5.0 450.0                            LAT/LON1/LON2/DLON/H
  100  101  102  100   98   96   94   92   90   89   90   90   92   93   95   96
   97   98   98   97   96   95   93   91   87   80   75   70   63   57   50   44
   41   38   35   33   31   30   28   27   26   25   25   25   26   26   26   25
   25   24   23   22   21   20   20   20   22   24   27   31   34   39   42   47
   53   59   66   73   80   86   92   97  100
    60.0-180.0 180.0   5.0 450.0                            LAT/LON1/LON2/DLON/H
  103  106  107  106  104  102  100   97   94   93   92   92   93   94   96   97
   98  100  101  102  102  103  103  102   99   94   90   85   76   68   60   53
   47   42   39   36   34   33   31   31   30   30   31   32   34   34   34   33
   32   31   29   28   26   25   24   25   26   28   31   34   37   41   45   49
   55   60   67   73   81   87   94   99  103
    57.5-180.0 180.0   5.0 450.0                            LAT/LON1/LON2/DLON/H
  107  111  112  112  111  109  106  103  100   97   96   96   97   98  100  102
  104  106  108  109  110  112  112  113  111  108  103   97   89   80   70   62
   55   49   44   42   40   38   37   38   39   40   42   44   45   44   43   42
   41   39   37   35   33   31   31   30   31   33   35   38   41   44   48   52
   57   62   68   75   81   88   95  101  107
    55.0-180.0 180.0   5.0 450.0                            LAT/LON1/LON2/DLON/H
  112  116  119  121  120  118  115  112  108  104  102  102  102  104  107  109
  112  114  116  117  118  120  122  122  121  118  115  108  100   91   80   72
   64   57   52   49   47   46   46   48   51   52   54   57   57   57   55   53
   52   50   46   43   41   39   38   37   37   38   40   42   45   49   53   58
   62   67   71   77   83   90   98  104  112
    52.5-180.0 180.0   5.0 450.0                            LAT/LON1/LON2/DLON/H
  119  125  129  131  132  130  127  123  120  115  112  110  110  112  115  118
  120  122  123  125  126  129  130  130  128  127  123  118  111  101   91   82
   73   66   62   59   57   56   57   59   62   66   68   70   70   69   68   65
   63   60   56   53   50   49   48   46   45   44   45   46   49   53   58   63
   68   72   76   81   87   94  102  110  119
    50.0-180.0 180.0   5.0 450.0                            LAT/LON1/LON2/DLON/H
  127  135  140  143  145  144  142  139  134  129  124  121  120  121  123  126
  128  130  131  132  133  135  136  135  134  133  131  126  120  111  102   92
   83   76   72   69   67   67   68   71   75   78   80   81   81   80   78   76
   74   70   67   64   61   59   57   55   53   50   50   51   53   58   64   70
   75   78   83   87   93  100  109  117  127
    47.5-180.0 180.0   5.0 450.0                            LAT/LON1/LON2/DLON/H
  138  147  152  157  159  159  158  155  150  145  139  134  132  132  133  135
  137  137  137  138  140  141  141  141  140  140  137  133  127  119  110  100
   91   86   82   78   76   76   77   80   84   88   90   91   90   90   88   86
   84   82   78   76   72   70   68   64   60   57   55   55   58   64   70   78
   83   87   91   97  101  108  117  128  138
    45.0-180.0 180.0   5.0 450.0                            LAT/LON1/LON2/DLON/H
  150  159  166  170  172  173  173  171  167  162  156  149  145  144  144  145
  145  145  144  145  146  148  148  149  148  147  143  137  130  121  113  106
   98   93   89   86   84   83   84   87   90   93   96   96   97   96   95   96
   94   92   90   88   84   81   77   73   68   63   60   59   62   70   78   87
   93   98  103  108  113  119  128  138  150
    42.5-180.0 180.0   5.0 450.0                            LAT/LON1/LON2/DLON/H
  162  172  179  183  183  184  185  184  182  177  171  164  158  156  156  157
  155  153  151  152  155  157  158  159  158  156  149  140  131  122  113  107
  100   96   92   90   89   88   89   91   94   97   98   99  100  101  102  103
  103  103  102   99   95   91   86   80   74   68   64   63   68   76   85   96
  104  111  118  122  128  134  142  151  162
    40.0-180.0 180.0   5.0 450.0                            LAT/LON1/LON2/DLON/H
  176  185  190  193  192  192  192  193  192  188  183  177  173  171  169  169
  166  162  161  162  165  167  169  170  170  168  158  144  131  120  112  105
  101   97   94   92   91   91   92   93   96   98  100  102  103  104  107  110
  112  113  112  109  104   98   92   86   79   72   67   67   72   82   93  105
  115  124  132  138  143  150  157  166  176
    37.5-180.0 180.0   5.0 450.0                            LAT/LON1/LON2/DLON/H
  191  199  203  202  199  197  197  198  199  198  195  190  188  186  184  182
  178  174  173  174  178  181  182  183  183  179  167  151  133  119  109  103
   99   95   93   92   92   93   94   95   98  101  102  104  107  109  112  116
  119  120  118  113  107  101   96   89   82   74   70   70   77   88  101  113
  125  137  147  155  161  166  173  183  191
    35.0-180.0 180.0   5.0 450.0                            LAT/LON1/LON2/DLON/H
  207  212  216  214  209  203  202  203  206  208  206  202  200  200  200  198
  193  189  186  188  192  195  196  197  195  189  176  157  137  120  109  101
   97   94   93   93   94   96   97   98  101  104  106  108  111  114  116  120
  122  122  119  113  107  102   96   89   82   75   72   73   81   93  107  121
  134  149  162  171  178  184  190  199  207
    32.5-180.0 180.0   5.0 450.0                            LAT/LON1/LON2/DLON/H
  227  232  236  233  225  216  211  211  214  217  218  215  213  215  216  215
  210  206  202  204  207  208  208  208  205  198  184  164  143  124  112  104
  100   97   96   97   99  101  102  103  105  109  110  113  115  118  118  121
  122  120  116  109  103   97   92   86   80   74   71   74   84   96  112  127
  144  160  175  187  196  205  213  219  227
    30.0-180.0 180.0   5.0 450.0                            LAT/LON1/LON2/DLON/H
  252  260  264  261  250  238  230  225  227  230  230  227  227  229  231  232
  230  225  221  220  221  221  219  217  212  204  190  171  152  133  122  114
  110  108  107  108  108  109  109  110  111  114  115  118  120  120  119  119
  118  115  109  101   95   90   85   81   75   71   70   74   85   99  115  133
  150  167  187  202  215  228  237  245  252
    27.5-180.0 180.0   5.0 450.0                            LAT/LON1/LON2/DLON/H
  285  299  305  301  289  273  260  251  248  247  245  241  241  244  246  250
  250  247  242  238  236  233  228  222  215  208  196  180  163  149  140  133
  130  129  127  127  124  121  118  118  117  118  120  122  123  121  118  117
  114  107  100   92   86   81   77   73   69   66   67   74   87  102  119  136
  154  173  195  217  236  252  264  276  285
    25.0-180.0 180.0   5.0 450.0                            LAT/LON1/LON2/DLON/H
  326  342  354  353  340  323  303  288  278  271  265  260  259  262  264  270
  270  268  262  256  250  242  232  224  217  212  203  192  180  171  165  161
  162  159  160  157  148  138  132  133  127  122  123  124  125  121  117  114
  108  100   91   83   76   71   67   65   63   61   64   73   87  103  120  137
  156  177  202  227  256  276  292  310  326
    22.5-180.0 180.0   5.0 450.0                            LAT/LON1/LON2/DLON/H
  363  387  405  414  403  380  353  334  318  303  292  285  282  285  288  293
  293  290  284  275  262  249  235  227  222  219  214  207  202  200  199  198
  201  200  195  191  177  158  146  148  138  124  125  128  128  123  117  111
  103   93   84   74   67   62   60   59   57   57   60   72   88  105  122  139
  158  182  210  240  272  297  320  342  363
    20.0-180.0 180.0   5.0 450.0                            LAT/LON1/LON2/DLON/H
  392  423  452  471  465  442  412  390  367  347  328  317  311  313  316  321
  320  316  307  294  276  256  240  234  231  232  230  226  229  235  240  240
  244  239  231  221  200  176  158  152  138  124  124  131  130  123  116  107
   98   88   77   67   60   57   56   56   54   54   58   71   88  106  124  141
  161  187  216  252  285  314  340  366  392
    17.5-180.0 180.0   5.0 450.0                            LAT/LON1/LON2/DLON/H
  407  443  483  512  516  499  467  444  421  397  373  357  349  349  350  355
  352  346  332  314  290  267  250  245  247  249  249  246  249  264  275  277
  277  266  255  238  209  180  159  147  131  121  120  128  127  122  114  104
   94   84   73   65   59   56   55   55   54   53   57   71   89  109  127  144
  164  191  222  260  296  326  353  379  407
    15.0-180.0 180.0   5.0 450.0                            LAT/LON1/LON2/DLON/H
  407  445  487  529  549  537  511  488  468  445  424  405  393  392  391  394
  389  379  360  338  310  283  265  261  263  264  263  262  260  272  284  289
  285  273  264  242  209  180  159  143  129  119  117  121  123  118  112  102
   92   83   74   66   61   58   58   57   55   53   59   72   92  113  132  148
  167  195  229  267  305  334  359  381  407
    12.5-180.0 180.0   5.0 450.0                            LAT/LON1/LON2/DLON/H
  393  423  468  515  550  553  534  518  504  486  470  450  440  440  441  438
  431  418  394  368  335  303  285  282  279  276  275  272  265  264  268  271
  265  262  254  237  211  187  168  150  133  120  115  113  116  113  107  101
   92   84   75   68   63   61   60   59   55   53   58   73   93  116  135  152
  171  200  235  272  310  339  360  375  393
    10.0-180.0 180.0   5.0 450.0                            LAT/LON1/LON2/DLON/H
  373  393  431  481  523  541  535  528  526  518  505  493  487  488  492  486
  477  460  432  403  366  330  312  305  298  292  287  278  268  255  245  241
  241  242  241  231  215  199  182  164  144  126  117  108  109  105  102   98
   91   83   75   68   64   62   61   59   55   52   56   71   92  117  137  155
  175  204  239  276  312  340  357  365  373
     7.5-180.0 180.0   5.0 450.0                            LAT/LON1/LON2/DLON/H
  356  365  393  440  483  508  516  523  532  534  529  524  523  528  536  532
  519  497  468  437  400  365  346  333  322  313  302  290  271  251  230  220
  221  227  233  231  223  211  196  181  161  138  124  110  105  100   98   95
   89   80   72   66   63   61   60   58   53   49   53   68   90  115  137  156
  179  208  245  280  316  341  355  357  356
     5.0-180.0 180.0   5.0 450.0                            LAT/LON1/LON2/DLON/H
  348  347  365  406  445  472  488  503  521  533  537  539  544  554  563  563
  549  526  497  466  432  402  380  361  346  332  318  303  279  253  226  212
  214  224  236  238  232  222  210  199  180  158  140  115  105   99   97   93
   84   76   68   62   59   57   56   55   51   46   49   63   86  111  135  156
  180  212  246  285  320  345  355  355  348
     2.5-180.0 180.0   5.0 450.0                            LAT/LON1/LON2/DLON/H
  352  350  360  391  422  444  461  479  500  517  527  535  546  558  569  571
  559  540  517  490  458  430  405  384  366  350  334  318  290  260  233  217
  221  231  243  246  241  234  229  220  200  176  154  122  111  103   98   90
   79   71   63   58   54   52   52   51   48   43   44   58   80  107  131  154
  180  210  246  285  325  350  361  359  352
