data/IONEX/CVBB2870.21i
     1.0            IONOSPHERE MAPS     MIX                 IONEX VERSION / TYPE
cmpcmb v1.2          GRL/UWM            28-oct-21 01:48     PGM / RUN BY / DATE 
ionex file containing IGS COMBINED Ionosphere maps          COMMENT             
global ionosphere maps for day 287, 2021                    DESCRIPTION         
IONEX file containing the COMBINED IGS TEC MAPS and DCBs    DESCRIPTION         
      IONEX files of the following IAACs were combined: cod DESCRIPTION         
                                                        esa DESCRIPTION         
                                                        jpl DESCRIPTION         
                                                        upc DESCRIPTION         
Contact address: Andrzej Krankowski                         DESCRIPTION
                 Geodynamics Research Laboratory            DESCRIPTION
                 University of Warmia and Mazury (GRL/UWM)  DESCRIPTION
                 Oczapowski St. 1                           DESCRIPTION
                 10-957-Olsztyn, POLAND                     DESCRIPTION
                 e-mail:  kand@uwm.edu.pl                   DESCRIPTION
                                                            DESCRIPTION         
  2021    10    14     0     0     0                        EPOCH OF FIRST MAP  
  2021    10    15     0     0     0                        EPOCH OF LAST MAP   
  7200                                                      INTERVAL            
    13                                                      # OF MAPS IN FILE   
  COSZ                                                      MAPPING FUNCTION    
     0.0                                                    ELEVATION CUTOFF    
combined TEC calculated as weighted mean of input TEC valuesOBSERVABLES USED    
   357                                                      # OF STATIONS       
    32                                                      # OF SATELLITES     
  6371.0                                                    BASE RADIUS         
     2                                                      MAP DIMENSION       
   450.0 450.0   0.0                                        HGT1 / HGT2 / DHGT  
    87.5 -87.5  -2.5                                        LAT1 / LAT2 / DLAT  
  -180.0 180.0   5.0                                        LON1 / LON2 / DLON  
    -1                                                      EXPONENT            
TEC values in 0.1 tec units;  9999, if no value available   COMMENT             
DCB values in nanoseconds, reference is Sum_of_SatDCBs = 0  COMMENT             
                                                            END OF HEADER       
[from data line 4719]
    12                                                      START OF TEC MAP    
  2021    10    14    22     0     0                        EPOCH OF CURRENT MAP
    87.5-180.0 180.0   5.0 450.0                            LAT/LON1/LON2/DLON/H
   57   56   57   58   59   60   60   61   62   62   63   65   65   65   65   66
   67   67   68   67   67   66   67   66   66   65   64   62   61   60   59   56
   55   54   52   51   50   49   48   48   47   46   45   45   44   45   45   45
   45   46   45   45   46   46   47   48   48   49   49   50   50   51   51   52
   53   53   53   54   55   54   55   55   57
    85.0-180.0 180.0   5.0 450.0                            LAT/LON1/LON2/DLON/H
   54   56   57   59   61   63   66   68   70   74   76   77   79   81   81   81
   81   82   81   82   81   80   80   78   76   73   70   66   64   64   61   59
   57   54   53   50   49   47   46   44   43   41   41   39   38   38   37   36
   37   38   38   39   39   41   42   43   44   45   46   47   47   48   49   49
   50   51   51   51   51   53   53   53   54
    82.5-180.0 180.0   5.0 450.0                            LAT/LON1/LON2/DLON/H
   58   60   63   66   70   72   76   79   82   85   89   91   94   95   98   99
  100  100  100   99   96   95   95   87   86   83   81   77   74   70   67   63
   61   58   55   53   51   48   47   45   43   43   42   42   41   41   39   39
   38   37   38   38   39   40   41   43   44   45   46   47   48   48   49   50
   50   50   51   52   52   53   55   56   58
    80.0-180.0 180.0   5.0 450.0                            LAT/LON1/LON2/DLON/H
   61   63   66   69   72   76   82   86   91   97  101  106  109  112  116  115
  117  115  113  111  106  103  104   97   93   90   87   84   80   76   73   69
   65   62   58   55   53   51   49   49   48   47   47   47   46   46   46   45
   44   44   43   43   44   44   45   46   47   48   48   49   50   51   51   51
   52   52   53   54   55   56   58   59   61
    77.5-180.0 180.0   5.0 450.0                            LAT/LON1/LON2/DLON/H
   63   65   66   70   74   80   85   91   98  104  110  116  122  125  126  126
  125  122  119  116  112  108  101  101   96   92   89   84   81   77   74   71
   69   67   64   60   58   55   55   54   53   52   51   50   50   50   49   50
   50   50   50   49   49   49   49   50   50   50   51   51   51   52   52   53
   53   54   55   56   58   58   60   61   63
    75.0-180.0 180.0   5.0 450.0                            LAT/LON1/LON2/DLON/H
   64   66   68   70   74   79   84   91   98  106  114  121  126  129  129  129
  128  124  119  114  109  102   98   95   93   89   86   83   80   77   74   72
   70   68   65   63   61   59   58   58   58   57   57   55   54   52   52   53
   53   54   54   54   53   53   53   52   51   51   50   50   50   50   51   52
   53   54   56   58   60   61   62   63   64
    72.5-180.0 180.0   5.0 450.0                            LAT/LON1/LON2/DLON/H
   67   68   69   70   73   78   83   89   97  106  114  122  126  128  131  131
  126  121  114  107  101   96   91   86   83   83   79   77   75   72   71   69
   68   67   66   63   61   60   59   58   58   58   58   57   55   54   54   55
   55   55   55   55   55   54   53   51   50   49   48   47   46   47   48   49
   51   53   56   59   61   63   65   66   67
    70.0-180.0 180.0   5.0 450.0                            LAT/LON1/LON2/DLON/H
   71   72   72   71   73   76   80   86   94  103  112  120  125  128  130  128
  123  114  105   99   93   88   82   76   74   73   70   67   66   66   64   62
   62   62   62   61   59   57   57   56   56   55   54   53   52   51   51   51
   51   52   51   51   52   51   50   48   46   44   42   41   41   41   43   45
   47   51   55   58   62   66   69   70   71
    67.5-180.0 180.0   5.0 450.0                            LAT/LON1/LON2/DLON/H
   77   77   76   76   76   76   79   83   89   98  109  118  124  129  131  128
  118  109  102   93   87   81   75   69   66   65   61   59   58   57   56   55
   56   56   56   56   55   53   52   51   50   49   49   48   46   45   44   45
   44   44   43   44   44   44   43   41   39   37   36   35   35   35   37   40
   44   48   53   58   63   68   72   75   77
    65.0-180.0 180.0   5.0 450.0                            LAT/LON1/LON2/DLON/H
   82   83   83   82   81   80   81   82   87   95  105  115  123  129  132  127
  120  111  102   92   84   78   73   67   62   58   55   52   50   49   48   48
   49   49   49   49   48   47   45   44   43   42   42   40   39   38   37   37
   36   36   36   35   36   35   35   33   32   31   30   29   29   30   33   36
   40   46   51   57   64   70   74   79   82
    62.5-180.0 180.0   5.0 450.0                            LAT/LON1/LON2/DLON/H
   88   91   92   91   88   87   85   86   89   95  104  113  120  127  130  128
  123  114  106   96   87   82   75   68   62   56   51   47   44   42   42   42
   42   42   42   42   41   39   38   36   35   35   35   35   35   34   33   32
   31   31   30   29   29   29   29   28   27   26   25   25   27   28   31   35
   40   45   51   57   64   70   77   84   88
    60.0-180.0 180.0   5.0 450.0                            LAT/LON1/LON2/DLON/H
   94   99  100  100   98   95   93   93   93   98  104  111  119  125  128  129
  125  119  113  104   96   90   82   73   66   58   51   46   42   40   39   38
   38   38   38   37   35   33   32   31   31   32   33   35   35   34   33   31
   30   29   28   26   26   26   26   25   24   24   24   25   27   29   33   37
   43   48   53   57   65   71   78   86   94
    57.5-180.0 180.0   5.0 450.0                            LAT/LON1/LON2/DLON/H
   98  105  109  110  108  105  104  101  100  102  107  112  119  124  127  129
  127  123  119  113  107  101   93   85   77   67   58   53   49   46   43   41
   40   38   37   36   34   33   31   32   33   35   37   39   40   39   37   36
   34   32   30   28   27   27   27   26   25   25   25   27   30   33   38   43
   49   53   57   62   66   72   80   89   98
    55.0-180.0 180.0   5.0 450.0                            LAT/LON1/LON2/DLON/H
  102  111  117  119  119  117  115  112  109  109  111  114  119  123  126  128
  128  126  124  121  117  111  105   98   89   79   72   66   61   58   54   49
   46   44   41   39   38   37   37   38   41   43   45   48   48   47   46   43
   41   39   37   35   33   32   32   31   30   29   30   32   35   40   45   52
   57   62   64   67   70   75   83   92  102
    52.5-180.0 180.0   5.0 450.0                            LAT/LON1/LON2/DLON/H
  107  117  124  128  130  130  128  123  120  117  117  118  120  123  126  128
  128  128  126  124  122  118  112  106   98   90   85   80   75   72   66   60
   55   51   47   45   44   45   47   49   52   55   57   58   58   58   57   54
   51   49   47   45   43   42   40   39   37   36   36   37   41   47   54   61
   66   70   73   74   77   80   87   97  107
    50.0-180.0 180.0   5.0 450.0                            LAT/LON1/LON2/DLON/H
  113  123  131  137  141  142  141  138  134  128  124  123  123  125  127  129
  130  130  128  127  125  121  116  111  105  101   97   94   89   86   78   70
   64   59   55   54   54   55   58   61   63   67   69   69   69   69   67   65
   62   61   59   58   55   53   51   49   46   44   43   44   47   53   61   70
   76   80   83   84   85   88   94  103  113
    47.5-180.0 180.0   5.0 450.0                            LAT/LON1/LON2/DLON/H
  123  131  138  145  150  153  154  152  148  141  135  130  128  128  130  131
  132  132  130  128  126  123  119  115  112  109  108  105  101   96   87   77
   69   64   62   62   63   66   68   71   74   77   78   78   77   77   75   74
   72   72   71   70   67   64   61   58   54   51   49   49   53   59   68   78
   85   90   93   95   96   99  105  113  123
    45.0-180.0 180.0   5.0 450.0                            LAT/LON1/LON2/DLON/H
  134  141  147  153  158  161  164  164  160  154  147  140  136  134  135  136
  136  135  133  131  129  127  123  120  117  116  114  111  106   99   89   79
   71   67   66   69   71   74   78   80   82   84   84   84   82   82   81   81
   81   82   82   80   78   75   70   66   61   57   54   55   58   66   74   85
   93   99  104  107  110  112  118  125  134
    42.5-180.0 180.0   5.0 450.0                            LAT/LON1/LON2/DLON/H
  146  153  157  161  163  168  172  173  171  166  159  152  145  143  143  143
  142  141  138  136  134  133  130  127  123  119  115  111  104   96   85   76
   69   66   68   72   76   80   83   85   86   87   87   86   86   86   86   87
   88   89   90   89   86   82   77   72   67   62   59   59   63   71   80   91
  101  109  115  120  124  127  134  139  146
    40.0-180.0 180.0   5.0 450.0                            LAT/LON1/LON2/DLON/H
  160  165  168  169  170  173  177  180  180  177  171  164  157  154  152  152
  151  150  146  145  142  142  139  136  130  122  114  106   97   88   79   71
   66   65   69   74   79   83   85   87   88   88   89   88   89   89   90   92
   94   95   95   93   90   85   81   76   71   66   62   63   67   76   87   98
  109  118  126  132  136  142  148  154  160
    37.5-180.0 180.0   5.0 450.0                            LAT/LON1/LON2/DLON/H
  173  178  180  178  177  179  183  187  189  187  182  175  170  166  164  163
  161  161  158  157  154  153  150  144  136  124  112  100   88   80   72   67
   64   65   69   75   81   84   87   88   89   89   90   91   92   94   95   96
   97   97   95   92   89   86   82   78   73   69   66   66   72   81   93  104
  116  126  135  142  149  155  161  168  173
    35.0-180.0 180.0   5.0 450.0                            LAT/LON1/LON2/DLON/H
  186  191  194  190  187  186  189  192  195  195  192  186  181  178  176  175
  174  173  171  171  169  166  161  152  143  127  110   94   80   74   70   66
   65   67   71   77   82   87   89   90   91   92   93   95   97   98   98   97
   96   95   92   90   87   84   82   78   74   70   68   70   76   87   99  112
  123  134  143  151  160  167  173  180  186
    32.5-180.0 180.0   5.0 450.0                            LAT/LON1/LON2/DLON/H
  199  205  209  206  200  196  196  198  200  201  201  197  194  192  190  189
  188  188  187  188  186  180  172  161  150  133  111   94   81   75   74   73
   73   74   76   81   86   91   92   93   95   97   99  102  103  102  100   98
   95   92   89   86   84   82   80   78   74   71   70   73   80   92  105  117
  129  140  151  160  169  178  185  192  199
    30.0-180.0 180.0   5.0 450.0                            LAT/LON1/LON2/DLON/H
  212  220  226  223  216  209  207  207  207  208  211  210  208  207  206  206
  205  205  206  207  203  194  181  172  158  140  119  103   92   87   87   88
   88   88   87   89   93   97   97   98  100  103  106  109  108  106  102   97
   93   89   86   83   81   80   79   76   74   71   70   74   83   96  109  122
  134  144  157  167  177  188  197  205  212
    27.5-180.0 180.0   5.0 450.0                            LAT/LON1/LON2/DLON/H
  230  240  246  244  237  229  223  220  219  220  224  225  226  225  225  225
  224  227  233  228  219  205  190  182  168  151  133  119  111  109  111  112
  111  108  104  103  105  105  104  104  107  111  114  116  115  109  103   97
   91   87   84   81   78   77   76   74   71   69   69   74   84   97  111  124
  137  149  162  173  186  199  210  220  230
    25.0-180.0 180.0   5.0 450.0                            LAT/LON1/LON2/DLON/H
  251  261  269  269  263  253  246  239  236  237  240  243  247  249  247  246
  245  252  259  250  234  214  199  191  181  171  157  146  140  141  144  143
  139  131  124  121  120  118  115  113  114  118  120  121  118  111  103   96
   90   84   80   77   75   73   73   71   69   66   67   72   83   97  112  125
  138  151  166  179  195  211  225  240  251
    22.5-180.0 180.0   5.0 450.0                            LAT/LON1/LON2/DLON/H
  274  286  294  298  293  283  272  264  259  260  262  268  273  277  274  272
  269  278  283  271  247  224  210  206  204  201  192  183  180  183  186  180
  172  160  147  142  137  133  127  123  121  124  125  126  121  112  103   96
   88   81   77   74   71   70   69   67   66   63   64   70   81   97  112  125
  137  151  167  184  204  222  241  259  274
    20.0-180.0 180.0   5.0 450.0                            LAT/LON1/LON2/DLON/H
  296  310  319  326  323  315  304  296  290  288  290  296  304  310  308  306
  300  307  309  292  263  240  228  232  240  241  234  225  230  230  232  221
  208  192  177  169  161  151  143  137  133  132  132  130  123  113  104   95
   86   80   75   72   69   68   66   65   63   60   61   67   80   96  112  124
  135  150  169  189  212  235  256  280  296
    17.5-180.0 180.0   5.0 450.0                            LAT/LON1/LON2/DLON/H
  316  329  341  350  350  346  339  332  324  321  322  330  339  347  346  346
  339  342  336  316  284  262  255  268  282  287  278  267  267  271  267  256
  242  226  210  200  190  174  161  151  145  141  140  133  123  114  106   96
   88   81   76   72   70   67   65   63   60   58   59   66   80   97  113  125
  135  150  171  195  221  246  273  296  316
    15.0-180.0 180.0   5.0 450.0                            LAT/LON1/LON2/DLON/H
  328  343  358  370  373  371  369  367  360  355  356  364  375  386  387  387
  382  377  364  340  309  292  290  306  323  327  314  301  293  287  280  271
  261  252  240  229  216  196  178  163  153  145  143  132  123  116  110   99
   92   86   80   76   72   69   66   62   59   56   57   65   81  100  116  128
  138  152  174  200  229  257  285  309  328
    12.5-180.0 180.0   5.0 450.0                            LAT/LON1/LON2/DLON/H
  336  352  368  382  389  391  394  395  392  387  391  399  411  425  431  427
  420  410  392  364  336  323  328  343  357  356  337  318  293  280  272  267
  266  267  265  258  240  216  192  171  156  146  143  131  123  119  115  107
   97   92   85   79   74   70   66   61   57   55   56   66   84  104  121  133
  142  157  179  206  236  265  294  318  336
    10.0-180.0 180.0   5.0 450.0                            LAT/LON1/LON2/DLON/H
  341  358  373  389  400  406  411  416  417  417  419  427  447  463  471  464
  453  439  417  388  362  353  363  375  380  370  348  312  275  258  250  254
  263  275  283  280  261  234  204  176  155  143  139  128  125  123  120  112
  104   97   89   83   77   72   67   61   57   54   55   67   87  109  128  139
  149  164  186  213  242  271  299  323  341
     7.5-180.0 180.0   5.0 450.0                            LAT/LON1/LON2/DLON/H
  344  362  378  393  406  415  423  431  436  437  439  450  472  495  503  494
  478  463  441  417  394  386  393  397  394  370  339  293  252  235  230  244
  264  282  296  296  277  248  214  181  157  142  137  127  126  125  122  116
  108  101   93   86   78   73   68   62   57   53   56   69   91  116  135  148
  157  171  193  219  246  273  300  325  344
     5.0-180.0 180.0   5.0 450.0                            LAT/LON1/LON2/DLON/H
  346  366  383  400  412  422  432  441  448  451  454  464  484  509  521  514
  498  482  463  444  426  417  416  408  394  361  319  273  235  223  222  242
  267  288  303  304  286  257  222  187  159  140  134  126  125  124  122  118
  110  102   93   86   79   74   69   63   57   53   56   71   94  120  141  155
  166  180  199  224  248  274  300  325  346
     2.5-180.0 180.0   5.0 450.0                            LAT/LON1/LON2/DLON/H
  348  371  392  410  422  430  438  448  456  460  463  471  487  508  523  521
  508  492  477  465  451  442  433  416  390  349  303  260  229  223  229  248
  271  290  303  304  288  261  228  193  160  135  129  124  123  121  121  118
  109  101   92   85   80   75   70   64   58   54   56   71   95  121  144  159
  172  185  204  225  248  271  299  325  348
