data/IONEX/CVBB2790.21i
     1.0            IONOSPHERE MAPS     MIX                 IONEX VERSION / TYPE
cmpcmb v1.2          GRL/UWM            27-oct-21 23:28     PGM / RUN BY / DATE 
ionex file containing IGS COMBINED Ionosphere maps          COMMENT             
global ionosphere maps for day 279, 2021                    DESCRIPTION         
IONEX file containing the COMBINED IGS TEC MAPS and DCBs    DESCRIPTION         
      IONEX files of the following IAACs were combined: cod DESCRIPTION         
                                                        esa DESCRIPTION         
                                                        jpl DESCRIPTION         
                                                        upc DESCRIPTION         
Contact address: Andrzej Krankowski                         DESCRIPTION
                 Geodynamics Research Laboratory            DESCRIPTION
                 University of Warmia and Mazury (GRL/UWM)  DESCRIPTION
                 Oczapowski St. 1                           DESCRIPTION
                 10-957-Olsztyn, POLAND                     DESCRIPTION
                 e-mail:  kand@uwm.edu.pl                   DESCRIPTION
                                                            DESCRIPTION         
  2021    10     6     0     0     0                        EPOCH OF FIRST MAP  
  2021    10     7     0     0     0                        EPOCH OF LAST MAP   
  7200                                                      INTERVAL            
    13                                                      # OF MAPS IN FILE   
  COSZ                                                      MAPPING FUNCTION    
     0.0                                                    ELEVATION CUTOFF    
combined TEC calculated as weighted mean of input TEC valuesOBSERVABLES USED    
   365                                                      # OF STATIONS       
    32                                                      # OF SATELLITES     
  6371.0                                                    BASE RADIUS         
     2                                                      MAP DIMENSION       
   450.0 450.0   0.0                                        HGT1 / HGT2 / DHGT  
    87.5 -87.5  -2.5                                        LAT1 / LAT2 / DLAT  
  -180.0 180.0   5.0                                        LON1 / LON2 / DLON  
    -1                                                      EXPONENT            
TEC values in 0.1 tec units;  9999, if no value available   COMMENT             
DCB values in nanoseconds, reference is Sum_of_SatDCBs = 0  COMMENT             
                                                            END OF HEADER       
[from data line 5148]
    13                                                      START OF TEC MAP    
  2021    10     7     0     0     0                        EPOCH OF CURRENT MAP
    87.5-180.0 180.0   5.0 450.0                            LAT/LON1/LON2/DLON/H
   58   58   59   59   59   59   59   59   59   59   59   59   59   59   59   58
   57   57   56   56   55   55   54   54   53   53   52   51   51   50   50   49
   49   48   47   47   47   47   47   47   47   47   47   47   47   48   49   50
   50   50   51   51   52   52   53   53   53   54   54   54   55   55   56   56
   56   56   56   57   57   58   58   58   58
    85.0-180.0 180.0   5.0 450.0                            LAT/LON1/LON2/DLON/H
   61   61   61   62   63   63   64   64   64   65   65   65   65   65   65   64
   64   62   62   60   59   58   56   55   54   52   51   48   47   46   44   43
   42   41   40   40   40   40   40   40   41   42   42   43   44   44   45   46
   47   48   49   50   52   52   54   54   55   56   56   57   57   58   58   59
   59   59   60   60   60   61   61   61   61
    82.5-180.0 180.0   5.0 450.0                            LAT/LON1/LON2/DLON/H
   62   62   62   63   64   65   66   67   68   70   71   72   72   72   72   73
   71   69   68   66   63   61   59   57   55   52   49   45   43   41   39   37
   36   35   34   34   35   35   35   37   37   39   40   41   42   43   45   46
   47   48   50   50   51   53   54   55   56   57   58   60   60   61   62   62
   62   63   62   63   62   62   62   62   62
    80.0-180.0 180.0   5.0 450.0                            LAT/LON1/LON2/DLON/H
   63   63   63   64   65   67   69   71   74   77   79   81   83   85   85   85
   83   80   78   74   70   63   60   58   51   48   46   43   40   38   36   33
   32   31   31   31   31   32   33   35   37   38   40   41   43   44   45   46
   47   48   49   50   52   53   54   55   57   59   60   61   63   64   65   65
   66   66   66   65   65   64   64   63   63
    77.5-180.0 180.0   5.0 450.0                            LAT/LON1/LON2/DLON/H
   66   66   66   66   67   69   72   75   79   83   86   89   91   92   93   94
   92   89   85   80   75   69   61   57   52   46   41   38   35   34   32   31
   30   29   30   30   31   32   33   35   37   39   41   43   44   45   46   47
   47   47   48   49   50   51   53   54   56   58   60   62   64   66   67   68
   69   70   70   69   69   68   67   67   66
    75.0-180.0 180.0   5.0 450.0                            LAT/LON1/LON2/DLON/H
   70   69   68   68   69   71   74   79   83   87   91   94   97  100  101  101
   99   93   88   83   77   70   63   57   50   45   40   36   33   31   29   28
   28   28   29   30   32   34   35   37   38   40   42   43   44   45   45   45
   45   45   45   45   46   47   49   51   53   56   59   61   65   67   69   71
   72   73   74   74   74   73   72   71   70
    72.5-180.0 180.0   5.0 450.0                            LAT/LON1/LON2/DLON/H
   76   74   73   72   72   74   78   82   87   91   96   99  102  105  105  104
   99   95   90   86   79   72   64   56   51   44   39   35   33   32   30   29
   29   29   30   32   33   35   37   38   39   40   41   42   42   43   43   42
   41   41   41   41   41   43   45   47   50   53   56   60   63   66   69   72
   74   76   78   79   80   79   79   78   76
    70.0-180.0 180.0   5.0 450.0                            LAT/LON1/LON2/DLON/H
   82   81   79   77   76   78   81   85   90   95   99  102  104  105  104  102
   99   95   90   85   78   72   64   55   50   46   40   37   34   33   32   31
   31   31   32   32   33   34   36   37   38   38   39   40   40   40   40   39
   37   37   36   36   37   38   41   43   47   50   54   58   61   65   68   71
   75   77   80   82   84   85   85   84   82
    67.5-180.0 180.0   5.0 450.0                            LAT/LON1/LON2/DLON/H
   89   87   84   81   80   80   83   86   91   95   99  101  103  103  101  100
   96   92   88   84   77   72   64   56   51   47   42   38   36   34   33   32
   32   32   32   32   32   33   33   35   35   36   36   36   36   37   36   35
   33   33   32   32   33   35   37   40   44   48   52   57   60   63   67   70
   73   77   81   85   87   90   91   91   89
    65.0-180.0 180.0   5.0 450.0                            LAT/LON1/LON2/DLON/H
   95   92   89   85   83   83   83   87   90   94   97   99  100   99   97   95
   93   89   86   83   77   72   64   58   53   48   43   39   37   36   35   33
   32   32   31   31   31   31   31   31   31   32   32   32   32   33   33   32
   31   30   29   29   30   32   35   38   42   48   52   57   60   63   66   69
   72   76   81   86   90   93   95   96   95
    62.5-180.0 180.0   5.0 450.0                            LAT/LON1/LON2/DLON/H
  100   98   94   89   86   84   84   86   90   92   95   96   95   94   93   91
   90   88   87   84   79   74   66   60   54   48   44   40   38   36   36   34
   33   32   31   30   30   29   28   27   27   28   29   30   30   31   32   31
   30   29   28   28   29   31   34   38   42   48   53   58   62   65   66   69
   71   76   81   86   91   95   99  101  100
    60.0-180.0 180.0   5.0 450.0                            LAT/LON1/LON2/DLON/H
  106  103   99   93   89   86   85   86   88   91   92   93   92   90   89   89
   89   89   89   88   82   77   69   62   56   50   44   41   38   36   35   34
   33   32   31   29   29   27   27   26   26   28   29   31   33   33   34   33
   32   30   29   28   29   31   34   38   44   51   57   63   66   68   69   71
   74   77   83   88   95  100  104  106  106
    57.5-180.0 180.0   5.0 450.0                            LAT/LON1/LON2/DLON/H
  114  111  106  101   94   89   86   86   87   89   90   90   89   88   88   89
   90   91   92   90   87   80   72   65   59   51   46   43   40   38   36   34
   33   32   31   29   29   29   29   30   31   33   35   37   38   39   37   37
   35   33   31   30   30   32   35   40   47   55   62   68   71   74   75   77
   80   83   89   95  101  107  111  114  114
    55.0-180.0 180.0   5.0 450.0                            LAT/LON1/LON2/DLON/H
  126  124  119  113  105   97   92   89   89   89   90   90   89   89   90   91
   93   96   97   95   90   84   76   68   63   56   51   48   45   42   39   37
   35   34   34   34   35   36   37   39   40   42   44   46   47   45   43   42
   40   38   36   34   33   34   38   44   51   60   67   75   79   82   85   86
   89   94  101  107  113  118  123  125  126
    52.5-180.0 180.0   5.0 450.0                            LAT/LON1/LON2/DLON/H
  144  142  139  132  124  112  103   98   95   94   94   94   93   93   94   95
   98  101  101   98   94   86   80   74   69   65   62   58   54   50   46   43
   42   42   43   45   47   48   50   52   52   54   56   56   55   52   50   48
   46   44   41   39   38   39   43   50   57   67   74   82   88   92   95   98
  102  110  118  125  130  134  139  142  144
    50.0-180.0 180.0   5.0 450.0                            LAT/LON1/LON2/DLON/H
  165  167  163  159  149  135  121  113  108  104  102  101  101  100  101  102
  103  105  104  101   96   90   85   82   77   76   74   70   64   61   56   53
   53   54   56   59   61   63   65   66   65   65   66   65   64   61   57   56
   54   52   49   47   46   48   52   58   65   74   83   91   98  102  107  112
  118  128  139  146  153  157  161  163  165
    47.5-180.0 180.0   5.0 450.0                            LAT/LON1/LON2/DLON/H
  191  194  192  185  175  162  145  132  124  119  116  113  111  110  110  111
  111  110  107  103   99   95   92   90   89   89   87   80   75   71   67   65
   65   67   70   73   75   78   79   78   77   76   74   73   71   69   66   65
   63   63   61   58   56   58   61   66   74   83   93  101  108  113  119  127
  136  147  162  169  177  182  186  188  191
    45.0-180.0 180.0   5.0 450.0                            LAT/LON1/LON2/DLON/H
  216  220  218  212  200  187  170  154  143  136  131  128  125  123  121  121
  119  117  112  108  103  100  100  100  100  101   98   91   85   80   77   75
   76   78   82   85   88   89   89   88   86   83   81   78   77   75   74   75
   75   75   72   70   66   66   69   75   84   94  104  112  119  124  130  139
  151  164  182  193  201  207  211  212  216
    42.5-180.0 180.0   5.0 450.0                            LAT/LON1/LON2/DLON/H
  237  239  239  232  223  208  192  176  163  154  147  142  139  137  135  134
  129  125  119  116  111  107  108  108  109  109  106   98   91   87   84   83
   84   87   90   93   96   96   95   93   91   88   85   83   82   82   82   84
   86   85   82   77   74   74   77   85   94  104  114  122  128  134  138  148
  162  181  199  211  221  227  234  234  237
    40.0-180.0 180.0   5.0 450.0                            LAT/LON1/LON2/DLON/H
  256  258  255  247  234  221  206  193  181  170  162  156  152  150  148  147
  141  135  128  125  120  116  116  115  114  112  108  100   93   89   86   86
   88   91   95   97   99   99   97   96   93   91   89   88   87   88   90   92
   93   92   88   82   79   79   84   93  103  114  123  130  135  140  145  154
  168  192  211  223  235  244  251  254  256
    37.5-180.0 180.0   5.0 450.0                            LAT/LON1/LON2/DLON/H
  271  271  263  251  239  226  215  204  194  183  175  167  164  162  161  160
  154  147  138  135  130  126  123  120  117  113  107   98   92   88   87   88
   90   93   95   98  100   99   97   96   95   94   93   93   94   94   96   97
   98   96   91   85   82   84   91  101  112  123  131  137  141  145  150  157
  171  195  218  231  244  255  264  269  271
    35.0-180.0 180.0   5.0 450.0                            LAT/LON1/LON2/DLON/H
  284  278  266  250  238  229  220  211  203  197  187  178  175  172  171  171
  167  159  152  145  140  134  129  122  117  110  103   95   89   86   86   88
   90   93   96   98   99   99   98   97   97   97   98   99   99   98   99  100
   99   97   91   85   83   87   96  107  119  131  139  144  148  151  156  164
  178  201  226  241  256  268  279  285  284
    32.5-180.0 180.0   5.0 450.0                            LAT/LON1/LON2/DLON/H
  298  287  274  255  240  233  226  220  214  211  199  190  185  184  182  182
  178  172  166  157  151  141  130  121  112  105   97   91   87   85   86   88
   92   94   96   99  100  100  100  100  101  102  103  103  101  100   99   99
   98   94   88   82   82   86   96  110  123  136  145  151  156  161  166  178
  194  217  240  258  274  287  299  303  298
    30.0-180.0 180.0   5.0 450.0                            LAT/LON1/LON2/DLON/H
  320  305  292  274  255  244  238  237  234  229  220  206  198  197  194  193
  188  182  175  167  158  143  126  114  105   99   94   90   88   87   89   93
   96   98  101  103  105  104  104  105  105  106  106  104  102   99   96   94
   93   89   83   78   78   83   96  110  125  139  149  156  163  171  182  199
  217  241  265  286  304  319  329  329  320
    27.5-180.0 180.0   5.0 450.0                            LAT/LON1/LON2/DLON/H
  354  338  324  306  285  272  267  265  264  259  249  230  215  212  208  201
  196  188  181  174  160  138  117  106  100   98   96   94   95   96   98  101
  104  106  109  111  110  110  110  110  109  108  106  104  101   96   92   87
   85   81   77   73   73   80   95  111  127  143  155  165  174  186  203  224
  249  273  300  322  344  361  368  366  354
    25.0-180.0 180.0   5.0 450.0                            LAT/LON1/LON2/DLON/H
  400  384  372  354  332  316  309  306  305  298  284  263  243  229  221  209
  201  193  184  176  154  128  106  102  102  106  108  109  111  112  113  114
  117  118  119  119  116  115  116  115  112  108  106  103   98   92   84   79
   75   72   69   66   68   78   93  112  130  149  164  176  188  204  226  254
  282  308  339  363  387  406  413  413  400
    22.5-180.0 180.0   5.0 450.0                            LAT/LON1/LON2/DLON/H
  450  442  431  416  396  376  365  360  355  344  323  298  274  254  234  218
  205  196  185  170  145  119  103  108  116  127  132  133  136  134  133  132
  133  133  130  126  121  119  119  117  113  108  103   98   92   84   75   69
   65   64   62   61   65   77   94  114  135  156  174  189  203  225  252  282
  311  340  372  400  427  447  456  458  450
    20.0-180.0 180.0   5.0 450.0                            LAT/LON1/LON2/DLON/H
  490  491  492  486  469  448  431  421  411  392  366  338  308  278  248  226
  211  199  186  167  140  119  110  126  144  160  169  169  165  161  156  151
  152  150  142  133  124  120  119  118  113  106   99   91   83   74   65   60
   57   57   57   58   64   77   95  118  140  163  186  204  222  246  275  305
  334  364  394  425  451  473  486  493  490
    17.5-180.0 180.0   5.0 450.0                            LAT/LON1/LON2/DLON/H
  511  523  539  545  536  517  499  485  468  443  413  380  343  304  267  239
  221  207  192  173  147  129  126  149  176  196  206  206  198  190  180  172
  170  168  154  138  126  119  119  118  113  103   92   83   75   65   57   52
   52   54   56   58   64   77   98  122  147  171  195  219  241  266  293  322
  350  375  403  428  450  473  491  505  511
    15.0-180.0 180.0   5.0 450.0                            LAT/LON1/LON2/DLON/H
  506  533  563  583  584  572  556  541  523  493  459  423  382  335  292  260
  238  224  206  189  165  151  152  177  203  223  234  237  228  217  204  191
  187  183  167  142  128  121  120  119  112  100   86   76   68   60   54   51
   52   54   57   59   66   79  101  126  153  179  205  232  256  281  307  334
  359  381  401  419  439  456  475  489  506
    12.5-180.0 180.0   5.0 450.0                            LAT/LON1/LON2/DLON/H
  482  517  558  591  603  600  591  581  564  536  501  466  422  373  324  289
  265  251  233  216  195  184  190  211  227  241  249  251  241  227  214  204
  196  192  174  148  131  122  121  120  112   97   81   71   65   60   56   53
   55   58   58   60   67   80  103  130  157  185  212  241  267  293  318  343
  364  382  395  407  419  428  441  460  482
    10.0-180.0 180.0   5.0 450.0                            LAT/LON1/LON2/DLON/H
  450  488  532  568  589  598  600  595  585  562  535  501  459  411  363  324
  301  287  270  254  236  226  231  241  244  245  247  244  233  219  212  207
  203  196  178  152  135  124  122  123  115   95   79   70   67   63   60   58
   59   60   59   59   65   80  103  132  159  187  216  247  275  301  326  347
  366  379  388  395  400  404  412  427  450
     7.5-180.0 180.0   5.0 450.0                            LAT/LON1/LON2/DLON/H
  426  457  494  526  550  568  581  588  584  571  550  526  491  445  400  364
  343  327  310  293  280  269  265  261  248  237  231  225  217  210  210  209
  206  197  179  152  135  121  121  123  113   93   78   71   69   67   65   62
   61   60   58   57   62   76  101  128  157  185  216  247  277  304  328  349
  366  377  384  387  390  391  394  405  426
     5.0-180.0 180.0   5.0 450.0                            LAT/LON1/LON2/DLON/H
  420  438  461  482  502  524  546  561  564  561  552  539  511  473  433  400
  379  361  345  327  316  301  284  266  245  228  215  210  210  210  214  211
  208  197  178  153  134  120  119  119  109   91   78   72   71   71   68   65
   62   60   57   54   58   73   97  125  153  181  210  242  273  300  325  348
  366  378  386  390  392  396  399  406  420
     2.5-180.0 180.0   5.0 450.0                            LAT/LON1/LON2/DLON/H
  443  445  448  452  462  483  510  529  534  536  536  533  518  491  455  425
  406  388  372  353  334  312  288  265  244  231  213  207  212  217  221  216
  210  197  178  151  133  120  116  112  103   89   76   73   72   72   70   65
   61   59   55   52   56   71   94  121  149  175  202  232  261  289  318  343
  369  385  397  403  410  422  427  435  443
