data/IONEX/CVBB2910.21i
     1.0            IONOSPHERE MAPS     MIX                 IONEX VERSION / TYPE
cmpcmb v1.2          GRL/UWM             6-nov-21 02:03     PGM / RUN BY / DATE 
ionex file containing IGS COMBINED Ionosphere maps          COMMENT             
global ionosphere maps for day 291, 2021                    DESCRIPTION         
IONEX file containing the COMBINED IGS TEC MAPS and DCBs    DESCRIPTION         
      IONEX files of the following IAACs were combined: cod DESCRIPTION         
                                                        esa DESCRIPTION         
                                                        jpl DESCRIPTION         
                                                        upc DESCRIPTION         
Contact address: Andrzej Krankowski                         DESCRIPTION
                 Geodynamics Research Laboratory            DESCRIPTION
                 University of Warmia and Mazury (GRL/UWM)  DESCRIPTION
                 Oczapowski St. 1                           DESCRIPTION
                 10-957-Olsztyn, POLAND                     DESCRIPTION
                 e-mail:  kand@uwm.edu.pl                   DESCRIPTION
                                                            DESCRIPTION         
  2021    10    18     0     0     0                        EPOCH OF FIRST MAP  
  2021    10    19     0     0     0                        EPOCH OF LAST MAP   
  7200                                                      INTERVAL            
    13                                                      # OF MAPS IN FILE   
  COSZ                                                      MAPPING FUNCTION    
     0.0                                                    ELEVATION CUTOFF    
combined TEC calculated as weighted mean of input TEC valuesOBSERVABLES USED    
   352                                                      # OF STATIONS       
    32                                                      # OF SATELLITES     
  6371.0                                                    BASE RADIUS         
     2                                                      MAP DIMENSION       
   450.0 450.0   0.0                                        HGT1 / HGT2 / DHGT  
    87.5 -87.5  -2.5                                        LAT1 / LAT2 / DLAT  
  -180.0 180.0   5.0                                        LON1 / LON2 / DLON  
    -1                                                      EXPONENT            
TEC values in 0.1 tec units;  9999, if no value available   COMMENT             
DCB values in nanoseconds, reference is Sum_of_SatDCBs = 0  COMMENT             
                                                            END OF HEADER       
[from data line 858]
     3                                                      START OF TEC MAP    
  2021    10    18     4     0     0                        EPOCH OF CURRENT MAP
    87.5-180.0 180.0   5.0 450.0                            LAT/LON1/LON2/DLON/H
   49   49   48   48   48   48   48   48   47   47   47   47   47   46   46   45
   45   45   44   44   43   42   42   41   41   40   40   39   39   39   39   38
   38   38   38   38   38   38   38   38   39   39   39   40   40   40   40   41
   41   42   42   43   43   44   44   44   45   45   46   46   46   46   47   47
   47   47   48   48   48   48   49   49   49
    85.0-180.0 180.0   5.0 450.0                            LAT/LON1/LON2/DLON/H
   51   51   51   51   51   51   50   50   50   49   49   48   47   47   46   46
   44   44   42   42   40   39   38   36   36   35   33   33   32   31   30   30
   30   30   29   30   30   30   31   32   32   33   34   35   35   36   37   38
   38   39   40   41   41   42   43   44   45   45   46   46   47   48   48   49
   49   50   50   50   51   50   51   51   51
    82.5-180.0 180.0   5.0 450.0                            LAT/LON1/LON2/DLON/H
   51   51   50   50   50   49   48   48   47   47   47   47   46   46   45   44
   43   42   41   39   37   36   33   31   29   28   26   24   23   22   21   21
   21   21   22   23   24   25   26   27   28   30   31   32   33   34   35   36
   37   37   38   39   40   41   43   44   45   46   47   48   49   50   50   51
   51   52   52   52   52   52   52   52   51
    80.0-180.0 180.0   5.0 450.0                            LAT/LON1/LON2/DLON/H
   50   49   49   48   47   46   45   45   44   44   44   45   44   44   44   43
   42   41   38   37   35   33   29   25   23   20   18   16   15   13   13   12
   13   14   15   16   18   20   21   23   26   27   29   31   32   33   34   35
   36   37   37   38   39   41   42   44   46   47   49   50   52   53   53   53
   54   55   54   54   54   53   52   52   50
    77.5-180.0 180.0   5.0 450.0                            LAT/LON1/LON2/DLON/H
   51   50   48   46   45   44   42   41   42   42   42   42   42   41   41   40
   38   37   34   33   30   27   22   19   17   15   13   11   10   10   10   10
   10   12   13   15   17   19   21   23   25   27   28   30   31   33   34   35
   36   37   38   39   40   42   43   45   48   49   51   53   55   56   57   57
   58   58   58   58   57   56   54   54   51
    75.0-180.0 180.0   5.0 450.0                            LAT/LON1/LON2/DLON/H
   54   52   49   47   45   43   40   40   40   39   39   38   38   37   37   36
   35   34   32   30   28   24   20   17   15   13   11   10    9    9   10   10
   11   12   15   17   19   21   23   25   27   28   30   31   33   34   35   36
   38   39   41   42   43   44   46   48   50   53   55   57   59   61   62   62
   62   62   62   62   61   60   59   56   54
    72.5-180.0 180.0   5.0 450.0                            LAT/LON1/LON2/DLON/H
   58   55   52   50   47   44   42   40   38   37   36   35   34   34   34   33
   31   30   29   28   25   22   20   17   15   13   12   11   10   10   12   14
   16   18   20   22   24   25   27   28   29   30   32   33   34   35   37   38
   40   42   44   45   47   49   51   53   55   58   60   62   64   66   67   67
   67   67   67   66   65   65   63   61   58
    70.0-180.0 180.0   5.0 450.0                            LAT/LON1/LON2/DLON/H
   63   60   57   54   50   47   44   41   39   36   35   33   33   32   32   30
   29   28   27   26   23   22   20   18   17   16   15   15   16   17   18   20
   22   24   25   27   28   29   30   30   31   31   33   34   35   36   39   40
   43   46   48   50   52   54   56   59   61   64   65   67   69   71   71   71
   71   70   71   70   70   69   68   65   63
    67.5-180.0 180.0   5.0 450.0                            LAT/LON1/LON2/DLON/H
   67   65   62   58   54   51   47   43   40   37   36   34   34   32   31   30
   29   27   26   24   23   22   21   21   20   20   20   21   22   23   25   27
   28   30   31   32   32   32   31   31   30   31   32   33   35   37   40   43
   46   49   52   55   58   61   63   66   68   70   71   73   74   75   75   75
   74   74   73   73   72   71   70   69   67
    65.0-180.0 180.0   5.0 450.0                            LAT/LON1/LON2/DLON/H
   69   68   65   61   57   53   49   45   43   40   38   37   36   34   32   31
   29   27   25   24   24   23   23   23   23   23   25   26   28   29   31   33
   34   34   34   34   32   31   30   29   28   29   30   32   35   38   43   46
   51   54   58   62   65   68   71   73   74   75   76   77   78   79   78   78
   76   75   73   72   72   71   71   71   69
    62.5-180.0 180.0   5.0 450.0                            LAT/LON1/LON2/DLON/H
   70   69   67   63   59   54   49   46   44   42   40   40   39   37   34   32
   30   27   26   25   25   24   25   25   25   25   28   30   32   35   36   36
   36   35   34   32   30   29   27   25   25   25   27   30   35   39   45   50
   54   59   64   68   72   75   78   80   81   81   81   81   81   81   80   79
   76   75   72   71   70   70   70   71   70
    60.0-180.0 180.0   5.0 450.0                            LAT/LON1/LON2/DLON/H
   70   70   68   65   60   54   49   45   42   42   42   42   41   40   37   35
   32   29   28   27   27   26   26   26   27   27   29   32   35   38   38   36
   35   32   30   28   26   25   23   22   22   24   26   30   36   42   48   53
   59   64   70   74   79   82   85   87   87   87   86   86   85   84   82   80
   78   75   73   70   69   69   69   70   70
    57.5-180.0 180.0   5.0 450.0                            LAT/LON1/LON2/DLON/H
   72   72   70   67   61   54   47   43   40   40   42   43   43   42   40   37
   35   33   31   30   28   27   28   28   29   29   31   34   37   38   37   34
   31   28   26   24   23   22   21   21   21   24   27   32   38   45   53   59
   65   70   75   81   86   89   92   94   94   94   93   92   91   89   88   85
   83   79   76   73   71   70   70   70   72
    55.0-180.0 180.0   5.0 450.0                            LAT/LON1/LON2/DLON/H
   76   76   74   71   64   56   48   43   39   39   40   42   44   43   42   41
   39   38   35   33   31   30   29   29   30   32   33   36   37   36   34   30
   28   25   23   22   21   21   22   22   24   26   30   36   43   51   58   65
   73   78   83   89   93   98  100  102  103  103  103  102  101  100   97   94
   91   88   84   80   77   75   75   75   76
    52.5-180.0 180.0   5.0 450.0                            LAT/LON1/LON2/DLON/H
   84   84   82   78   71   60   51   44   40   38   40   42   44   44   44   45
   44   43   40   37   34   33   31   32   33   33   36   37   37   35   33   30
   27   25   23   23   23   24   25   26   28   31   35   41   49   58   66   74
   82   87   93   98  103  107  110  113  115  115  116  116  116  114  112  109
  105  101   97   93   89   86   84   83   84
    50.0-180.0 180.0   5.0 450.0                            LAT/LON1/LON2/DLON/H
   95   96   95   90   82   69   58   49   43   42   42   44   46   46   47   48
   49   48   45   42   38   36   35   34   36   37   40   40   40   37   35   32
   30   29   28   27   28   30   31   32   33   37   41   48   56   65   75   85
   92   99  104  109  114  119  123  127  130  132  133  135  135  134  130  127
  122  117  113  108  103  100   98   96   95
    47.5-180.0 180.0   5.0 450.0                            LAT/LON1/LON2/DLON/H
  111  111  110  105   95   82   69   59   52   48   48   49   49   50   53   55
   56   56   53   48   45   42   41   42   44   46   47   48   46   43   40   38
   36   35   34   35   35   36   37   38   39   42   46   53   63   74   86   96
  105  112  117  122  127  132  137  143  147  150  153  155  156  153  149  144
  139  133  128  124  120  116  113  111  111
    45.0-180.0 180.0   5.0 450.0                            LAT/LON1/LON2/DLON/H
  125  125  124  120  110   96   82   71   63   57   56   55   55   55   60   63
   66   67   64   60   55   53   52   54   57   59   59   58   56   52   49   46
   44   44   43   43   42   43   44   44   45   47   52   60   71   85   98  111
  121  128  131  136  141  147  154  160  165  170  174  177  177  172  164  158
  151  145  142  139  134  131  127  125  125
    42.5-180.0 180.0   5.0 450.0                            LAT/LON1/LON2/DLON/H
  135  135  135  131  122  109   95   83   74   69   66   65   63   64   68   71
   75   77   75   72   68   65   65   67   70   71   70   68   64   60   57   55
   53   52   51   50   49   49   49   49   50   52   58   67   81   96  111  127
  138  145  148  153  158  163  171  178  185  191  195  197  194  185  176  167
  159  153  152  148  144  141  137  135  135
    40.0-180.0 180.0   5.0 450.0                            LAT/LON1/LON2/DLON/H
  139  139  140  137  130  119  106   94   86   81   78   76   74   75   76   80
   84   86   86   84   81   79   79   80   82   82   80   76   71   67   64   62
   61   60   58   57   55   54   53   52   54   57   64   75   91  109  127  144
  155  163  166  169  173  177  186  195  205  211  214  213  207  196  183  172
  163  158  157  153  149  145  141  139  139
    37.5-180.0 180.0   5.0 450.0                            LAT/LON1/LON2/DLON/H
  137  137  138  136  131  122  111  101   94   92   90   88   87   86   86   89
   93   96   96   96   95   93   91   91   92   90   87   82   77   72   70   68
   67   65   64   62   60   58   57   57   58   63   71   84  102  123  144  161
  173  180  182  184  187  191  199  210  221  228  229  226  218  205  190  177
  167  162  162  157  153  146  141  138  137
    35.0-180.0 180.0   5.0 450.0                            LAT/LON1/LON2/DLON/H
  133  131  131  130  125  118  110  102   98   98   99   99   99   99   99   99
  101  103  104  106  106  105  103  100   99   94   91   86   81   77   74   72
   71   70   68   67   64   63   62   62   64   69   79   95  115  136  158  177
  189  194  195  195  197  203  212  222  232  240  240  236  227  214  200  187
  177  172  173  166  160  150  142  136  133
    32.5-180.0 180.0   5.0 450.0                            LAT/LON1/LON2/DLON/H
  133  127  122  119  114  107  100   96   95   98  103  106  109  111  110  109
  108  109  111  114  115  114  110  105  102   97   93   89   85   81   78   75
   74   73   72   71   69   68   67   67   70   77   88  105  125  148  171  190
  200  203  203  203  205  213  222  232  240  247  248  245  237  229  217  207
  199  196  195  185  175  162  150  142  133
    30.0-180.0 180.0   5.0 450.0                            LAT/LON1/LON2/DLON/H
  142  130  119  110  102   94   88   84   86   91  100  108  114  118  118  117
  114  113  115  118  120  118  113  106  102   98   94   91   88   85   82   79
   78   77   76   75   73   73   74   74   77   83   96  113  134  156  179  197
  207  209  209  210  213  221  231  241  248  253  254  254  251  247  242  239
  236  235  230  216  203  185  169  156  142
    27.5-180.0 180.0   5.0 450.0                            LAT/LON1/LON2/DLON/H
  166  147  127  110   97   86   78   74   75   83   94  104  113  118  120  119
  115  114  116  119  121  118  112  105  101   98   96   95   94   90   87   84
   82   81   80   79   77   77   79   79   81   89  101  119  139  162  183  199
  208  212  214  217  222  231  241  250  257  261  263  266  269  274  277  284
  287  289  282  264  245  224  202  183  166
    25.0-180.0 180.0   5.0 450.0                            LAT/LON1/LON2/DLON/H
  207  181  151  124  103   89   77   69   69   76   87   99  108  114  117  115
  112  111  114  118  118  115  109  102  101  100  101  102  100   97   92   89
   86   84   82   80   79   79   81   82   83   90  103  121  142  163  182  197
  207  214  218  224  232  243  253  263  270  274  278  285  295  311  323  338
  347  352  345  323  298  277  252  231  207
    22.5-180.0 180.0   5.0 450.0                            LAT/LON1/LON2/DLON/H
  262  230  192  155  127  106   89   76   71   75   85   94  103  108  110  109
  107  107  110  114  114  110  106  102  103  106  109  111  109  104   99   93
   89   85   82   80   80   80   80   80   82   89  103  121  140  160  178  194
  205  215  223  233  245  258  269  280  288  292  298  309  327  350  370  392
  410  416  409  385  356  337  310  291  262
    20.0-180.0 180.0   5.0 450.0                            LAT/LON1/LON2/DLON/H
  323  282  240  201  166  139  115   97   85   83   88   94   99  103  104  102
  101  102  106  109  108  105  103  104  110  116  121  123  120  113  105   97
   90   84   81   78   78   78   77   76   78   86  101  118  138  157  174  191
  204  217  230  246  261  277  290  302  309  314  321  336  359  386  413  438
  462  468  460  437  408  386  365  347  323
    17.5-180.0 180.0   5.0 450.0                            LAT/LON1/LON2/DLON/H
  374  333  288  254  217  181  150  126  108   99   98   99  100  101  100   98
   96   97  101  103  103  102  104  109  120  130  135  136  131  120  109   99
   90   83   78   76   76   76   73   71   74   82   97  117  138  155  172  189
  206  223  240  261  280  298  314  328  334  340  346  360  387  414  443  468
  486  492  487  469  442  419  404  395  374
    15.0-180.0 180.0   5.0 450.0                            LAT/LON1/LON2/DLON/H
  403  368  330  304  273  233  194  161  139  124  116  111  107  103   99   96
   94   94   97   99   99  102  107  118  133  145  151  149  140  125  111   99
   88   80   76   75   74   73   70   67   69   80   97  118  138  155  173  191
  210  231  254  276  299  319  338  352  360  364  369  382  408  434  460  479
  490  492  486  473  452  431  420  413  403
    12.5-180.0 180.0   5.0 450.0                            LAT/LON1/LON2/DLON/H
  405  385  354  336  316  281  239  204  172  152  140  130  120  112  103   98
   95   95   97   98   99  106  116  131  148  161  165  158  144  127  112   98
   86   78   76   75   74   71   67   65   67   80   99  119  139  158  177  196
  217  240  265  290  314  336  355  369  377  381  386  399  421  446  464  473
  479  478  474  461  442  428  418  411  405
    10.0-180.0 180.0   5.0 450.0                            LAT/LON1/LON2/DLON/H
  392  383  364  349  337  311  275  238  204  181  166  152  138  125  112  104
  100  100  102  102  104  115  130  148  166  176  176  164  146  128  112   97
   87   80   78   76   73   71   67   64   67   81  101  122  142  161  181  200
  223  247  272  298  324  346  363  375  383  387  394  407  425  445  459  460
  461  459  456  444  429  417  406  399  392
     7.5-180.0 180.0   5.0 450.0                            LAT/LON1/LON2/DLON/H
  381  375  363  354  342  321  292  258  229  207  191  176  158  141  124  116
  110  110  111  112  115  129  149  169  185  188  182  166  148  130  114  100
   90   84   81   78   75   72   68   66   71   84  104  126  145  164  183  204
  226  250  274  302  327  348  363  373  381  387  393  405  421  435  446  445
  443  442  439  431  418  405  395  387  381
     5.0-180.0 180.0   5.0 450.0                            LAT/LON1/LON2/DLON/H
  378  372  365  357  346  325  298  269  244  226  212  197  178  159  141  132
  127  127  127  128  133  149  171  190  203  200  186  166  147  130  117  107
   97   90   86   83   80   76   72   70   75   90  109  130  149  167  185  205
  225  248  273  299  323  341  355  367  376  382  389  400  414  426  433  433
  431  431  432  427  417  404  393  385  378
     2.5-180.0 180.0   5.0 450.0                            LAT/LON1/LON2/DLON/H
  389  381  374  366  353  332  305  279  258  242  230  217  200  180  164  152
  147  146  145  148  155  173  195  211  218  209  189  165  146  131  122  113
  104   97   92   88   85   81   77   76   82   97  118  137  153  170  186  203
  223  244  266  289  310  328  343  357  367  374  382  393  408  420  426  429
  429  432  436  436  427  416  406  397  389
