data/IONEX/CVBB2920.21i
     1.0            IONOSPHERE MAPS     MIX                 IONEX VERSION / TYPE
cmpcmb v1.2          GRL/UWM             6-nov-21 02:09     PGM / RUN BY / DATE 
ionex file containing IGS COMBINED Ionosphere maps          COMMENT             
global ionosphere maps for day 292, 2021                    DESCRIPTION         
IONEX file containing the COMBINED IGS TEC MAPS and DCBs    DESCRIPTION         
      IONEX files of the following IAACs were combined: cod DESCRIPTION         
                                                        esa DESCRIPTION         
                                                        jpl DESCRIPTION         
                                                        upc DESCRIPTION         
Contact address: Andrzej Krankowski                         DESCRIPTION
                 Geodynamics Research Laboratory            DESCRIPTION
                 University of Warmia and Mazury (GRL/UWM)  DESCRIPTION
                 Oczapowski St. 1                           DESCRIPTION
                 10-957-Olsztyn, POLAND                     DESCRIPTION
                 e-mail:  kand@uwm.edu.pl                   DESCRIPTION
                                                            DESCRIPTION         
  2021    10    19     0     0     0                        EPOCH OF FIRST MAP  
  2021    10    20     0     0     0                        EPOCH OF LAST MAP   
  7200                                                      INTERVAL            
    13                                                      # OF MAPS IN FILE   
  COSZ                                                      MAPPING FUNCTION    
     0.0                                                    ELEVATION CUTOFF    
combined TEC calculated as weighted mean of input TEC valuesOBSERVABLES USED    
   357                                                      # OF STATIONS       
    32                                                      # OF SATELLITES     
  6371.0                                                    BASE RADIUS         
     2                                                      MAP DIMENSION       
   450.0 450.0   0.0                                        HGT1 / HGT2 / DHGT  
    87.5 -87.5  -2.5                                        LAT1 / LAT2 / DLAT  
  -180.0 180.0   5.0                                        LON1 / LON2 / DLON  
    -1                                                      EXPONENT            
TEC values in 0.1 tec units;  9999, if no value available   COMMENT             
DCB values in nanoseconds, reference is Sum_of_SatDCBs = 0  COMMENT             
                                                            END OF HEADER       
[from data line 1287]
     4                                                      START OF TEC MAP    
  2021    10    19     6     0     0                        EPOCH OF CURRENT MAP
    87.5-180.0 180.0   5.0 450.0                            LAT/LON1/LON2/DLON/H
   48   48   49   49   49   49   49   49   49   50   49   50   49   50   50   50
   50   51   50   50   50   51   51   51   51   51   51   51   51   51   51   51
   52   52   51   52   52   51   51   51   51   51   51   51   51   51   51   51
   51   51   50   50   50   50   50   50   49   49   49   49   49   48   48   48
   48   48   48   48   48   48   48   48   48
    85.0-180.0 180.0   5.0 450.0                            LAT/LON1/LON2/DLON/H
   46   47   47   48   48   48   49   50   50   50   50   50   50   50   50   50
   50   49   49   49   49   49   49   49   49   49   49   49   48   48   48   48
   49   49   49   49   50   50   49   50   50   50   51   51   51   51   51   51
   52   51   52   52   51   51   51   50   50   49   48   47   47   46   46   46
   45   44   45   45   45   45   46   46   46
    82.5-180.0 180.0   5.0 450.0                            LAT/LON1/LON2/DLON/H
   45   45   46   47   47   48   48   49   49   49   49   50   50   49   49   48
   47   47   46   46   46   45   45   45   45   45   45   44   45   45   45   44
   45   45   45   46   46   48   48   49   49   50   50   51   51   52   52   53
   54   53   54   54   54   54   54   53   52   51   50   49   48   47   46   45
   44   44   44   44   44   44   44   45   45
    80.0-180.0 180.0   5.0 450.0                            LAT/LON1/LON2/DLON/H
   45   45   45   45   45   46   46   47   47   48   48   48   47   46   45   45
   44   43   42   42   41   40   40   41   40   39   39   39   38   39   39   40
   41   42   43   43   44   45   45   46   48   49   50   51   52   53   54   55
   56   57   58   58   59   58   58   58   57   56   55   54   53   52   51   49
   48   48   47   46   46   46   45   45   45
    77.5-180.0 180.0   5.0 450.0                            LAT/LON1/LON2/DLON/H
   46   44   43   43   43   44   44   45   46   46   45   45   44   42   41   39
   38   37   35   35   34   34   33   34   33   35   35   35   36   36   35   36
   37   39   40   41   42   44   44   45   47   48   50   52   54   55   57   59
   60   62   64   65   66   66   66   65   65   65   64   63   62   61   60   58
   57   56   54   53   52   50   50   48   46
    75.0-180.0 180.0   5.0 450.0                            LAT/LON1/LON2/DLON/H
   49   46   44   42   41   41   42   43   44   43   42   41   39   37   35   33
   32   31   29   30   29   29   29   31   31   32   32   32   33   33   34   35
   36   36   37   38   40   41   43   45   46   49   50   53   56   59   61   64
   66   69   71   73   74   75   76   76   76   75   75   74   73   72   70   70
   68   66   65   62   60   58   55   52   49
    72.5-180.0 180.0   5.0 450.0                            LAT/LON1/LON2/DLON/H
   53   49   44   41   39   38   39   41   40   40   39   38   36   33   31   27
   26   25   24   26   26   27   29   30   31   32   33   34   33   34   34   34
   34   35   35   36   38   39   41   44   46   49   52   55   58   62   65   69
   72   75   78   81   83   84   85   85   85   85   85   84   84   83   82   81
   79   78   76   74   71   67   63   58   53
    70.0-180.0 180.0   5.0 450.0                            LAT/LON1/LON2/DLON/H
   60   53   47   42   38   36   37   38   39   38   39   36   33   31   28   25
   23   23   23   24   25   27   30   32   33   34   36   37   37   36   35   35
   34   34   34   35   36   38   40   43   45   49   52   56   60   65   69   74
   78   81   85   88   90   92   92   93   93   92   92   91   91   90   89   89
   89   88   86   84   81   77   72   66   60
    67.5-180.0 180.0   5.0 450.0                            LAT/LON1/LON2/DLON/H
   66   59   51   44   39   36   37   38   38   38   37   34   31   29   26   24
   23   23   23   25   27   29   32   34   36   38   39   40   40   38   37   36
   34   34   33   33   35   36   39   42   45   49   53   58   62   67   72   77
   82   86   90   93   95   97   97   97   96   96   95   94   94   93   93   93
   94   93   93   92   90   86   81   74   66
    65.0-180.0 180.0   5.0 450.0                            LAT/LON1/LON2/DLON/H
   72   63   55   46   41   37   37   37   37   37   36   33   31   29   26   25
   24   25   26   27   29   31   35   37   39   40   41   42   41   39   38   36
   34   33   32   32   33   34   37   41   45   49   54   59   64   69   74   80
   85   89   93   96   98   99   99   98   97   95   94   93   92   92   91   92
   93   95   96   96   95   92   87   81   72
    62.5-180.0 180.0   5.0 450.0                            LAT/LON1/LON2/DLON/H
   76   67   58   50   44   39   38   37   37   37   36   34   33   30   28   27
   27   27   28   30   32   34   37   39   40   41   41   41   40   38   37   35
   33   31   30   29   30   33   36   40   45   50   55   61   66   71   77   82
   88   92   96   99  100  100  100   98   96   95   93   91   90   89   89   89
   90   92   94   96   97   96   91   85   76
    60.0-180.0 180.0   5.0 450.0                            LAT/LON1/LON2/DLON/H
   79   70   62   54   47   42   40   39   38   37   37   36   34   32   31   30
   29   30   30   32   34   36   37   38   39   40   39   38   37   35   33   32
   30   28   27   27   28   31   36   41   47   53   58   64   70   75   80   86
   91   96   99  102  102  102  100   98   97   95   93   92   90   88   87   86
   86   89   91   94   96   95   92   86   79
    57.5-180.0 180.0   5.0 450.0                            LAT/LON1/LON2/DLON/H
   80   72   66   59   51   47   44   42   40   38   37   36   35   34   34   33
   33   33   33   34   34   35   35   35   36   36   34   33   33   31   29   28
   26   25   24   24   27   32   37   43   50   57   63   69   74   79   84   90
   95  100  104  106  106  105  103  102  101  100   98   97   95   93   90   88
   87   87   90   92   95   95   92   87   80
    55.0-180.0 180.0   5.0 450.0                            LAT/LON1/LON2/DLON/H
   81   74   68   62   58   53   49   46   44   41   40   38   37   35   36   35
   36   35   34   34   33   32   32   31   31   30   29   28   27   26   25   24
   23   22   22   24   27   33   41   48   56   63   69   75   79   84   89   95
  101  107  112  114  113  113  111  111  111  111  111  110  108  105  101   97
   94   92   93   95   96   96   93   87   81
    52.5-180.0 180.0   5.0 450.0                            LAT/LON1/LON2/DLON/H
   82   76   71   67   63   59   55   51   48   45   43   40   38   37   36   37
   37   36   35   33   32   30   28   28   28   26   25   24   24   23   23   23
   22   21   22   25   30   37   46   55   64   71   77   82   86   90   96  102
  109  116  121  124  124  124  124  124  125  127  127  127  125  122  118  113
  107  103  101  101  101   98   94   88   82
    50.0-180.0 180.0   5.0 450.0                            LAT/LON1/LON2/DLON/H
   84   78   74   70   68   64   61   57   54   50   47   44   41   39   39   39
   39   38   36   34   31   29   28   28   27   26   25   25   24   24   24   23
   23   23   25   29   34   43   53   64   72   80   85   89   93   98  103  111
  120  127  132  136  137  137  139  140  142  144  145  145  144  141  137  130
  124  118  114  111  109  104   98   91   84
    47.5-180.0 180.0   5.0 450.0                            LAT/LON1/LON2/DLON/H
   86   81   77   74   72   69   66   62   60   56   53   49   46   43   42   42
   42   40   39   36   34   33   32   31   31   31   30   29   28   28   27   26
   25   26   28   32   40   50   61   71   81   88   93   98  102  106  112  121
  130  138  144  148  151  152  153  155  157  159  159  160  159  157  152  147
  140  134  129  124  119  113  104   95   86
    45.0-180.0 180.0   5.0 450.0                            LAT/LON1/LON2/DLON/H
   91   84   79   77   75   73   70   67   64   62   59   56   53   49   47   46
   46   45   44   42   41   41   40   40   40   40   38   37   35   33   32   31
   29   29   32   37   46   57   69   80   89   96  102  106  111  116  122  131
  139  148  154  159  162  165  166  169  170  170  170  169  168  166  162  158
  153  147  142  138  131  122  112  101   91
    42.5-180.0 180.0   5.0 450.0                            LAT/LON1/LON2/DLON/H
   96   88   82   79   78   76   73   70   69   67   65   63   60   57   53   52
   52   52   52   51   51   51   51   51   51   50   48   46   43   40   38   36
   34   34   36   42   51   63   76   87   97  104  110  116  121  126  133  141
  149  158  163  168  172  176  178  179  178  177  174  172  169  168  166  163
  159  157  153  149  142  132  120  108   96
    40.0-180.0 180.0   5.0 450.0                            LAT/LON1/LON2/DLON/H
  101   90   83   81   78   76   74   72   71   72   72   71   68   64   60   58
   58   58   59   60   61   61   62   62   61   59   57   53   50   46   44   42
   39   38   40   46   55   67   81   94  104  112  118  125  131  138  144  151
  159  167  172  176  181  186  188  189  185  180  176  172  168  167  165  163
  161  160  158  155  150  140  128  114  101
    37.5-180.0 180.0   5.0 450.0                            LAT/LON1/LON2/DLON/H
  103   91   83   79   77   74   72   71   72   75   77   78   76   72   68   66
   64   66   67   69   70   70   70   70   68   67   63   59   55   51   48   45
   42   41   42   48   58   72   86   99  111  119  127  135  144  149  156  162
  169  175  179  184  191  198  200  200  194  186  180  176  171  169  166  164
  163  161  159  158  153  145  132  118  103
    35.0-180.0 180.0   5.0 450.0                            LAT/LON1/LON2/DLON/H
  103   90   80   75   73   70   68   67   70   76   81   84   84   81   77   74
   73   73   74   76   77   76   76   74   72   69   66   62   57   53   50   47
   44   42   44   50   60   75   91  105  116  126  135  145  154  162  168  173
  179  183  188  193  203  212  214  215  209  200  193  190  186  182  177  173
  170  165  161  158  153  144  134  120  103
    32.5-180.0 180.0   5.0 450.0                            LAT/LON1/LON2/DLON/H
  102   87   76   71   68   65   61   61   65   73   81   86   89   88   85   82
   81   80   81   81   81   79   77   75   72   68   66   61   58   53   50   48
   45   43   44   51   61   77   95  110  122  133  144  155  165  175  180  185
  190  197  201  208  219  229  235  236  232  226  221  220  218  214  205  195
  185  176  167  160  152  143  132  118  102
    30.0-180.0 180.0   5.0 450.0                            LAT/LON1/LON2/DLON/H
   99   85   73   68   64   60   56   54   58   66   76   84   90   91   90   88
   87   85   84   83   82   78   75   72   69   65   63   60   56   53   50   48
   45   43   45   51   62   80   99  116  128  140  152  164  175  186  194  200
  208  216  222  232  243  254  262  266  264  263  263  266  268  265  251  233
  213  195  180  166  154  141  129  115   99
    27.5-180.0 180.0   5.0 450.0                            LAT/LON1/LON2/DLON/H
  100   85   74   68   63   59   54   50   52   59   69   79   86   89   90   90
   90   87   85   81   80   75   71   68   65   63   62   59   55   52   49   47
   45   43   45   51   63   82  103  121  135  148  159  172  185  196  207  218
  228  239  250  262  274  285  295  301  304  308  314  325  330  328  311  287
  255  227  202  179  161  144  130  116  100
    25.0-180.0 180.0   5.0 450.0                            LAT/LON1/LON2/DLON/H
  108   92   79   73   68   62   56   52   51   55   64   73   80   84   88   89
   89   88   86   78   75   71   68   66   64   63   63   60   56   53   49   47
   44   43   45   51   64   85  108  128  143  156  168  182  194  208  222  237
  250  267  282  297  309  318  330  340  348  359  371  389  402  398  377  350
  307  268  232  200  177  156  140  125  108
    22.5-180.0 180.0   5.0 450.0                            LAT/LON1/LON2/DLON/H
  122  105   92   84   78   72   65   59   55   55   61   66   73   78   82   85
   87   86   83   76   71   68   67   67   67   67   66   64   59   54   50   46
   44   43   45   52   65   87  112  134  150  163  177  191  204  219  238  256
  275  298  317  330  344  352  364  378  392  408  427  449  466  464  443  413
  364  317  269  231  200  177  158  141  122
    20.0-180.0 180.0   5.0 450.0                            LAT/LON1/LON2/DLON/H
  142  125  112  101   94   88   80   71   63   59   60   63   67   72   76   80
   82   82   81   75   70   68   70   72   74   75   74   69   65   58   51   46
   44   44   45   52   66   89  114  136  155  172  186  200  214  231  254  278
  302  331  350  364  375  382  395  411  428  444  466  488  504  509  490  460
  411  361  311  264  227  202  180  162  142
    17.5-180.0 180.0   5.0 450.0                            LAT/LON1/LON2/DLON/H
  166  149  134  122  114  107   98   88   76   68   63   62   64   68   72   75
   77   79   78   75   71   70   74   79   82   84   81   76   71   62   53   47
   44   44   46   53   68   92  118  140  160  178  193  208  225  245  272  300
  330  353  374  387  395  402  415  428  443  458  476  498  515  518  507  480
  437  391  349  299  258  230  206  186  166
    15.0-180.0 180.0   5.0 450.0                            LAT/LON1/LON2/DLON/H
  197  176  158  145  135  126  118  106   93   80   72   67   67   68   70   72
   75   77   78   77   73   74   79   86   91   92   88   84   78   67   58   51
   46   45   47   56   72   96  122  144  164  182  201  218  237  262  291  318
  347  371  388  397  401  409  420  430  442  454  468  485  499  503  497  475
  446  407  369  327  288  257  235  214  197
    12.5-180.0 180.0   5.0 450.0                            LAT/LON1/LON2/DLON/H
  224  203  184  169  160  147  137  126  110   96   83   77   75   74   74   74
   76   79   80   80   78   79   86   93   98   99   96   91   84   73   65   57
   49   46   49   59   77  100  125  148  168  187  209  229  250  277  306  334
  358  378  391  395  398  405  413  421  432  440  449  464  473  478  472  458
  441  412  381  346  311  281  259  243  224
    10.0-180.0 180.0   5.0 450.0                            LAT/LON1/LON2/DLON/H
  247  228  208  195  185  170  158  145  132  114  100   92   88   85   83   82
   82   85   86   85   84   86   92   98  103  104  101   96   89   80   73   62
   53   50   52   62   80  103  127  149  169  192  216  238  263  289  317  342
  362  377  385  387  390  395  402  410  418  424  431  440  447  451  449  440
  425  407  385  357  326  300  278  263  247
     7.5-180.0 180.0   5.0 450.0                            LAT/LON1/LON2/DLON/H
  267  251  233  218  208  194  180  167  153  134  119  111  106  102   98   94
   93   94   95   94   92   94   99  103  107  107  104   99   93   86   79   69
   59   54   56   65   82  104  126  148  172  196  222  247  272  298  322  343
  360  370  377  379  382  387  394  402  407  411  414  419  428  435  433  426
  414  399  381  358  332  311  294  280  267
     5.0-180.0 180.0   5.0 450.0                            LAT/LON1/LON2/DLON/H
  281  267  254  241  229  215  202  188  173  155  140  131  126  122  117  111
  107  107  108  105  102  102  103  106  109  107  105  100   96   90   84   75
   65   60   61   69   84  103  125  147  172  199  227  253  277  301  323  341
  353  362  369  372  375  382  390  397  402  402  403  407  418  427  429  421
  407  389  372  353  330  313  300  290  281
     2.5-180.0 180.0   5.0 450.0                            LAT/LON1/LON2/DLON/H
  285  277  267  259  249  235  223  210  193  175  160  151  146  143  138  132
  125  123  122  117  113  110  108  108  109  108  106  102   99   94   88   80
   71   65   65   72   86  104  124  146  173  200  227  253  276  300  319  335
  347  354  361  366  370  378  388  396  399  398  397  401  413  426  431  422
  404  381  362  342  323  307  297  289  285
