data/IONEX/CVBB2850.21i
     1.0            IONOSPHERE MAPS     MIX                 IONEX VERSION / TYPE
cmpcmb v1.2          GRL/UWM            28-oct-21 01:36     PGM / RUN BY / DATE 
ionex file containing IGS COMBINED Ionosphere maps          COMMENT             
global ionosphere maps for day 285, 2021                    DESCRIPTION         
IONEX file containing the COMBINED IGS TEC MAPS and DCBs    DESCRIPTION         
      IONEX files of the following IAACs were combined: cod DESCRIPTION         
                                                        esa DESCRIPTION         
                                                        jpl DESCRIPTION         
                                                        upc DESCRIPTION         
Contact address: Andrzej Krankowski                         DESCRIPTION
                 Geodynamics Research Laboratory            DESCRIPTION
                 University of Warmia and Mazury (GRL/UWM)  DESCRIPTION
                 Oczapowski St. 1                           DESCRIPTION
                 10-957-Olsztyn, POLAND                     DESCRIPTION
                 e-mail:  kand@uwm.edu.pl                   DESCRIPTION
                                                            DESCRIPTION         
  2021    10    12     0     0     0                        EPOCH OF FIRST MAP  
  2021    10    13     0     0     0                        EPOCH OF LAST MAP   
  7200                                                      INTERVAL            
    13                                                      # OF MAPS IN FILE   
  COSZ                                                      MAPPING FUNCTION    
     0.0                                                    ELEVATION CUTOFF    
combined TEC calculated as weighted mean of input TEC valuesOBSERVABLES USED    
   358                                                      # OF STATIONS       
    32                                                      # OF SATELLITES     
  6371.0                                                    BASE RADIUS         
     2                                                      MAP DIMENSION       
   450.0 450.0   0.0                                        HGT1 / HGT2 / DHGT  
    87.5 -87.5  -2.5                                        LAT1 / LAT2 / DLAT  
  -180.0 180.0   5.0                                        LON1 / LON2 / DLON  
    -1                                                      EXPONENT            
TEC values in 0.1 tec units;  9999, if no value available   COMMENT             
DCB values in nanoseconds, reference is Sum_of_SatDCBs = 0  COMMENT             
                                                            END OF HEADER       
[from data line 2574]
     7                                                      START OF TEC MAP    
  2021    10    12    12     0     0                        EPOCH OF CURRENT MAP
    87.5-180.0 180.0   5.0 450.0                            LAT/LON1/LON2/DLON/H
   79   79   80   80   81   81   82   82   82   83   82   83   83   83   83   82
   82   82   82   82   81   81   81   80   80   80   79   79   79   78   78   77
   77   77   77   77   77   77   77   76   76   77   76   76   77   76   76   76
   76   76   76   76   75   75   74   74   74   74   74   74   74   75   75   75
   76   76   77   77   78   78   78   79   79
    85.0-180.0 180.0   5.0 450.0                            LAT/LON1/LON2/DLON/H
   75   76   77   78   78   79   79   80   80   81   80   80   81   80   80   80
   79   79   79   79   80   79   79   77   76   74   74   73   74   75   76   76
   77   77   77   78   78   78   77   77   76   75   75   75   74   74   73   73
   73   72   72   71   71   70   70   69   69   68   68   68   68   68   69   69
   70   70   70   71   72   73   73   74   75
    82.5-180.0 180.0   5.0 450.0                            LAT/LON1/LON2/DLON/H
   71   72   74   75   76   77   78   79   80   80   80   79   78   77   76   75
   73   73   71   71   70   72   73   70   68   69   69   71   71   72   73   75
   76   76   77   77   77   76   76   76   75   75   74   73   73   72   71   70
   70   69   69   68   68   67   66   66   65   64   64   63   63   63   63   63
   63   63   63   64   65   66   68   69   71
    80.0-180.0 180.0   5.0 450.0                            LAT/LON1/LON2/DLON/H
   66   67   70   72   74   76   77   77   78   77   76   74   72   70   68   66
   64   62   60   58   59   61   63   60   59   60   61   63   65   67   69   71
   73   75   77   78   78   77   76   74   73   73   73   72   71   71   71   70
   70   69   69   69   68   68   67   66   65   64   63   62   61   60   59   58
   57   57   57   58   59   60   62   63   66
    77.5-180.0 180.0   5.0 450.0                            LAT/LON1/LON2/DLON/H
   61   63   66   68   70   71   72   72   72   71   71   70   68   65   63   60
   57   55   52   50   49   49   48   49   51   52   55   59   63   66   70   74
   76   78   79   79   80   80   79   77   75   73   72   72   72   72   71   71
   71   72   73   72   72   72   71   70   69   67   66   64   62   60   58   56
   55   54   54   53   54   55   57   58   61
    75.0-180.0 180.0   5.0 450.0                            LAT/LON1/LON2/DLON/H
   57   59   61   63   64   66   67   68   69   69   68   67   65   63   59   54
   49   48   47   44   44   44   45   46   48   50   54   59   63   67   72   76
   79   83   85   85   84   83   82   79   77   75   74   73   72   73   74   75
   75   76   78   79   79   79   78   77   76   73   71   68   66   63   60   57
   55   53   52   51   52   52   53   55   57
    72.5-180.0 180.0   5.0 450.0                            LAT/LON1/LON2/DLON/H
   56   56   57   59   60   62   64   65   66   66   65   65   63   60   56   51
   48   47   44   43   44   44   45   46   48   52   56   60   66   73   76   81
   86   88   90   90   90   88   85   82   79   77   76   75   75   75   77   79
   80   81   83   85   86   86   85   84   81   79   75   72   69   66   62   59
   56   54   52   51   51   52   52   54   56
    70.0-180.0 180.0   5.0 450.0                            LAT/LON1/LON2/DLON/H
   56   56   56   57   58   60   61   61   62   62   62   62   61   59   55   50
   49   48   46   46   47   48   50   51   54   57   60   65   71   76   82   86
   91   93   94   94   93   91   89   85   82   79   79   78   78   80   82   83
   85   88   89   90   91   91   89   87   84   81   77   74   70   66   63   60
   57   55   53   53   53   53   54   54   56
    67.5-180.0 180.0   5.0 450.0                            LAT/LON1/LON2/DLON/H
   58   59   58   57   56   57   56   56   58   59   59   59   59   59   56   54
   52   53   52   52   54   54   58   59   60   63   66   69   74   80   86   90
   94   96   97   97   95   93   91   89   86   84   83   83   85   85   88   89
   92   94   95   96   94   93   90   87   82   78   74   71   67   63   60   58
   56   55   54   54   55   56   57   57   58
    65.0-180.0 180.0   5.0 450.0                            LAT/LON1/LON2/DLON/H
   61   60   58   55   54   53   53   54   56   56   57   57   58   60   59   59
   59   59   59   59   61   62   64   65   67   70   72   74   77   82   87   91
   95   97   98   98   96   95   93   91   90   89   89   90   92   93   95   97
   99  100  100   99   96   92   88   83   77   72   68   64   60   57   54   53
   52   52   53   54   57   58   60   61   61
    62.5-180.0 180.0   5.0 450.0                            LAT/LON1/LON2/DLON/H
   61   59   57   54   52   52   52   52   52   53   55   57   59   62   63   63
   63   63   64   64   66   67   68   69   71   73   75   76   78   82   86   90
   94   96   98   98   97   96   94   93   93   93   94   96   99  102  104  106
  107  106  104  101   96   91   85   78   72   67   62   57   53   49   47   46
   46   47   49   52   55   58   61   61   61
    60.0-180.0 180.0   5.0 450.0                            LAT/LON1/LON2/DLON/H
   60   58   56   53   52   50   50   49   50   52   54   56   58   61   62   62
   63   64   64   65   67   68   69   70   71   72   74   75   77   81   85   89
   94   96   98   98   98   97   96   96   96   97  100  103  107  110  113  114
  113  112  108  104   98   92   85   77   71   64   59   52   48   44   41   40
   41   42   45   49   53   56   59   60   60
    57.5-180.0 180.0   5.0 450.0                            LAT/LON1/LON2/DLON/H
   58   57   55   53   51   49   48   48   49   50   52   55   57   59   60   60
   60   60   61   62   64   65   66   67   68   69   70   73   77   81   86   91
   95   98   99  100   99   99   98   99  101  103  107  111  115  119  121  122
  121  119  116  111  104   98   91   83   75   68   62   55   49   44   41   38
   38   40   43   47   50   54   57   58   58
    55.0-180.0 180.0   5.0 450.0                            LAT/LON1/LON2/DLON/H
   58   57   56   54   51   49   47   47   47   48   49   51   54   55   56   55
   55   55   55   57   58   60   62   63   65   66   69   73   79   84   90   95
   99  102  102  102  102  103  103  105  108  111  116  121  125  129  131  132
  132  130  126  121  116  111  103   96   89   80   73   65   58   52   46   43
   41   41   43   47   51   54   56   58   58
    52.5-180.0 180.0   5.0 450.0                            LAT/LON1/LON2/DLON/H
   58   58   56   54   52   49   47   45   45   45   45   47   48   49   50   49
   48   48   49   51   52   55   58   60   64   67   70   76   83   91   96  102
  105  107  107  107  107  108  110  113  116  120  125  129  135  138  142  143
  143  142  139  135  131  127  121  115  107   97   90   82   73   66   58   53
   49   48   49   51   54   56   58   59   58
    50.0-180.0 180.0   5.0 450.0                            LAT/LON1/LON2/DLON/H
   61   60   58   57   54   52   49   45   44   43   43   44   43   44   44   42
   41   41   43   46   49   53   58   62   66   71   76   83   91   99  105  110
  112  113  114  114  114  116  118  122  125  130  135  139  145  149  152  154
  155  156  154  151  148  145  140  134  126  116  108  100   90   82   74   67
   62   59   59   59   61   62   63   63   61
    47.5-180.0 180.0   5.0 450.0                            LAT/LON1/LON2/DLON/H
   66   64   63   61   58   55   52   48   46   45   44   44   43   42   40   37
   36   37   40   45   50   56   62   67   74   79   86   93  102  108  114  119
  120  121  122  122  124  126  129  132  136  141  145  150  155  159  163  165
  167  169  168  167  164  161  156  150  141  131  123  115  105   96   88   81
   75   72   70   69   69   69   69   69   66
    45.0-180.0 180.0   5.0 450.0                            LAT/LON1/LON2/DLON/H
   72   70   68   67   65   61   58   53   50   49   49   48   46   44   40   37
   35   36   40   46   54   62   70   78   86   93   99  107  114  119  123  128
  128  129  131  132  135  139  143  147  149  153  156  160  165  169  173  176
  178  179  180  179  176  172  165  158  149  140  131  123  114  106   99   92
   86   82   80   78   77   77   76   75   72
    42.5-180.0 180.0   5.0 450.0                            LAT/LON1/LON2/DLON/H
   79   77   75   73   71   69   65   60   57   55   56   55   53   49   44   40
   37   39   44   52   61   72   82   93  102  111  116  122  127  130  133  136
  137  139  141  145  150  155  159  162  165  167  168  171  176  180  183  186
  188  190  190  187  182  176  167  158  148  139  131  123  116  109  103   97
   91   88   86   85   84   84   84   82   79
    40.0-180.0 180.0   5.0 450.0                            LAT/LON1/LON2/DLON/H
   86   83   81   79   78   76   73   68   64   62   63   63   61   56   51   45
   43   44   50   59   72   84   96  109  120  129  134  138  139  140  141  144
  145  150  156  162  169  174  178  181  183  182  183  184  189  191  194  197
  199  200  198  193  184  174  164  152  142  133  125  118  111  105  100   95
   91   89   88   88   88   88   89   88   86
    37.5-180.0 180.0   5.0 450.0                            LAT/LON1/LON2/DLON/H
   89   87   86   85   84   82   79   74   71   69   70   72   71   66   59   53
   50   51   57   68   82   95  110  124  136  144  150  152  152  150  150  152
  157  165  175  184  192  198  202  203  203  201  201  202  204  206  207  210
  212  212  207  198  188  175  161  147  137  128  121  113  105   99   94   91
   87   86   86   87   88   89   90   90   89
    35.0-180.0 180.0   5.0 450.0                            LAT/LON1/LON2/DLON/H
   89   88   87   87   87   86   83   79   76   75   77   80   81   77   69   62
   58   58   63   75   91  106  122  137  148  157  162  165  164  162  161  164
  172  184  199  213  222  226  228  229  229  225  223  226  223  223  224  225
  227  227  221  211  199  184  169  154  143  133  124  114  104   96   90   86
   84   82   83   84   84   85   87   89   89
    32.5-180.0 180.0   5.0 450.0                            LAT/LON1/LON2/DLON/H
   87   88   87   87   88   87   85   82   79   79   82   87   90   87   79   71
   66   64   69   81   98  114  131  147  159  169  173  178  178  176  176  183
  194  212  229  245  254  258  257  257  258  255  253  254  247  246  246  247
  250  251  247  238  225  209  194  179  167  155  143  128  114  103   94   89
   84   82   82   83   82   82   83   86   87
    30.0-180.0 180.0   5.0 450.0                            LAT/LON1/LON2/DLON/H
   86   88   88   87   87   87   86   83   80   80   84   89   94   92   86   78
   72   70   75   87  104  121  138  154  167  178  184  191  194  194  197  207
  223  247  266  283  291  295  292  292  289  290  286  284  276  272  274  277
  283  289  287  280  268  252  238  222  208  193  177  158  139  122  110  102
   96   91   89   87   85   83   83   84   86
    27.5-180.0 180.0   5.0 450.0                            LAT/LON1/LON2/DLON/H
   87   90   89   88   87   87   85   83   80   79   83   89   93   93   89   82
   77   76   80   92  109  127  144  160  173  185  193  202  210  215  223  237
  261  286  305  322  331  335  330  328  324  322  321  316  310  306  309  317
  328  339  342  335  326  311  297  278  260  244  224  200  176  154  138  127
  117  109  105   99   93   89   86   87   87
    25.0-180.0 180.0   5.0 450.0                            LAT/LON1/LON2/DLON/H
   92   93   92   90   88   87   86   83   79   78   80   84   90   91   88   83
   79   79   85   96  114  132  151  164  176  188  200  214  229  240  255  275
  301  326  349  365  372  375  369  363  358  352  351  348  345  344  351  365
  380  396  403  400  398  383  366  343  318  301  279  251  223  196  175  162
  148  138  130  119  111  101   95   93   92
    22.5-180.0 180.0   5.0 450.0                            LAT/LON1/LON2/DLON/H
  100   98   96   94   90   88   86   83   79   77   77   80   84   86   85   82
   79   82   88  102  119  136  155  167  178  191  207  227  246  265  286  312
  341  367  387  404  411  413  402  390  386  382  381  380  380  383  396  417
  438  451  460  465  467  453  432  406  374  355  333  306  275  247  222  207
  188  174  161  147  136  120  110  103  100
    20.0-180.0 180.0   5.0 450.0                            LAT/LON1/LON2/DLON/H
  113  106  103   99   95   91   89   85   81   77   75   76   78   80   80   79
   79   84   93  107  124  140  157  170  182  196  214  238  263  287  315  344
  375  401  420  434  442  444  427  409  412  413  412  413  417  423  442  459
  482  499  508  512  510  495  473  447  416  394  372  350  324  299  274  256
  232  213  196  180  166  145  128  118  113
    17.5-180.0 180.0   5.0 450.0                            LAT/LON1/LON2/DLON/H
  129  119  113  108  101   96   93   88   84   79   76   75   75   76   76   77
   81   88   98  112  129  144  160  173  187  202  222  248  276  305  338  369
  401  424  439  446  451  450  436  426  433  439  441  445  452  461  480  496
  514  524  527  526  518  503  480  455  428  406  387  371  355  337  319  299
  274  249  229  212  190  169  150  136  129
    15.0-180.0 180.0   5.0 450.0                            LAT/LON1/LON2/DLON/H
  145  133  127  118  109  102   97   91   87   83   79   77   76   75   74   77
   82   92  103  117  133  148  163  178  192  208  229  258  289  318  350  385
  413  430  440  443  443  445  441  440  450  460  468  473  476  485  499  514
  525  527  522  514  503  486  463  436  413  393  379  369  362  353  343  326
  304  277  255  235  212  191  170  153  145
    12.5-180.0 180.0   5.0 450.0                            LAT/LON1/LON2/DLON/H
  161  147  138  129  119  108  101   95   91   87   83   81   79   78   77   79
   86   96  109  124  138  151  166  181  197  214  235  265  297  327  358  389
  410  423  429  431  436  442  447  451  462  475  486  491  494  499  507  515
  519  510  500  488  474  457  433  403  378  365  358  354  351  348  345  334
  317  291  268  248  227  207  186  169  161
    10.0-180.0 180.0   5.0 450.0                            LAT/LON1/LON2/DLON/H
  171  158  148  138  128  116  107  100   95   92   89   86   86   84   83   84
   90  102  117  132  144  156  170  186  203  222  243  271  303  331  359  385
  402  413  420  425  432  443  454  463  473  486  496  502  503  504  506  504
  501  484  470  455  438  421  399  372  350  338  332  330  329  331  332  325
  312  290  269  250  232  216  197  181  171
     7.5-180.0 180.0   5.0 450.0                            LAT/LON1/LON2/DLON/H
  178  163  153  143  133  122  112  104  100   96   93   91   91   91   90   90
   96  109  126  142  154  164  177  193  212  232  252  279  307  334  358  379
  394  406  416  424  434  448  461  471  481  491  498  504  504  503  500  492
  482  463  444  428  412  397  380  358  341  328  316  311  310  311  315  309
  298  279  260  245  233  220  204  187  178
     5.0-180.0 180.0   5.0 450.0                            LAT/LON1/LON2/DLON/H
  181  166  153  144  135  125  116  108  102   98   95   94   95   96   96   96
  102  117  136  153  163  173  185  202  222  242  263  286  310  334  355  375
  390  404  416  428  441  453  465  472  479  486  492  496  494  494  491  484
  470  452  432  416  401  390  376  361  349  334  318  305  301  299  299  295
  284  268  251  239  229  217  205  191  181
     2.5-180.0 180.0   5.0 450.0                            LAT/LON1/LON2/DLON/H
  180  165  151  141  133  125  117  109  103   98   95   94   96   98   98   99
  105  122  144  162  173  181  194  210  231  251  271  292  313  333  352  372
  390  406  419  433  447  457  463  465  468  471  476  479  478  478  481  478
  468  450  432  415  403  396  386  376  365  353  332  310  298  290  289  284
  273  258  241  229  220  211  202  190  180
