data/IONEX/CVBB2780.21i
     1.0            IONOSPHERE MAPS     MIX                 IONEX VERSION / TYPE
cmpcmb v1.2          GRL/UWM            27-oct-21 23:23     PGM / RUN BY / DATE 
ionex file containing IGS COMBINED Ionosphere maps          COMMENT             
global ionosphere maps for day 278, 2021                    DESCRIPTION         
IONEX file containing the COMBINED IGS TEC MAPS and DCBs    DESCRIPTION         
      IONEX files of the following IAACs were combined: cod DESCRIPTION         
                                                        esa DESCRIPTION         
                                                        jpl DESCRIPTION         
                                                        upc DESCRIPTION         
Contact address: Andrzej Krankowski                         DESCRIPTION
                 Geodynamics Research Laboratory            DESCRIPTION
                 University of Warmia and Mazury (GRL/UWM)  DESCRIPTION
                 Oczapowski St. 1                           DESCRIPTION
                 10-957-Olsztyn, POLAND                     DESCRIPTION
                 e-mail:  kand@uwm.edu.pl                   DESCRIPTION
                                                            DESCRIPTION         
  2021    10     5     0     0     0                        EPOCH OF FIRST MAP  
  2021    10     6     0     0     0                        EPOCH OF LAST MAP   
  7200                                                      INTERVAL            
    13                                                      # OF MAPS IN FILE   
  COSZ                                                      MAPPING FUNCTION    
     0.0                                                    ELEVATION CUTOFF    
combined TEC calculated as weighted mean of input TEC valuesOBSERVABLES USED    
   354                                                      # OF STATIONS       
    32                                                      # OF SATELLITES     
  6371.0                                                    BASE RADIUS         
     2                                                      MAP DIMENSION       
   450.0 450.0   0.0                                        HGT1 / HGT2 / DHGT  
    87.5 -87.5  -2.5                                        LAT1 / LAT2 / DLAT  
  -180.0 180.0   5.0                                        LON1 / LON2 / DLON  
    -1                                                      EXPONENT            
TEC values in 0.1 tec units;  9999, if no value available   COMMENT             
DCB values in nanoseconds, reference is Sum_of_SatDCBs = 0  COMMENT             
                                                            END OF HEADER       
[from data line 1716]
     5                                                      START OF TEC MAP    
  2021    10     5     8     0     0                        EPOCH OF CURRENT MAP
    87.5-180.0 180.0   5.0 450.0                            LAT/LON1/LON2/DLON/H
   59   60   60   61   61   62   63   63   64   64   65   66   66   66   67   67
   67   68   68   69   69   69   69   70   70   70   70   70   71   70   70   70
   71   70   71   71   71   70   70   70   70   70   69   69   68   67   67   66
   66   65   65   64   63   62   61   61   60   60   59   59   59   58   58   58
   57   58   57   57   57   58   58   58   59
    85.0-180.0 180.0   5.0 450.0                            LAT/LON1/LON2/DLON/H
   51   52   54   55   56   57   59   60   61   62   63   64   65   65   66   67
   67   67   68   68   68   68   68   68   69   69   69   70   70   70   71   71
   72   72   73   73   73   74   74   74   73   73   72   72   71   70   69   67
   66   65   64   62   61   60   58   57   56   54   53   52   50   50   49   48
   47   47   47   47   47   48   49   50   51
    82.5-180.0 180.0   5.0 450.0                            LAT/LON1/LON2/DLON/H
   42   44   47   49   51   53   55   57   58   60   61   61   62   62   62   62
   62   62   62   62   63   63   63   63   63   63   63   63   64   65   65   67
   68   69   70   71   72   73   74   75   75   76   75   75   74   74   72   71
   70   68   66   64   63   61   60   57   55   53   51   49   47   45   43   42
   41   39   38   37   38   38   40   41   42
    80.0-180.0 180.0   5.0 450.0                            LAT/LON1/LON2/DLON/H
   35   37   40   42   45   48   50   52   54   55   56   57   58   59   58   57
   56   55   54   54   54   54   54   52   51   51   53   54   56   58   59   61
   63   66   68   71   73   75   76   78   79   80   79   80   79   79   78   77
   75   75   73   71   70   69   67   64   62   60   57   53   50   47   44   42
   38   36   34   32   32   32   32   33   35
    77.5-180.0 180.0   5.0 450.0                            LAT/LON1/LON2/DLON/H
   30   32   34   37   39   42   45   47   49   51   51   52   51   50   49   47
   46   45   44   43   42   41   40   39   40   41   42   44   47   49   52   55
   57   61   64   69   73   77   80   82   84   85   85   86   86   86   86   85
   85   85   84   83   82   81   79   77   75   72   69   65   61   56   52   47
   43   39   36   33   31   29   29   28   30
    75.0-180.0 180.0   5.0 450.0                            LAT/LON1/LON2/DLON/H
   27   28   30   32   35   38   40   42   44   45   44   44   43   42   40   38
   38   36   34   34   33   32   32   31   32   32   33   35   38   41   44   49
   53   59   63   68   73   78   82   86   89   91   92   93   93   94   94   95
   96   97   98   97   97   96   95   93   91   88   85   81   76   71   66   60
   55   49   44   39   35   31   29   27   27
    72.5-180.0 180.0   5.0 450.0                            LAT/LON1/LON2/DLON/H
   29   28   29   30   32   34   37   38   40   39   38   38   37   35   34   31
   30   28   28   28   27   27   27   26   26   27   28   30   32   36   41   45
   50   57   63   69   75   81   86   90   93   95   97   98  100  101  103  105
  107  109  110  111  112  112  110  109  107  104  100   97   92   87   81   75
   69   62   56   49   43   38   34   30   29
    70.0-180.0 180.0   5.0 450.0                            LAT/LON1/LON2/DLON/H
   33   31   30   31   31   32   34   35   35   34   33   32   31   30   28   27
   26   25   24   24   25   24   24   24   24   26   26   28   31   34   38   44
   50   56   63   70   76   82   88   92   95   98  101  102  105  108  110  113
  116  118  120  122  123  123  122  121  118  116  112  108  104   99   94   89
   83   76   69   62   54   48   41   36   33
    67.5-180.0 180.0   5.0 450.0                            LAT/LON1/LON2/DLON/H
   39   36   34   33   32   32   32   32   32   31   29   29   28   27   26   25
   25   25   24   25   25   25   25   25   26   26   27   28   30   34   38   43
   50   56   63   70   76   82   87   92   95   99  102  105  108  112  116  119
  122  125  127  129  129  130  128  126  123  120  117  113  110  106  102   98
   93   87   81   74   66   58   50   44   39
    65.0-180.0 180.0   5.0 450.0                            LAT/LON1/LON2/DLON/H
   45   41   38   35   34   33   32   31   30   29   27   27   26   26   25   25
   26   26   27   27   28   27   27   27   27   27   28   29   31   34   38   43
   50   57   63   70   75   81   86   90   94   98  101  106  110  115  119  123
  127  129  131  132  131  131  129  126  122  118  115  112  109  106  103  100
   97   94   88   82   74   66   58   51   45
    62.5-180.0 180.0   5.0 450.0                            LAT/LON1/LON2/DLON/H
   50   46   42   39   37   35   33   32   30   28   27   26   25   26   26   27
   28   29   29   29   29   29   29   29   28   27   29   30   32   35   39   45
   51   57   63   69   75   80   84   89   93   98  102  107  112  117  122  126
  130  132  133  133  132  130  126  122  118  113  109  106  103  101   99   98
   97   94   91   85   79   71   64   56   50
    60.0-180.0 180.0   5.0 450.0                            LAT/LON1/LON2/DLON/H
   54   49   46   42   40   37   35   32   30   28   26   26   26   27   28   29
   30   31   31   30   29   29   28   28   28   27   28   29   31   35   40   47
   53   59   64   70   75   79   83   88   93   98  104  110  115  121  127  131
  134  136  136  136  133  129  124  119  114  109  105  101   98   96   95   94
   93   91   89   85   79   73   66   59   54
    57.5-180.0 180.0   5.0 450.0                            LAT/LON1/LON2/DLON/H
   56   51   48   45   42   39   37   34   31   29   27   26   27   27   28   29
   30   31   30   30   28   27   27   26   26   26   27   29   32   36   42   49
   56   62   67   73   77   81   85   90   96  102  109  115  122  128  133  137
  141  142  142  141  137  132  126  120  115  109  104  100   97   93   91   90
   89   88   86   82   77   71   66   60   56
    55.0-180.0 180.0   5.0 450.0                            LAT/LON1/LON2/DLON/H
   56   53   50   47   44   42   39   36   33   30   28   27   27   28   28   29
   30   29   28   27   25   25   25   25   25   26   27   29   32   37   43   51
   59   65   72   77   82   86   91   96  102  109  116  123  130  136  142  146
  149  150  150  149  145  140  134  128  122  116  111  106  102   97   92   90
   88   85   83   79   75   69   65   60   56
    52.5-180.0 180.0   5.0 450.0                            LAT/LON1/LON2/DLON/H
   58   55   52   50   48   46   43   40   37   34   31   29   29   29   29   29
   29   28   27   25   24   24   24   25   26   27   29   31   34   39   46   54
   63   71   78   84   89   95  101  106  112  119  127  133  140  146  150  156
  159  161  161  160  156  151  146  140  134  129  124  118  112  106  100   94
   90   86   82   78   73   69   65   60   58
    50.0-180.0 180.0   5.0 450.0                            LAT/LON1/LON2/DLON/H
   61   58   55   54   52   50   48   45   42   39   36   33   33   32   31   31
   30   29   28   26   26   26   27   30   31   32   32   34   37   42   50   58
   67   77   86   93  100  107  113  119  125  132  139  146  152  157  162  167
  170  172  172  171  167  163  158  153  147  142  137  130  123  116  109  102
   96   90   84   80   75   70   66   63   61
    47.5-180.0 180.0   5.0 450.0                            LAT/LON1/LON2/DLON/H
   65   64   61   59   57   56   53   51   48   46   43   40   38   36   35   35
   34   32   31   31   31   32   35   37   39   40   39   40   42   47   54   62
   73   84   94  102  111  119  126  133  139  146  152  158  163  168  173  177
  180  182  182  180  177  173  167  163  158  153  147  141  133  126  118  109
  102   96   90   84   78   74   71   68   65
    45.0-180.0 180.0   5.0 450.0                            LAT/LON1/LON2/DLON/H
   72   70   68   66   63   61   59   57   55   53   51   48   45   43   41   40
   39   38   38   39   40   43   46   48   49   49   47   46   47   51   59   68
   78   90  101  112  122  131  139  146  152  158  164  169  174  179  182  186
  188  191  190  188  184  179  173  168  162  156  151  145  138  131  123  116
  109  103   97   90   84   79   76   73   72
    42.5-180.0 180.0   5.0 450.0                            LAT/LON1/LON2/DLON/H
   78   76   74   72   69   66   64   63   61   61   60   56   53   51   48   46
   47   46   47   49   51   55   57   59   59   57   54   51   51   55   63   73
   83   95  107  119  131  141  148  155  162  168  174  179  183  188  191  194
  196  198  197  194  189  183  175  168  160  153  146  141  135  129  124  120
  114  108  102   96   90   85   82   79   78
    40.0-180.0 180.0   5.0 450.0                            LAT/LON1/LON2/DLON/H
   82   80   79   76   72   69   68   67   68   68   68   66   63   59   57   55
   54   55   57   59   62   65   68   69   68   64   59   55   54   58   66   77
   88  101  113  126  138  148  156  163  169  175  181  186  191  195  199  203
  206  206  204  199  191  184  175  166  156  147  139  133  128  125  123  121
  117  112  107  101   95   89   86   83   82
    37.5-180.0 180.0   5.0 450.0                            LAT/LON1/LON2/DLON/H
   82   81   79   76   74   71   69   70   73   75   76   75   72   68   65   63
   62   63   65   67   70   74   75   75   73   68   62   58   56   60   69   81
   92  105  117  130  142  152  161  168  175  180  186  191  197  202  207  212
  214  215  212  206  198  189  180  168  156  145  136  128  125  124  123  123
  120  116  110  104   98   92   87   84   82
    35.0-180.0 180.0   5.0 450.0                            LAT/LON1/LON2/DLON/H
   79   78   77   75   72   70   69   70   75   80   83   83   81   77   73   70
   69   69   71   73   77   78   79   78   75   69   63   58   57   61   70   83
   95  108  120  133  145  155  164  171  179  185  191  197  203  210  216  221
  227  228  225  220  213  203  194  182  168  156  146  138  133  132  131  130
  127  122  115  107   99   92   86   82   79
    32.5-180.0 180.0   5.0 450.0                            LAT/LON1/LON2/DLON/H
   76   74   73   71   69   68   67   69   74   81   86   88   87   84   81   78
   75   75   75   77   79   80   79   77   73   68   61   57   56   61   71   85
   98  111  122  134  147  158  167  176  183  190  196  204  210  218  226  235
  244  247  247  243  238  231  223  213  199  187  176  166  159  155  150  147
  141  134  124  114  104   94   86   80   76
    30.0-180.0 180.0   5.0 450.0                            LAT/LON1/LON2/DLON/H
   74   70   69   67   67   66   66   67   73   79   86   89   90   88   86   83
   80   78   77   77   78   78   77   74   70   64   58   53   53   60   72   87
  101  113  124  136  148  160  171  182  190  198  205  214  222  230  240  252
  265  273  277  278  278  273  271  263  251  240  225  213  202  193  184  174
  164  152  139  125  112  100   89   80   74
    27.5-180.0 180.0   5.0 450.0                            LAT/LON1/LON2/DLON/H
   77   71   68   66   66   65   65   67   71   76   83   88   90   90   89   86
   83   80   77   76   76   76   74   70   65   60   55   50   50   58   72   89
  103  115  126  138  151  164  177  189  199  207  217  227  237  247  259  275
  291  305  316  322  328  327  330  327  316  306  291  275  260  245  230  213
  197  178  161  143  126  111   97   85   77
    25.0-180.0 180.0   5.0 450.0                            LAT/LON1/LON2/DLON/H
   85   77   73   70   68   68   67   67   69   74   80   84   88   89   88   86
   82   79   76   74   74   73   71   67   62   57   52   48   48   57   72   90
  105  116  127  140  154  168  184  198  211  222  234  245  256  269  283  302
  323  341  355  368  379  383  393  394  383  376  362  347  328  306  284  262
  235  209  189  167  147  129  112   98   85
    22.5-180.0 180.0   5.0 450.0                            LAT/LON1/LON2/DLON/H
  100   89   83   79   76   73   71   69   69   72   76   81   84   85   86   84
   81   77   74   73   72   71   69   65   61   57   52   47   48   56   72   90
  105  118  129  142  157  175  192  209  225  239  253  265  276  291  307  331
  353  373  391  406  419  429  442  446  437  431  420  407  386  360  334  308
  274  243  222  197  174  154  134  116  100
    20.0-180.0 180.0   5.0 450.0                            LAT/LON1/LON2/DLON/H
  120  106   97   91   86   82   76   72   70   71   75   77   80   81   83   82
   79   76   74   72   71   69   67   64   61   57   52   47   47   54   71   89
  106  120  132  146  164  184  204  221  239  256  272  285  296  310  330  350
  374  394  411  426  436  445  457  461  458  455  449  437  417  393  369  341
  308  276  251  224  203  180  160  139  120
    17.5-180.0 180.0   5.0 450.0                            LAT/LON1/LON2/DLON/H
  142  126  114  105   99   92   84   77   73   73   74   76   77   78   79   79
   77   75   73   71   70   68   67   65   61   57   52   47   46   53   69   89
  108  123  137  152  173  195  217  234  252  272  290  305  314  326  344  364
  382  397  410  422  429  434  443  447  450  450  447  438  425  407  387  360
  329  299  272  248  228  205  185  164  142
    15.0-180.0 180.0   5.0 450.0                            LAT/LON1/LON2/DLON/H
  166  147  133  123  113  103   93   84   78   77   77   76   76   75   75   76
   74   73   71   69   68   67   66   64   60   56   51   46   45   53   68   89
  110  127  143  161  183  206  228  247  262  283  304  320  330  339  352  366
  378  389  397  403  407  411  417  421  427  429  431  426  419  406  390  367
  340  312  286  264  244  224  204  188  166
    12.5-180.0 180.0   5.0 450.0                            LAT/LON1/LON2/DLON/H
  186  166  152  139  129  117  104   92   86   84   82   79   78   75   74   73
   72   71   69   67   65   64   63   62   60   56   50   46   46   53   69   91
  112  131  150  168  191  214  235  254  272  294  314  331  341  347  355  363
  372  378  382  383  385  387  391  394  398  405  409  409  405  396  384  366
  344  319  295  274  255  239  222  205  186
    10.0-180.0 180.0   5.0 450.0                            LAT/LON1/LON2/DLON/H
  202  185  167  154  142  130  115  103   96   92   90   85   81   77   74   72
   71   70   68   65   63   62   62   61   59   55   51   48   49   56   73   95
  118  139  159  177  199  220  240  258  278  300  322  339  349  353  357  362
  368  370  371  371  371  371  372  373  377  383  390  391  391  386  376  362
  344  322  301  280  262  246  231  217  202
     7.5-180.0 180.0   5.0 450.0                            LAT/LON1/LON2/DLON/H
  209  195  180  165  154  142  127  115  109  105  100   94   88   81   76   73
   71   70   67   65   62   61   62   61   60   57   54   51   52   61   78  100
  124  146  166  184  203  222  242  260  280  304  327  346  356  360  363  368
  371  370  370  370  371  369  367  366  368  373  378  381  383  381  373  360
  341  322  302  281  262  247  233  221  209
     5.0-180.0 180.0   5.0 450.0                            LAT/LON1/LON2/DLON/H
  209  197  183  171  162  151  139  128  123  118  113  105   97   86   80   77
   74   71   68   65   62   61   62   63   63   61   57   56   58   66   83  105
  130  152  170  187  203  222  239  258  280  305  330  349  361  370  376  380
  382  379  377  381  384  383  380  377  376  379  383  384  385  383  376  360
  340  320  300  279  259  244  230  219  209
     2.5-180.0 180.0   5.0 450.0                            LAT/LON1/LON2/DLON/H
  205  194  182  173  168  159  150  140  136  132  125  115  106   94   87   81
   77   73   70   67   64   64   65   66   66   64   62   61   63   71   88  110
  134  155  171  186  200  217  235  256  279  305  330  350  366  379  392  399
  400  394  392  398  404  406  404  400  398  399  401  400  397  391  380  363
  340  317  296  274  253  238  226  214  205
