data/IONEX/CVBB2880.21i
     1.0            IONOSPHERE MAPS     MIX                 IONEX VERSION / TYPE
cmpcmb v1.2          GRL/UWM            28-oct-21 01:54     PGM / RUN BY / DATE 
ionex file containing IGS COMBINED Ionosphere maps          COMMENT             
global ionosphere maps for day 288, 2021                    DESCRIPTION         
IONEX file containing the COMBINED IGS TEC MAPS and DCBs    DESCRIPTION         
      IONEX files of the following IAACs were combined: cod DESCRIPTION         
                                                        esa DESCRIPTION         
                                                        jpl DESCRIPTION         
                                                        upc DESCRIPTION         
Contact address: Andrzej Krankowski                         DESCRIPTION
                 Geodynamics Research Laboratory            DESCRIPTION
                 University of Warmia and Mazury (GRL/UWM)  DESCRIPTION
                 Oczapowski St. 1                           DESCRIPTION
                 10-957-Olsztyn, POLAND                     DESCRIPTION
                 e-mail:  kand@uwm.edu.pl                   DESCRIPTION
                                                            DESCRIPTION         
  2021    10    15     0     0     0                        EPOCH OF FIRST MAP  
  2021    10    16     0     0     0                        EPOCH OF LAST MAP   
  7200                                                      INTERVAL            
    13                                                      # OF MAPS IN FILE   
  COSZ                                                      MAPPING FUNCTION    
     0.0                                                    ELEVATION CUTOFF    
combined TEC calculated as weighted mean of input TEC valuesOBSERVABLES USED    
   354                                                      # OF STATIONS       
    32                                                      # OF SATELLITES     
  6371.0                                                    BASE RADIUS         
     2                                                      MAP DIMENSION       
   450.0 450.0   0.0                                        HGT1 / HGT2 / DHGT  
    87.5 -87.5  -2.5                                        LAT1 / LAT2 / DLAT  
  -180.0 180.0   5.0                                        LON1 / LON2 / DLON  
    -1                                                      EXPONENT            
TEC values in 0.1 tec units;  9999, if no value available   COMMENT             
DCB values in nanoseconds, reference is Sum_of_SatDCBs = 0  COMMENT             
                                                            END OF HEADER       
[from data line 4719]
    12                                                      START OF TEC MAP    
  2021    10    15    22     0     0                        EPOCH OF CURRENT MAP
    87.5-180.0 180.0   5.0 450.0                            LAT/LON1/LON2/DLON/H
   52   53   53   54   54   55   55   56   56   56   57   57   56   56   56   56
   55   55   54   53   52   52   51   50   49   48   47   46   45   44   43   42
   40   40   39   38   37   37   36   36   35   34   34   34   34   34   34   34
   34   35   35   35   36   36   37   38   39   40   41   41   42   43   44   45
   46   47   47   48   49   50   51   51   52
    85.0-180.0 180.0   5.0 450.0                            LAT/LON1/LON2/DLON/H
   59   60   61   63   64   65   67   68   69   71   71   71   72   72   72   71
   70   70   68   67   65   63   61   59   58   56   54   51   49   47   44   42
   41   39   37   35   34   33   31   30   29   29   28   27   27   27   27   28
   29   30   30   31   31   33   34   35   37   39   40   42   43   44   46   47
   49   50   51   53   54   55   57   58   59
    82.5-180.0 180.0   5.0 450.0                            LAT/LON1/LON2/DLON/H
   66   68   69   72   75   77   80   83   86   87   90   91   92   93   93   92
   92   90   87   84   78   75   72   69   66   63   61   56   55   51   49   45
   43   42   40   40   38   37   35   32   30   29   28   26   26   25   26   26
   26   28   28   29   29   31   33   35   37   38   41   43   45   47   48   50
   52   54   55   57   58   60   62   63   66
    80.0-180.0 180.0   5.0 450.0                            LAT/LON1/LON2/DLON/H
   69   71   74   77   80   84   87   91   94   97   99  102  103  104  104  103
  102   99   97   94   89   89   82   75   69   65   63   60   59   56   55   52
   49   48   45   43   42   40   39   39   37   34   33   30   28   27   27   28
   28   29   29   30   31   32   33   34   36   38   41   43   46   48   50   52
   54   56   58   60   61   63   65   67   69
    77.5-180.0 180.0   5.0 450.0                            LAT/LON1/LON2/DLON/H
   70   72   75   78   82   86   90   94   99  104  108  111  114  116  117  118
  116  113  109  105   99   99   93   91   84   81   77   73   71   69   68   66
   64   61   59   55   52   50   48   46   43   41   40   36   34   33   33   33
   33   34   34   34   35   35   35   36   36   37   39   41   44   46   49   51
   54   56   58   60   62   64   66   68   70
    75.0-180.0 180.0   5.0 450.0                            LAT/LON1/LON2/DLON/H
   70   72   75   77   80   85   90   95  101  107  113  118  121  124  125  123
  121  117  115  107  104   99   94   92   89   85   81   76   72   72   71   70
   70   68   66   64   61   59   56   53   50   48   46   43   40   39   38   39
   39   40   40   40   39   39   37   37   36   36   36   38   40   42   45   48
   51   54   57   60   62   64   67   69   70
    72.5-180.0 180.0   5.0 450.0                            LAT/LON1/LON2/DLON/H
   71   73   75   76   80   84   89   95  101  109  115  121  125  128  127  126
  123  121  112  106  104   97   93   90   85   81   79   79   78   75   76   74
   72   71   69   67   65   62   60   56   53   51   49   47   45   45   44   43
   43   43   42   42   43   41   39   36   35   33   33   33   35   37   40   44
   48   51   55   58   62   65   67   69   71
    70.0-180.0 180.0   5.0 450.0                            LAT/LON1/LON2/DLON/H
   74   77   77   79   80   84   88   94  100  106  114  121  127  128  129  127
  123  115  110  105   99   93   88   86   80   78   75   75   75   74   73   74
   70   69   67   66   64   61   58   56   53   51   49   48   46   45   43   41
   41   40   40   40   40   39   37   34   31   29   28   28   29   31   35   39
   43   48   53   57   62   66   69   72   74
    67.5-180.0 180.0   5.0 450.0                            LAT/LON1/LON2/DLON/H
   79   81   83   83   84   85   88   93   98  105  113  121  127  128  130  127
  119  111  108  101   95   87   83   81   76   73   72   70   69   67   66   66
   65   62   61   59   58   55   52   50   49   47   45   44   41   40   38   37
   35   35   33   34   35   33   32   29   26   24   22   23   24   26   30   35
   40   46   51   57   63   68   72   76   79
    65.0-180.0 180.0   5.0 450.0                            LAT/LON1/LON2/DLON/H
   85   88   90   90   90   90   91   94   98  105  112  120  124  127  128  124
  118  111  105   99   92   85   81   78   73   69   67   62   59   57   55   55
   54   52   51   50   46   44   43   41   40   39   38   37   35   34   32   31
   30   29   28   28   29   27   26   23   21   19   19   18   20   23   27   32
   38   44   51   58   64   70   75   80   85
    62.5-180.0 180.0   5.0 450.0                            LAT/LON1/LON2/DLON/H
   90   94   97   98   97   96   96   97  100  105  112  118  122  125  125  123
  118  112  104   99   92   87   83   76   72   66   60   56   51   48   47   45
   43   42   41   39   36   34   34   32   31   31   31   32   31   31   30   28
   28   26   25   25   24   23   22   20   18   17   17   17   19   22   27   33
   39   46   52   59   66   72   78   84   90
    60.0-180.0 180.0   5.0 450.0                            LAT/LON1/LON2/DLON/H
   95  100  104  105  104  103  101  101  102  105  110  116  121  125  125  123
  119  113  107  102   96   91   87   78   73   66   58   53   48   45   41   39
   37   36   34   31   29   27   27   26   27   28   30   31   32   32   31   29
   28   26   24   23   23   22   21   19   17   18   17   19   21   26   30   36
   43   49   55   61   68   74   81   88   95
    57.5-180.0 180.0   5.0 450.0                            LAT/LON1/LON2/DLON/H
   99  105  110  112  112  110  108  106  104  106  110  115  121  125  126  125
  121  116  111  107  102   97   92   84   77   70   61   55   50   46   42   38
   36   34   31   29   27   26   26   27   28   30   33   35   36   35   34   32
   30   28   26   25   24   24   23   21   20   21   22   23   26   31   36   42
   48   53   59   65   70   77   84   91   99
    55.0-180.0 180.0   5.0 450.0                            LAT/LON1/LON2/DLON/H
  103  110  116  119  120  118  115  112  109  108  111  115  120  124  127  127
  124  120  115  111  106  102   96   89   82   74   66   61   55   52   47   43
   39   36   33   31   30   29   30   32   34   37   39   41   42   41   40   37
   35   33   31   29   28   28   28   27   26   27   28   29   33   37   43   48
   54   59   63   69   74   79   87   94  103
    52.5-180.0 180.0   5.0 450.0                            LAT/LON1/LON2/DLON/H
  107  115  121  126  128  127  124  119  116  113  113  116  119  124  127  128
  127  124  119  115  110  105  100   94   87   79   73   68   64   61   55   51
   47   43   40   38   38   38   39   41   43   46   48   49   49   49   48   46
   43   40   38   37   35   35   35   35   34   34   35   37   40   44   49   55
   60   64   69   73   78   84   91   99  107
    50.0-180.0 180.0   5.0 450.0                            LAT/LON1/LON2/DLON/H
  113  120  127  132  136  137  134  131  126  121  119  119  121  124  128  130
  130  127  123  118  113  108  103   97   91   86   81   78   75   72   65   60
   56   52   49   49   48   50   50   52   53   55   57   57   57   57   56   54
   51   49   48   46   45   45   45   45   43   43   43   45   47   51   55   60
   64   69   73   78   84   90   97  104  113
    47.5-180.0 180.0   5.0 450.0                            LAT/LON1/LON2/DLON/H
  120  127  133  138  143  146  146  143  138  131  127  124  124  126  129  132
  132  131  127  122  116  111  106  101   96   92   89   87   84   80   74   68
   63   60   59   59   60   61   61   61   62   63   63   64   64   64   64   62
   60   59   57   57   55   55   54   53   52   50   50   51   54   57   60   64
   69   73   79   85   91   97  105  113  120
    45.0-180.0 180.0   5.0 450.0                            LAT/LON1/LON2/DLON/H
  128  134  139  144  149  154  156  155  150  144  137  133  131  131  133  135
  136  134  131  126  121  116  110  105  100   97   94   92   89   84   78   73
   68   65   66   68   70   70   70   69   68   68   68   68   69   69   70   70
   69   68   67   65   65   64   62   61   59   57   56   56   59   62   65   69
   74   78   84   91   99  106  114  121  128
    42.5-180.0 180.0   5.0 450.0                            LAT/LON1/LON2/DLON/H
  136  141  146  150  155  160  164  165  161  154  148  142  138  137  139  140
  140  138  135  132  127  122  116  110  105  100   96   93   89   84   78   73
   68   68   70   74   77   77   75   73   72   72   72   72   73   74   75   77
   77   77   75   74   72   70   68   66   64   62   60   60   62   65   69   74
   79   84   91   98  105  114  122  129  136
    40.0-180.0 180.0   5.0 450.0                            LAT/LON1/LON2/DLON/H
  142  148  151  155  159  164  169  171  169  164  156  150  146  145  145  145
  145  144  142  140  136  131  124  117  110  102   95   90   85   80   75   71
   68   69   74   78   81   81   79   76   74   74   74   75   77   79   81   83
   84   84   82   79   76   74   72   70   67   64   63   63   65   69   74   78
   83   90   96  103  110  119  128  136  142
    37.5-180.0 180.0   5.0 450.0                            LAT/LON1/LON2/DLON/H
  148  153  157  160  163  168  172  175  174  169  163  157  154  153  152  153
  152  151  150  150  147  143  136  126  115  104   95   87   80   76   73   70
   69   71   77   81   84   84   81   78   77   76   77   79   82   85   87   89
   89   88   85   81   78   76   74   72   68   65   63   64   67   73   79   84
   89   95  102  108  115  122  131  140  148
    35.0-180.0 180.0   5.0 450.0                            LAT/LON1/LON2/DLON/H
  152  159  164  166  168  171  174  176  176  173  167  162  161  162  161  161
  161  161  160  161  160  156  148  135  122  109   96   86   77   74   73   72
   73   76   80   84   87   86   84   81   80   80   82   85   88   89   91   91
   90   88   84   80   77   75   73   71   68   64   62   63   68   75   83   90
   95  101  108  113  119  125  132  142  152
    32.5-180.0 180.0   5.0 450.0                            LAT/LON1/LON2/DLON/H
  158  168  174  177  177  176  177  178  178  173  169  166  167  170  172  172
  172  172  171  172  171  168  160  146  132  116  101   90   82   79   80   81
   81   84   86   88   89   89   86   84   84   86   88   92   93   93   92   90
   89   85   81   77   75   74   72   70   67   63   60   62   68   77   87   94
  101  107  113  118  122  127  134  145  158
    30.0-180.0 180.0   5.0 450.0                            LAT/LON1/LON2/DLON/H
  167  182  191  193  191  187  186  184  181  177  173  171  174  179  182  183
  183  184  183  184  181  177  169  157  142  126  112  102   95   93   94   95
   96   96   95   94   93   91   88   88   89   92   94   97   96   94   91   88
   85   81   78   75   73   72   71   69   65   61   58   60   68   79   90   99
  106  112  120  125  128  132  139  151  167
    27.5-180.0 180.0   5.0 450.0                            LAT/LON1/LON2/DLON/H
  185  205  216  218  214  208  203  198  192  186  182  180  184  189  194  195
  196  197  197  196  192  185  177  167  154  140  130  123  119  117  118  116
  115  110  104   99   96   93   91   92   94   97   99  101   99   95   90   85
   81   77   75   72   70   69   68   66   63   58   56   58   67   79   92  104
  113  120  129  134  139  143  151  165  185
    25.0-180.0 180.0   5.0 450.0                            LAT/LON1/LON2/DLON/H
  214  235  250  253  247  239  232  224  216  207  201  197  199  203  206  207
  208  210  210  205  200  193  185  178  169  161  155  151  151  152  153  144
  138  124  111  103   98   97   95   95   97  100  100  101   99   94   87   81
   76   73   71   69   66   66   64   62   59   55   53   56   65   79   95  108
  119  128  139  146  155  161  171  190  214
    22.5-180.0 180.0   5.0 450.0                            LAT/LON1/LON2/DLON/H
  247  274  290  296  290  282  273  265  254  243  231  225  222  223  221  220
  220  222  220  215  207  200  195  192  190  189  188  187  189  196  198  179
  165  141  118  108  102  101  101  100   99  101  100  101   98   92   84   78
   72   69   67   64   63   62   60   58   55   51   50   54   64   80   97  112
  123  135  148  161  174  183  197  218  247
    20.0-180.0 180.0   5.0 450.0                            LAT/LON1/LON2/DLON/H
  282  314  334  342  336  331  325  320  308  293  276  262  253  248  242  238
  234  235  233  227  217  211  208  213  218  224  226  225  235  243  241  215
  192  158  130  117  109  107  107  105  104  103  101  100   97   91   83   76
   70   67   64   62   60   59   56   54   52   49   48   54   65   82   99  114
  127  141  158  177  196  210  226  249  282
    17.5-180.0 180.0   5.0 450.0                            LAT/LON1/LON2/DLON/H
  312  348  374  385  380  378  381  384  373  354  330  310  293  281  269  262
  254  252  247  241  232  227  228  239  252  263  267  265  267  274  266  239
  207  170  141  126  119  119  117  113  112  109  105  101   96   91   84   77
   71   67   64   61   58   56   54   51   49   47   48   54   67   84  102  118
  132  148  169  194  217  237  259  282  312
    15.0-180.0 180.0   5.0 450.0                            LAT/LON1/LON2/DLON/H
  333  369  394  412  412  414  428  443  437  416  389  363  339  321  302  290
  280  272  264  258  250  247  252  267  284  298  301  299  291  278  261  232
  197  162  141  129  128  132  130  125  122  117  111  104   99   94   88   80
   74   70   66   62   58   55   52   49   47   47   49   56   69   88  107  123
  138  156  178  207  237  261  284  306  333
    12.5-180.0 180.0   5.0 450.0                            LAT/LON1/LON2/DLON/H
  341  368  392  410  419  431  456  479  484  469  444  414  385  365  342  323
  309  297  284  275  269  270  279  294  309  318  318  306  283  256  231  205
  172  150  135  137  145  153  151  141  133  125  118  110  103   99   93   87
   80   74   69   63   58   54   51   48   46   46   49   58   73   92  112  129
  145  163  188  218  250  277  299  318  341
    10.0-180.0 180.0   5.0 450.0                            LAT/LON1/LON2/DLON/H
  339  358  374  391  405  426  457  488  504  497  478  453  430  407  384  360
  342  326  308  296  291  294  306  317  326  326  315  286  256  226  199  173
  149  139  141  154  171  182  179  165  148  134  125  117  112  107  101   95
   86   77   71   65   58   54   51   47   45   46   50   60   75   96  117  136
  152  170  195  225  257  285  305  322  339
     7.5-180.0 180.0   5.0 450.0                            LAT/LON1/LON2/DLON/H
  333  347  357  367  380  402  435  472  496  502  492  476  459  441  420  397
  377  360  339  327  320  320  328  334  336  327  304  270  234  202  174  154
  144  146  161  180  201  211  206  187  165  146  136  126  123  116  108  101
   90   80   72   65   59   55   51   48   46   46   50   61   77  100  121  141
  157  175  198  227  259  285  305  319  333
     5.0-180.0 180.0   5.0 450.0                            LAT/LON1/LON2/DLON/H
  327  338  344  346  354  372  401  437  464  479  481  475  467  458  445  428
  409  393  373  360  350  347  348  348  341  323  293  256  216  186  164  154
  158  169  189  209  225  235  229  207  182  159  148  135  129  122  113  104
   92   82   74   66   60   56   53   49   47   46   50   62   79  102  126  145
  162  178  199  225  253  279  299  314  327
     2.5-180.0 180.0   5.0 450.0                            LAT/LON1/LON2/DLON/H
  324  337  341  340  340  349  369  397  422  441  451  455  457  457  453  444
  431  418  400  388  377  370  367  361  346  321  286  247  211  187  176  180
  189  201  219  238  247  250  242  217  193  171  160  144  135  125  115  104
   92   83   74   67   61   57   54   51   47   46   50   62   80  103  127  147
  163  178  197  221  247  271  294  309  324
