data/IONEX/CVBB2930.21i
     1.0            IONOSPHERE MAPS     MIX                 IONEX VERSION / TYPE
cmpcmb v1.2          GRL/UWM             6-nov-21 02:14     PGM / RUN BY / DATE 
ionex file containing IGS COMBINED Ionosphere maps          COMMENT             
global ionosphere maps for day 293, 2021                    DESCRIPTION         
IONEX file containing the COMBINED IGS TEC MAPS and DCBs    DESCRIPTION         
      IONEX files of the following IAACs were combined: cod DESCRIPTION         
                                                        esa DESCRIPTION         
                                                        jpl DESCRIPTION         
                                                        upc DESCRIPTION         
Contact address: Andrzej Krankowski                         DESCRIPTION
                 Geodynamics Research Laboratory            DESCRIPTION
                 University of Warmia and Mazury (GRL/UWM)  DESCRIPTION
                 Oczapowski St. 1                           DESCRIPTION
                 10-957-Olsztyn, POLAND                     DESCRIPTION
                 e-mail:  kand@uwm.edu.pl                   DESCRIPTION
                                                            DESCRIPTION         
  2021    10    20     0     0     0                        EPOCH OF FIRST MAP  
  2021    10    21     0     0     0                        EPOCH OF LAST MAP   
  7200                                                      INTERVAL            
    13                                                      # OF MAPS IN FILE   
  COSZ                                                      MAPPING FUNCTION    
     0.0                                                    ELEVATION CUTOFF    
combined TEC calculated as weighted mean of input TEC valuesOBSERVABLES USED    
   359                                                      # OF STATIONS       
    32                                                      # OF SATELLITES     
  6371.0                                                    BASE RADIUS         
     2                                                      MAP DIMENSION       
   450.0 450.0   0.0                                        HGT1 / HGT2 / DHGT  
    87.5 -87.5  -2.5                                        LAT1 / LAT2 / DLAT  
  -180.0 180.0   5.0                                        LON1 / LON2 / DLON  
    -1                                                      EXPONENT            
TEC values in 0.1 tec units;  9999, if no value available   COMMENT             
DCB values in nanoseconds, reference is Sum_of_SatDCBs = 0  COMMENT             
                                                            END OF HEADER       
[from data line 2574]
     7                                                      START OF TEC MAP    
  2021    10    20    12     0     0                        EPOCH OF CURRENT MAP
    87.5-180.0 180.0   5.0 450.0                            LAT/LON1/LON2/DLON/H
   44   45   45   45   45   45   45   45   46   46   46   46   46   47   47   48
   49   50   50   51   51   52   53   54   54   55   55   56   56   56   56   56
   56   57   57   56   56   56   56   56   56   56   55   55   55   55   54   54
   53   53   53   52   52   51   51   50   49   49   48   48   48   47   47   46
   46   45   45   45   45   45   44   44   44
    85.0-180.0 180.0   5.0 450.0                            LAT/LON1/LON2/DLON/H
   39   39   39   40   40   41   41   42   42   43   44   44   45   46   47   47
   48   48   49   49   50   52   54   55   56   57   58   58   59   59   59   59
   60   61   61   61   61   61   61   61   61   60   59   59   57   56   56   55
   55   54   53   52   51   50   49   48   47   46   45   44   43   43   42   41
   41   40   40   40   40   39   39   39   39
    82.5-180.0 180.0   5.0 450.0                            LAT/LON1/LON2/DLON/H
   33   33   34   34   36   37   38   39   40   41   41   42   43   44   45   46
   47   48   49   49   51   52   54   56   56   56   57   58   58   59   60   61
   61   62   62   63   63   63   63   63   63   63   62   61   60   59   58   56
   54   53   52   51   49   48   46   44   43   42   41   40   39   38   37   36
   35   35   34   33   33   33   33   32   33
    80.0-180.0 180.0   5.0 450.0                            LAT/LON1/LON2/DLON/H
   27   28   29   30   31   33   33   35   36   37   38   39   40   41   43   45
   46   48   48   49   51   51   53   54   56   56   58   58   60   62   62   64
   64   65   65   65   65   65   65   66   65   64   63   62   61   59   57   56
   54   52   51   49   48   46   44   43   41   39   38   36   35   33   33   31
   30   29   28   27   27   27   27   27   27
    77.5-180.0 180.0   5.0 450.0                            LAT/LON1/LON2/DLON/H
   23   24   25   27   28   30   31   32   34   34   36   38   40   42   43   45
   47   49   50   51   52   54   55   56   57   58   59   60   61   63   64   66
   67   68   69   69   69   68   67   67   66   65   64   62   61   60   58   56
   54   53   51   49   47   46   44   43   40   38   36   34   32   30   29   27
   25   24   23   23   22   22   22   23   23
    75.0-180.0 180.0   5.0 450.0                            LAT/LON1/LON2/DLON/H
   21   22   24   25   27   28   29   30   32   33   35   38   40   42   45   47
   48   50   52   53   54   55   56   58   59   59   61   63   65   66   68   69
   70   71   71   72   73   73   72   71   70   69   67   66   64   63   61   59
   57   55   53   51   49   47   46   44   42   39   36   34   31   29   26   24
   23   22   21   20   20   20   20   20   21
    72.5-180.0 180.0   5.0 450.0                            LAT/LON1/LON2/DLON/H
   20   22   23   24   26   26   27   29   31   32   34   37   40   43   45   47
   50   51   52   54   55   55   58   59   61   62   63   66   67   70   71   73
   74   75   76   76   76   77   76   76   75   74   72   71   69   68   66   64
   61   59   57   54   52   51   48   46   43   41   37   35   32   29   26   24
   22   21   20   20   20   20   19   20   20
    70.0-180.0 180.0   5.0 450.0                            LAT/LON1/LON2/DLON/H
   22   22   23   24   24   24   26   27   29   31   33   36   39   42   44   47
   49   49   52   53   54   55   58   60   62   64   66   67   70   72   74   75
   77   79   80   80   80   80   80   80   79   79   77   76   75   73   71   68
   66   63   60   58   56   54   51   48   46   42   39   36   33   29   27   25
   24   23   22   22   21   21   21   21   22
    67.5-180.0 180.0   5.0 450.0                            LAT/LON1/LON2/DLON/H
   24   24   24   24   23   24   25   26   27   29   31   34   36   39   42   44
   45   46   48   49   52   54   57   59   62   65   68   70   72   74   76   78
   80   82   84   85   84   84   84   84   83   83   82   81   80   78   76   73
   70   67   64   61   58   55   53   50   47   43   40   36   33   30   28   26
   25   24   24   24   24   24   23   24   24
    65.0-180.0 180.0   5.0 450.0                            LAT/LON1/LON2/DLON/H
   26   25   25   24   24   23   23   24   25   26   28   31   32   34   37   38
   39   41   42   44   47   50   54   58   62   66   69   71   74   76   79   81
   84   86   89   89   89   88   88   87   88   87   87   86   85   83   80   76
   73   69   66   62   59   56   53   50   46   43   39   36   33   30   29   27
   26   27   28   28   27   28   27   27   26
    62.5-180.0 180.0   5.0 450.0                            LAT/LON1/LON2/DLON/H
   28   27   26   26   24   24   23   23   23   24   24   26   27   29   31   32
   33   34   35   37   41   45   51   56   61   66   69   72   75   77   80   84
   88   91   93   95   94   93   92   91   91   91   91   90   89   87   83   79
   75   70   66   62   59   56   52   49   45   42   38   35   33   31   29   28
   28   29   30   31   31   31   30   30   28
    60.0-180.0 180.0   5.0 450.0                            LAT/LON1/LON2/DLON/H
   30   28   28   27   26   25   25   24   23   23   22   22   23   24   25   26
   26   27   28   31   35   41   47   54   60   65   69   72   75   79   83   88
   93   97  100  101  100   99   97   96   95   95   95   94   93   90   86   81
   77   71   66   62   58   54   51   47   44   40   37   35   33   31   30   30
   30   32   33   35   35   35   34   32   30
    57.5-180.0 180.0   5.0 450.0                            LAT/LON1/LON2/DLON/H
   33   32   30   30   29   29   28   27   25   24   22   22   22   22   22   21
   21   22   23   27   31   38   46   53   59   65   69   73   78   83   88   95
  101  106  108  109  107  105  103  101  100  100   99   98   96   93   88   83
   77   73   68   62   58   54   51   48   43   41   38   37   35   33   32   33
   34   36   37   38   39   39   37   35   33
    55.0-180.0 180.0   5.0 450.0                            LAT/LON1/LON2/DLON/H
   37   36   35   35   35   35   34   32   30   27   25   24   23   22   21   20
   20   19   21   25   31   38   46   53   59   65   70   76   81   88   95  103
  109  114  117  117  114  112  110  108  106  105  105  103  100   96   91   86
   80   75   71   65   61   57   54   50   46   44   42   41   40   39   38   38
   38   40   42   43   43   43   42   40   37
    52.5-180.0 180.0   5.0 450.0                            LAT/LON1/LON2/DLON/H
   43   42   41   41   42   43   42   39   36   33   30   28   26   24   23   22
   20   20   23   28   34   41   48   55   61   67   72   78   86   94  102  110
  117  121  124  124  122  120  117  115  113  112  111  109  106  101   95   90
   85   80   75   71   67   63   59   55   52   50   48   48   48   47   47   46
   46   47   48   48   49   49   48   45   43
    50.0-180.0 180.0   5.0 450.0                            LAT/LON1/LON2/DLON/H
   50   49   48   49   51   51   50   48   45   41   37   34   32   30   28   26
   25   25   27   33   40   47   53   59   65   70   77   84   92  102  111  118
  124  128  130  130  128  127  125  123  121  119  118  116  113  108  102   96
   92   87   83   79   75   71   67   62   59   57   57   57   57   57   56   55
   54   55   56   56   56   56   55   53   50
    47.5-180.0 180.0   5.0 450.0                            LAT/LON1/LON2/DLON/H
   57   56   56   57   58   59   58   56   53   50   46   42   40   36   34   33
   31   31   34   41   48   54   60   65   70   76   83   91  101  110  118  125
  129  132  134  133  133  132  131  130  129  128  126  124  120  115  109  105
  100   96   91   88   84   80   75   70   68   66   66   67   67   67   65   64
   62   63   63   63   63   63   62   60   57
    45.0-180.0 180.0   5.0 450.0                            LAT/LON1/LON2/DLON/H
   64   63   63   64   65   65   64   63   61   58   54   49   46   44   42   40
   39   39   43   49   57   63   69   73   78   83   91   99  109  117  125  129
  132  135  135  135  136  138  139  138  137  136  135  131  128  124  118  114
  109  106  102   98   93   88   83   79   76   74   74   75   75   75   73   71
   69   69   69   69   69   69   68   67   64
    42.5-180.0 180.0   5.0 450.0                            LAT/LON1/LON2/DLON/H
   70   69   68   69   70   70   69   67   66   63   60   56   53   51   49   47
   47   47   51   58   66   72   78   82   87   93   99  107  115  122  128  132
  134  136  137  138  140  144  146  146  146  144  142  139  136  131  127  122
  118  115  111  106  100   94   89   84   82   80   80   80   80   80   78   76
   74   73   73   74   74   74   73   71   70
    40.0-180.0 180.0   5.0 450.0                            LAT/LON1/LON2/DLON/H
   72   71   71   71   72   72   71   70   69   68   65   62   60   58   56   54
   54   55   59   66   74   81   86   91   96  102  108  115  121  126  131  134
  136  138  139  142  147  151  154  155  154  153  150  146  143  138  135  131
  127  123  118  113  106   99   92   87   85   82   82   81   81   81   79   77
   75   75   76   76   77   76   75   73   72
    37.5-180.0 180.0   5.0 450.0                            LAT/LON1/LON2/DLON/H
   70   70   70   70   70   70   70   70   71   71   70   68   66   65   63   61
   60   60   65   72   80   87   93   99  106  112  117  123  126  129  132  136
  140  143  146  151  157  162  165  165  164  162  158  153  149  145  141  138
  135  131  126  119  110  101   94   88   84   82   82   80   80   79   77   74
   74   74   75   76   76   75   72   70   70
    35.0-180.0 180.0   5.0 450.0                            LAT/LON1/LON2/DLON/H
   65   66   67   67   66   66   67   68   70   72   74   73   73   73   71   67
   65   65   68   76   85   94  100  107  115  122  126  130  132  133  136  141
  149  154  160  166  172  176  178  178  176  173  169  163  157  151  149  146
  143  138  132  124  115  105   96   90   85   82   80   78   77   75   73   71
   71   72   73   74   73   69   67   65   65
    32.5-180.0 180.0   5.0 450.0                            LAT/LON1/LON2/DLON/H
   59   61   62   62   61   60   61   64   68   72   75   77   78   79   77   73
   69   68   72   80   89   99  107  115  124  132  135  137  139  138  143  152
  163  172  180  187  192  196  197  193  192  186  182  176  167  161  158  156
  154  149  142  134  124  113  103   95   88   84   81   78   76   74   71   69
   69   70   71   71   69   65   61   59   59
    30.0-180.0 180.0   5.0 450.0                            LAT/LON1/LON2/DLON/H
   54   56   57   57   56   55   56   59   64   68   72   76   79   81   80   77
   73   71   74   82   93  104  114  123  133  140  143  145  145  148  155  169
  185  199  208  215  220  219  217  213  208  206  200  192  181  175  172  170
  168  165  158  151  140  129  116  107   98   92   87   83   81   77   74   70
   69   69   71   71   68   63   58   55   54
    27.5-180.0 180.0   5.0 450.0                            LAT/LON1/LON2/DLON/H
   54   54   54   54   52   51   51   54   59   63   68   73   78   80   80   78
   74   72   76   84   96  109  120  131  141  147  151  153  155  162  174  194
  215  233  243  252  253  247  244  235  228  225  219  210  198  193  190  190
  190  188  183  176  165  152  137  125  113  105   99   94   90   86   81   76
   74   73   75   75   72   66   60   56   54
    25.0-180.0 180.0   5.0 450.0                            LAT/LON1/LON2/DLON/H
   58   57   56   53   50   48   48   50   53   58   63   69   73   76   77   75
   73   72   77   86   98  112  124  137  147  155  159  164  169  179  198  225
  252  274  285  296  291  285  273  260  248  243  238  230  220  216  215  216
  219  219  214  209  200  183  166  149  134  124  117  111  107  101   94   87
   83   82   83   83   81   75   68   63   58
    22.5-180.0 180.0   5.0 450.0                            LAT/LON1/LON2/DLON/H
   69   65   61   57   53   49   47   47   49   53   58   63   68   71   72   71
   70   72   78   89  102  115  129  141  153  163  169  177  188  204  229  259
  294  320  336  341  329  319  305  290  269  259  258  254  248  244  245  251
  255  256  252  250  239  221  203  182  163  151  142  135  129  123  113  105
   97   95   95   96   93   89   83   75   69
    20.0-180.0 180.0   5.0 450.0                            LAT/LON1/LON2/DLON/H
   82   75   70   64   59   53   48   46   47   49   53   57   62   65   66   65
   65   70   79   92  106  120  133  146  158  170  180  193  210  233  264  298
  333  354  369  364  350  336  325  313  289  278  281  284  282  279  284  292
  295  297  297  291  284  264  244  221  199  184  173  165  157  146  135  128
  118  113  111  111  108  107  100   90   82
    17.5-180.0 180.0   5.0 450.0                            LAT/LON1/LON2/DLON/H
   99   89   81   74   67   59   51   47   45   46   49   52   55   58   59   59
   61   68   79   94  110  124  137  150  163  176  191  209  234  263  300  335
  365  380  377  361  346  333  321  317  305  300  309  316  317  317  326  334
  335  335  333  327  321  302  281  258  235  218  204  194  184  174  161  152
  140  132  128  128  125  124  117  106   99
    15.0-180.0 180.0   5.0 450.0                            LAT/LON1/LON2/DLON/H
  115  104   94   84   75   66   56   49   45   44   46   49   51   52   52   53
   58   66   79   95  112  127  140  154  168  183  202  227  258  291  329  358
  374  373  364  348  334  324  314  316  317  323  339  346  349  350  359  365
  366  361  360  357  347  329  308  284  261  242  226  214  204  195  182  168
  155  147  142  140  138  136  130  122  115
    12.5-180.0 180.0   5.0 450.0                            LAT/LON1/LON2/DLON/H
  128  117  108   97   85   74   62   53   47   45   45   47   48   49   49   50
   55   65   80   96  114  129  142  156  172  190  212  242  279  312  342  358
  361  354  346  334  326  320  317  323  335  348  365  372  371  373  380  383
  381  376  373  369  359  343  321  297  273  252  236  222  213  205  194  178
  162  153  148  147  145  143  139  134  128
    10.0-180.0 180.0   5.0 450.0                            LAT/LON1/LON2/DLON/H
  136  126  118  108   95   83   70   59   52   48   47   47   48   48   48   49
   54   65   83  100  115  129  144  159  176  197  222  256  290  321  340  345
  343  337  331  324  322  323  327  339  356  374  387  388  385  383  386  387
  380  376  373  368  360  344  322  298  273  252  236  223  214  206  195  181
  165  155  151  149  146  145  143  141  136
     7.5-180.0 180.0   5.0 450.0                            LAT/LON1/LON2/DLON/H
  138  131  123  114  103   90   77   66   57   53   51   50   49   49   49   50
   56   68   85  102  117  131  146  164  184  208  234  266  297  322  334  335
  333  327  323  321  326  335  346  359  377  394  402  399  391  384  381  378
  371  368  363  358  351  336  315  293  269  248  232  219  211  203  192  180
  167  158  153  150  146  144  143  141  138
     5.0-180.0 180.0   5.0 450.0                            LAT/LON1/LON2/DLON/H
  136  129  124  117  107   96   84   72   64   59   55   54   52   52   52   53
   59   72   89  105  118  132  149  169  193  219  247  276  301  318  326  328
  329  326  327  331  341  355  370  385  398  408  410  403  389  376  368  363
  359  356  350  344  336  323  305  285  265  244  226  214  207  201  190  177
  167  160  154  150  147  142  140  138  136
     2.5-180.0 180.0   5.0 450.0                            LAT/LON1/LON2/DLON/H
  130  126  122  117  110   99   87   77   69   64   60   57   55   54   53   55
   62   75   93  108  121  135  153  176  201  229  256  282  302  313  320  325
  330  335  343  353  367  383  398  410  417  418  414  402  381  363  353  346
  343  340  335  329  322  310  295  277  259  239  220  209  203  198  188  176
  166  159  154  150  145  139  135  132  130
