data/IONEX/CVBB2810.21i
     1.0            IONOSPHERE MAPS     MIX                 IONEX VERSION / TYPE
cmpcmb v1.2          GRL/UWM            27-oct-21 23:40     PGM / RUN BY / DATE 
ionex file containing IGS COMBINED Ionosphere maps          COMMENT             
global ionosphere maps for day 281, 2021                    DESCRIPTION         
IONEX file containing the COMBINED IGS TEC MAPS and DCBs    DESCRIPTION         
      IONEX files of the following IAACs were combined: cod DESCRIPTION         
                                                        esa DESCRIPTION         
                                                        jpl DESCRIPTION         
                                                        upc DESCRIPTION         
Contact address: Andrzej Krankowski                         DESCRIPTION
                 Geodynamics Research Laboratory            DESCRIPTION
                 University of Warmia and Mazury (GRL/UWM)  DESCRIPTION
                 Oczapowski St. 1                           DESCRIPTION
                 10-957-Olsztyn, POLAND                     DESCRIPTION
                 e-mail:  kand@uwm.edu.pl                   DESCRIPTION
                                                            DESCRIPTION         
  2021    10     8     0     0     0                        EPOCH OF FIRST MAP  
  2021    10     9     0     0     0                        EPOCH OF LAST MAP   
  7200                                                      INTERVAL            
    13                                                      # OF MAPS IN FILE   
  COSZ                                                      MAPPING FUNCTION    
     0.0                                                    ELEVATION CUTOFF    
combined TEC calculated as weighted mean of input TEC valuesOBSERVABLES USED    
   354                                                      # OF STATIONS       
    32                                                      # OF SATELLITES     
  6371.0                                                    BASE RADIUS         
     2                                                      MAP DIMENSION       
   450.0 450.0   0.0                                        HGT1 / HGT2 / DHGT  
    87.5 -87.5  -2.5                                        LAT1 / LAT2 / DLAT  
  -180.0 180.0   5.0                                        LON1 / LON2 / DLON  
    -1                                                      EXPONENT            
TEC values in 0.1 tec units;  9999, if no value available   COMMENT             
DCB values in nanoseconds, reference is Sum_of_SatDCBs = 0  COMMENT             
                                                            END OF HEADER       
[from data line 4719]
    12                                                      START OF TEC MAP    
  2021    10     8    22     0     0                        EPOCH OF CURRENT MAP
    87.5-180.0 180.0   5.0 450.0                            LAT/LON1/LON2/DLON/H
   88   89   89   90   90   92   92   92   92   93   93   92   93   92   92   91
   91   90   89   89   88   87   86   84   83   82   80   79   78   77   77   75
   75   74   73   73   73   72   72   72   72   71   71   72   72   72   72   72
   72   73   73   73   74   74   75   76   76   76   77   78   78   79   80   81
   82   82   83   84   84   85   86   87   88
    85.0-180.0 180.0   5.0 450.0                            LAT/LON1/LON2/DLON/H
   93   95   98  100  103  104  106  107  109  109  109  110  108  108  106  104
  102   99   96   94   92   89   86   83   80   76   73   71   67   64   62   61
   60   59   58   59   58   57   58   58   58   59   59   60   62   63   63   64
   65   65   66   65   66   67   67   68   69   70   71   71   73   74   75   77
   78   79   81   83   85   86   89   91   93
    82.5-180.0 180.0   5.0 450.0                            LAT/LON1/LON2/DLON/H
   93   96  100  102  105  107  110  112  113  115  117  118  118  118  117  114
  111  108  104  100   95   88   86   80   74   70   66   64   61   59   57   55
   54   52   51   50   49   49   49   50   50   51   51   51   53   53   55   57
   57   59   59   59   59   60   60   61   61   62   63   63   65   67   68   71
   73   75   76   79   82   84   87   90   93
    80.0-180.0 180.0   5.0 450.0                            LAT/LON1/LON2/DLON/H
   89   92   94   98  100  104  109  113  117  122  125  128  129  129  127  125
  121  117  113  108  102   95   86   77   70   64   60   56   52   49   46   45
   44   43   43   43   43   43   44   44   45   46   47   47   48   49   49   50
   51   51   53   53   53   53   53   53   53   54   54   55   56   58   60   63
   66   68   71   74   77   79   83   86   89
    77.5-180.0 180.0   5.0 450.0                            LAT/LON1/LON2/DLON/H
   84   87   89   93   98  103  108  115  121  126  131  134  137  135  133  132
  129  125  117  109  102   94   84   75   66   59   54   49   45   42   39   38
   38   37   38   39   40   41   42   42   43   44   45   45   45   45   46   46
   46   46   46   46   47   46   46   46   46   46   46   47   49   51   54   56
   59   63   66   69   73   76   79   82   84
    75.0-180.0 180.0   5.0 450.0                            LAT/LON1/LON2/DLON/H
   81   84   87   90   94  100  106  113  119  127  133  136  137  138  139  136
  132  125  120  111  103   94   82   73   63   56   49   44   40   37   35   34
   33   34   35   36   37   38   39   40   41   42   42   42   42   42   42   41
   41   40   40   40   39   39   39   38   38   38   39   40   42   44   46   50
   53   57   61   66   69   73   76   79   81
    72.5-180.0 180.0   5.0 450.0                            LAT/LON1/LON2/DLON/H
   82   84   86   88   92   97  102  109  115  122  128  134  138  138  141  139
  134  128  120  110  101   90   80   71   62   52   46   41   36   33   31   31
   31   32   33   35   36   37   38   39   39   39   39   39   38   37   37   36
   35   34   33   33   32   32   31   30   30   31   32   33   35   38   41   45
   49   54   59   64   69   73   76   79   82
    70.0-180.0 180.0   5.0 450.0                            LAT/LON1/LON2/DLON/H
   85   88   89   90   92   95  100  105  111  117  123  130  135  140  141  138
  134  127  117  108   97   86   77   68   60   50   43   39   35   32   31   30
   30   30   31   33   34   35   35   36   37   36   35   34   33   31   30   29
   29   28   27   26   25   25   25   24   25   25   26   28   31   34   38   42
   47   53   58   64   70   75   79   83   85
    67.5-180.0 180.0   5.0 450.0                            LAT/LON1/LON2/DLON/H
   92   94   95   96   96   97  100  103  107  111  119  127  134  139  140  138
  133  125  116  108   95   84   76   68   58   50   42   38   34   33   31   30
   29   29   30   31   31   31   32   32   32   32   31   30   29   28   26   26
   24   23   22   21   21   20   21   21   22   23   24   26   29   32   36   41
   47   53   60   66   73   79   84   88   92
    65.0-180.0 180.0   5.0 450.0                            LAT/LON1/LON2/DLON/H
   98  101  102  104  104  105  104  105  107  110  117  125  133  137  139  137
  132  125  118  110   98   89   80   71   62   54   46   40   36   33   32   30
   29   28   28   28   28   28   29   29   29   29   29   28   27   26   25   24
   23   22   21   20   20   20   21   21   22   23   25   27   30   33   38   43
   49   56   63   70   77   83   88   93   98
    62.5-180.0 180.0   5.0 450.0                            LAT/LON1/LON2/DLON/H
  103  108  111  113  114  114  113  112  112  113  119  125  130  134  137  136
  133  127  122  114  106   98   90   81   72   64   55   49   42   39   35   32
   31   29   28   27   27   26   26   27   27   27   28   28   29   28   27   26
   25   25   24   22   22   22   23   24   25   26   28   30   33   36   41   46
   52   59   66   73   81   87   92   99  103
    60.0-180.0 180.0   5.0 450.0                            LAT/LON1/LON2/DLON/H
  108  114  118  122  124  125  124  121  118  118  121  125  130  133  135  135
  134  129  125  119  114  108  101   94   85   76   68   61   53   46   41   38
   35   32   30   28   26   25   25   27   28   30   31   32   33   33   32   31
   30   29   28   26   26   26   27   29   30   31   33   35   38   40   44   49
   56   62   70   76   84   89   95  102  108
    57.5-180.0 180.0   5.0 450.0                            LAT/LON1/LON2/DLON/H
  112  119  126  131  135  136  135  131  127  125  125  127  130  134  136  136
  136  132  129  124  120  115  110  105   98   89   80   72   64   56   50   45
   41   37   32   30   29   28   29   31   33   36   38   40   40   39   38   37
   36   34   33   33   32   32   33   35   36   37   38   40   42   45   49   53
   59   65   72   80   85   91   96  104  112
    55.0-180.0 180.0   5.0 450.0                            LAT/LON1/LON2/DLON/H
  114  124  133  139  145  147  146  142  136  132  130  130  132  134  137  137
  137  135  132  129  125  122  118  113  106   99   90   82   74   66   58   52
   47   42   37   34   34   34   36   39   42   45   47   49   49   47   46   44
   42   41   41   40   39   40   41   42   43   43   44   45   47   49   53   59
   64   70   76   81   87   91   98  105  114
    52.5-180.0 180.0   5.0 450.0                            LAT/LON1/LON2/DLON/H
  117  127  137  147  155  158  158  154  147  141  136  133  133  135  137  138
  138  137  135  132  130  127  124  119  113  106   98   90   82   75   67   60
   52   47   44   41   41   43   45   48   51   55   56   57   57   56   54   52
   50   49   48   48   48   49   50   50   50   49   49   50   51   54   58   64
   69   74   79   84   88   93   99  107  117
    50.0-180.0 180.0   5.0 450.0                            LAT/LON1/LON2/DLON/H
  120  131  143  153  163  168  169  166  160  151  144  138  136  136  138  140
  140  139  137  135  132  130  127  123  118  112  104   97   90   83   75   67
   59   54   51   49   49   51   54   57   60   63   64   65   65   63   61   59
   57   56   57   57   58   59   59   59   57   56   56   56   57   59   63   68
   72   77   81   86   90   95  102  109  120
    47.5-180.0 180.0   5.0 450.0                            LAT/LON1/LON2/DLON/H
  125  136  147  160  170  178  181  178  173  164  154  145  141  140  141  142
  143  142  140  138  135  132  130  126  122  117  109  103   96   88   80   71
   64   59   56   56   56   58   61   63   66   69   70   72   71   70   66   65
   63   64   65   66   67   68   69   68   66   64   62   61   62   64   67   71
   76   80   85   90   94   99  106  115  125
    45.0-180.0 180.0   5.0 450.0                            LAT/LON1/LON2/DLON/H
  131  142  152  163  175  184  189  190  186  177  166  155  149  147  147  147
  147  145  143  141  138  136  133  130  126  120  113  104   97   87   80   72
   64   59   58   59   61   62   65   68   70   73   74   76   76   74   72   71
   71   72   73   75   75   75   75   74   72   68   66   66   67   70   72   76
   81   85   90   96  100  105  113  121  131
    42.5-180.0 180.0   5.0 450.0                            LAT/LON1/LON2/DLON/H
  137  146  155  166  177  188  194  198  197  189  178  167  158  155  155  154
  152  150  146  144  142  141  139  136  131  123  113  101   92   82   74   67
   61   58   58   60   63   65   68   70   72   74   76   78   79   79   78   78
   78   80   81   81   81   80   79   77   74   71   68   69   71   74   78   82
   86   92   97  103  108  113  120  128  137
    40.0-180.0 180.0   5.0 450.0                            LAT/LON1/LON2/DLON/H
  141  148  156  165  176  187  196  202  203  197  188  178  170  165  164  163
  160  156  152  150  149  148  145  141  135  124  110   96   84   74   67   61
   57   57   58   61   64   67   69   71   73   75   78   81   83   83   84   84
   84   85   85   85   84   83   81   78   75   71   69   71   75   80   85   89
   94  100  106  111  116  121  127  134  141
    37.5-180.0 180.0   5.0 450.0                            LAT/LON1/LON2/DLON/H
  144  148  154  161  170  182  193  202  206  205  197  188  182  177  175  172
  168  163  159  158  158  157  154  148  140  127  110   93   78   67   61   58
   57   57   60   63   67   69   71   72   76   78   81   85   88   89   89   87
   87   87   86   85   83   82   81   79   74   71   71   74   80   87   93   98
  102  108  115  120  126  130  134  139  144
    35.0-180.0 180.0   5.0 450.0                            LAT/LON1/LON2/DLON/H
  146  149  153  158  163  174  187  199  207  210  205  197  192  189  187  183
  177  172  168  167  168  167  163  156  147  131  112   92   76   64   59   59
   59   62   65   68   72   74   75   77   80   83   86   89   92   94   91   88
   87   85   84   82   80   80   79   77   72   70   70   76   84   93  100  105
  110  117  125  131  135  138  142  144  146
    32.5-180.0 180.0   5.0 450.0                            LAT/LON1/LON2/DLON/H
  152  152  155  158  161  168  180  194  205  210  210  205  201  200  198  194
  188  183  179  178  179  179  173  164  153  138  116   93   77   67   64   67
   70   73   75   78   80   81   81   82   86   89   91   94   96   96   92   88
   85   82   79   77   75   75   75   73   69   68   69   75   86   97  105  111
  118  125  134  141  144  147  151  153  152
    30.0-180.0 180.0   5.0 450.0                            LAT/LON1/LON2/DLON/H
  164  163  164  163  164  167  176  189  201  209  212  210  208  209  208  204
  199  195  191  189  189  190  182  171  160  145  121   99   84   77   78   84
   88   91   92   93   92   91   88   87   90   93   94   97   98   97   92   87
   82   78   75   73   70   70   69   68   66   64   67   73   86  100  109  116
  123  131  141  148  153  157  159  163  164
    27.5-180.0 180.0   5.0 450.0                            LAT/LON1/LON2/DLON/H
  180  184  183  178  174  174  178  188  200  209  214  214  215  216  217  216
  211  207  204  201  199  197  188  177  168  153  130  110   98   96  102  111
  115  117  115  114  109  105   96   93   93   95   95   97   98   97   93   87
   80   75   71   68   65   64   63   62   61   61   64   72   87  101  111  119
  127  137  149  156  162  166  170  176  180
    25.0-180.0 180.0   5.0 450.0                            LAT/LON1/LON2/DLON/H
  201  208  208  203  196  191  193  198  208  215  221  222  224  228  228  228
  223  219  216  212  207  201  191  185  177  165  146  129  121  127  142  147
  155  145  145  142  128  120  107   99   95   95   95   96   98   97   93   86
   78   73   67   63   59   57   57   57   56   56   60   70   85  100  112  121
  131  142  155  164  173  178  183  191  201
    22.5-180.0 180.0   5.0 450.0                            LAT/LON1/LON2/DLON/H
  224  237  240  239  229  223  219  221  228  233  237  239  241  245  244  244
  239  234  230  224  214  203  195  194  191  183  170  153  154  173  193  194
  196  183  172  169  149  130  115  107   95   93   94   97   99   99   95   86
   78   71   65   60   56   53   53   53   52   53   58   68   82   98  112  122
  133  146  159  172  184  191  199  210  224
    20.0-180.0 180.0   5.0 450.0                            LAT/LON1/LON2/DLON/H
  249  267  276  277  270  264  259  261  261  263  265  266  267  269  268  267
  260  253  246  237  224  210  202  206  210  209  198  181  187  213  227  223
  216  199  189  178  154  134  116  104   92   92   94   99  101  101   97   88
   79   72   67   61   56   52   51   51   51   52   57   68   82  100  113  123
  134  147  163  178  193  205  216  232  249
    17.5-180.0 180.0   5.0 450.0                            LAT/LON1/LON2/DLON/H
  276  296  309  315  311  308  305  307  306  305  304  305  304  304  299  296
  287  277  265  253  236  220  214  223  232  235  228  209  209  226  229  215
  200  186  178  159  135  117   99   91   87   92   95  103  105  104  100   92
   83   77   71   65   59   54   53   52   52   52   57   69   85  102  115  125
  135  149  165  182  200  217  234  253  276
    15.0-180.0 180.0   5.0 450.0                            LAT/LON1/LON2/DLON/H
  295  316  333  343  349  348  348  352  352  351  354  351  349  347  338  332
  320  307  289  274  254  235  230  239  249  253  247  234  229  223  207  181
  164  151  147  130  109   95   84   82   86   96   99  108  107  107  104   96
   88   83   78   71   64   59   57   55   53   54   59   73   91  107  120  130
  139  152  168  187  209  230  251  272  295
    12.5-180.0 180.0   5.0 450.0                            LAT/LON1/LON2/DLON/H
  307  327  346  360  374  379  385  390  393  394  398  397  396  396  387  374
  360  345  322  302  278  254  249  256  264  263  255  243  228  208  184  149
  123  119  115  108   98   89   84   88   93  103  104  111  109  109  107  102
   95   89   83   76   68   64   61   58   56   55   61   76   95  112  125  135
  145  158  174  194  218  242  265  286  307
    10.0-180.0 180.0   5.0 450.0                            LAT/LON1/LON2/DLON/H
  319  337  354  368  384  396  405  414  422  427  433  440  444  444  438  421
  406  391  365  338  303  277  268  275  278  270  257  238  214  185  156  127
  104   98  101  102  101   98   98  105  112  117  115  112  108  109  109  103
   97   91   84   77   71   66   63   61   58   57   62   77   97  116  130  140
  150  164  181  202  226  251  276  298  319
     7.5-180.0 180.0   5.0 450.0                            LAT/LON1/LON2/DLON/H
  328  346  359  370  382  398  412  426  436  444  455  468  480  485  482  467
  452  436  407  372  334  307  294  295  291  277  258  234  204  170  139  117
  100   96  105  112  116  118  126  136  141  138  130  113  108  107  106  100
   94   87   81   75   70   66   65   64   61   60   65   80  100  120  133  144
  156  170  188  209  233  258  283  307  328
     5.0-180.0 180.0   5.0 450.0                            LAT/LON1/LON2/DLON/H
  335  354  366  374  382  395  410  424  435  445  459  478  497  509  512  501
  486  468  436  401  366  338  321  313  302  285  262  234  200  165  142  123
  112  114  126  137  145  153  163  171  172  158  143  118  109  105  101   94
   88   82   77   71   67   66   67   66   64   63   68   82  102  121  135  148
  161  176  193  215  238  261  287  312  335
     2.5-180.0 180.0   5.0 450.0                            LAT/LON1/LON2/DLON/H
  341  361  375  385  389  397  408  418  425  434  448  469  493  511  520  516
  504  484  456  424  390  365  344  329  315  295  269  241  209  182  165  150
  147  152  165  176  184  194  200  205  198  174  153  123  110  103   95   88
   81   77   71   67   64   64   67   67   65   64   68   82  101  120  136  150
  165  180  197  217  240  262  288  315  341
