data/IONEX/CVBB2790.21i
     1.0            IONOSPHERE MAPS     MIX                 IONEX VERSION / TYPE
cmpcmb v1.2          GRL/UWM            27-oct-21 23:28     PGM / RUN BY / DATE 
ionex file containing IGS COMBINED Ionosphere maps          COMMENT             
global ionosphere maps for day 279, 2021                    DESCRIPTION         
IONEX file containing the COMBINED IGS TEC MAPS and DCBs    DESCRIPTION         
      IONEX files of the following IAACs were combined: cod DESCRIPTION         
                                                        esa DESCRIPTION         
                                                        jpl DESCRIPTION         
                                                        upc DESCRIPTION         
Contact address: Andrzej Krankowski                         DESCRIPTION
                 Geodynamics Research Laboratory            DESCRIPTION
                 University of Warmia and Mazury (GRL/UWM)  DESCRIPTION
                 Oczapowski St. 1                           DESCRIPTION
                 10-957-Olsztyn, POLAND                     DESCRIPTION
                 e-mail:  kand@uwm.edu.pl                   DESCRIPTION
                                                            DESCRIPTION         
  2021    10     6     0     0     0                        EPOCH OF FIRST MAP  
  2021    10     7     0     0     0                        EPOCH OF LAST MAP   
  7200                                                      INTERVAL            
    13                                                      # OF MAPS IN FILE   
  COSZ                                                      MAPPING FUNCTION    
     0.0                                                    ELEVATION CUTOFF    
combined TEC calculated as weighted mean of input TEC valuesOBSERVABLES USED    
   365                                                      # OF STATIONS       
    32                                                      # OF SATELLITES     
  6371.0                                                    BASE RADIUS         
     2                                                      MAP DIMENSION       
   450.0 450.0   0.0                                        HGT1 / HGT2 / DHGT  
    87.5 -87.5  -2.5                                        LAT1 / LAT2 / DLAT  
  -180.0 180.0   5.0                                        LON1 / LON2 / DLON  
    -1                                                      EXPONENT            
TEC values in 0.1 tec units;  9999, if no value available   COMMENT             
DCB values in nanoseconds, reference is Sum_of_SatDCBs = 0  COMMENT             
                                                            END OF HEADER       
[from data line 2145]
     6                                                      START OF TEC MAP    
  2021    10     6    10     0     0                        EPOCH OF CURRENT MAP
    87.5-180.0 180.0   5.0 450.0                            LAT/LON1/LON2/DLON/H
   73   74   74   74   74   75   75   75   75   75   75   75   75   75   75   75
   75   75   75   75   76   76   76   76   77   77   77   77   78   78   78   79
   79   79   79   80   80   79   79   79   79   78   78   77   77   77   75   75
   74   74   73   72   72   72   71   71   71   71   71   70   70   70   71   71
   71   71   71   71   72   72   73   73   73
    85.0-180.0 180.0   5.0 450.0                            LAT/LON1/LON2/DLON/H
   71   72   72   73   73   73   73   72   72   72   72   72   71   71   72   72
   72   72   72   72   72   73   74   75   77   78   79   80   80   81   81   82
   82   83   83   83   83   83   84   83   83   83   82   81   80   79   77   76
   75   74   73   71   70   69   68   67   66   66   65   65   65   65   65   65
   66   66   67   68   69   69   70   71   71
    82.5-180.0 180.0   5.0 450.0                            LAT/LON1/LON2/DLON/H
   69   70   71   71   71   70   69   69   68   67   66   65   65   64   65   64
   65   66   66   68   68   68   70   72   74   75   75   76   78   79   81   83
   84   86   87   88   89   89   89   89   88   87   86   85   84   83   81   79
   77   75   74   72   70   68   66   65   64   62   61   60   60   59   59   60
   60   61   62   63   64   66   67   68   69
    80.0-180.0 180.0   5.0 450.0                            LAT/LON1/LON2/DLON/H
   65   66   66   66   66   65   64   63   61   59   57   55   54   53   52   52
   52   53   54   56   58   63   64   65   68   70   71   74   77   80   83   86
   89   92   94   95   97   97   97   98   97   96   94   93   91   90   89   87
   85   82   79   77   75   72   69   67   64   62   60   59   57   56   55   55
   55   56   57   59   60   61   63   65   65
    77.5-180.0 180.0   5.0 450.0                            LAT/LON1/LON2/DLON/H
   60   61   62   62   62   60   59   57   54   52   49   47   45   43   41   41
   41   43   44   44   47   51   56   58   62   65   70   74   77   80   84   87
   90   93   96   99  102  104  105  106  106  106  105  103  102  101  100   98
   96   94   91   87   85   81   78   74   70   67   64   61   58   56   54   52
   52   52   53   54   55   57   58   59   60
    75.0-180.0 180.0   5.0 450.0                            LAT/LON1/LON2/DLON/H
   56   57   58   58   58   56   55   52   49   46   43   40   36   34   33   32
   32   33   35   38   42   46   51   54   59   63   68   71   75   79   83   87
   91   94   98  102  105  108  110  112  114  115  114  115  114  113  112  111
  110  109  106  103   99   96   91   85   81   76   71   66   62   58   55   53
   51   51   50   51   52   53   54   55   56
    72.5-180.0 180.0   5.0 450.0                            LAT/LON1/LON2/DLON/H
   51   52   53   54   54   52   51   49   46   42   38   34   30   25   25   25
   25   28   31   35   40   44   49   53   57   62   67   71   75   78   82   86
   90   94   98  102  106  110  113  116  119  121  122  123  123  123  123  124
  124  124  123  121  118  113  107  101   93   87   80   74   69   64   59   56
   53   52   51   50   50   50   51   51   51
    70.0-180.0 180.0   5.0 450.0                            LAT/LON1/LON2/DLON/H
   47   47   48   50   50   50   49   48   44   40   36   31   27   24   24   24
   25   27   31   36   40   45   49   52   57   61   65   69   73   76   80   83
   88   92   96  101  105  109  114  118  121  124  126  128  129  130  131  133
  134  135  136  134  132  127  121  115  105   98   90   83   76   71   65   62
   58   55   53   52   51   49   48   47   47
    67.5-180.0 180.0   5.0 450.0                            LAT/LON1/LON2/DLON/H
   43   42   43   45   46   48   48   47   45   41   37   32   29   27   25   26
   29   31   35   39   43   47   50   52   56   60   63   67   71   74   77   80
   85   89   94   98  103  108  113  118  122  125  128  131  133  134  136  138
  140  142  143  143  140  136  130  123  114  105   97   89   82   77   71   67
   63   60   58   55   53   50   48   45   43
    65.0-180.0 180.0   5.0 450.0                            LAT/LON1/LON2/DLON/H
   41   39   39   41   42   45   46   47   45   43   40   36   33   30   30   31
   33   36   39   43   45   48   50   52   54   58   60   64   68   71   74   78
   84   88   93   98  102  108  112  117  122  126  129  132  134  136  138  140
  143  144  145  144  142  138  132  125  117  108  101   93   86   80   75   71
   68   66   62   59   56   52   48   45   41
    62.5-180.0 180.0   5.0 450.0                            LAT/LON1/LON2/DLON/H
   42   38   37   37   39   42   44   46   46   45   43   39   37   35   34   35
   37   40   43   45   47   48   49   50   51   54   57   61   65   68   74   79
   84   89   94   99  104  109  114  118  123  127  130  133  135  137  140  141
  143  144  144  142  140  136  130  123  116  108  101   94   88   82   78   75
   72   69   67   63   60   56   51   46   42
    60.0-180.0 180.0   5.0 450.0                            LAT/LON1/LON2/DLON/H
   44   40   38   36   38   41   43   44   46   46   44   42   40   38   37   38
   40   42   44   45   46   46   46   45   47   49   53   58   64   69   75   81
   87   93   98  104  108  113  117  122  126  129  132  135  137  139  141  142
  143  143  142  140  137  132  127  120  113  107  101   94   89   84   80   77
   74   72   70   67   63   59   54   49   44
    57.5-180.0 180.0   5.0 450.0                            LAT/LON1/LON2/DLON/H
   48   43   40   38   38   39   41   43   45   45   44   43   42   40   40   40
   41   42   44   43   43   42   41   41   42   45   50   57   65   72   80   87
   94  100  106  111  115  120  124  128  131  134  137  139  141  143  144  144
  145  144  143  140  136  131  125  118  113  107  101   95   90   86   82   79
   77   75   72   69   67   63   58   53   48
    55.0-180.0 180.0   5.0 450.0                            LAT/LON1/LON2/DLON/H
   53   48   44   42   40   39   40   41   43   43   43   42   41   40   39   39
   40   40   40   39   38   37   36   37   39   44   50   59   68   77   86   95
  102  110  116  121  125  129  133  136  139  142  144  146  147  148  149  149
  149  148  145  142  137  133  127  122  117  111  105   99   94   89   85   81
   78   76   74   72   69   67   63   58   53
    52.5-180.0 180.0   5.0 450.0                            LAT/LON1/LON2/DLON/H
   59   54   51   47   44   41   41   41   43   43   43   42   40   39   38   37
   37   37   36   35   34   33   33   35   38   45   53   63   74   84   95  105
  114  121  128  133  136  141  144  148  150  152  154  155  156  156  156  156
  155  154  152  148  144  140  134  130  125  119  113  106  100   95   89   85
   81   78   76   74   72   70   67   63   59
    50.0-180.0 180.0   5.0 450.0                            LAT/LON1/LON2/DLON/H
   65   61   58   54   50   47   45   45   46   46   46   45   43   40   38   37
   36   35   35   34   33   32   33   36   41   49   59   69   81   92  103  114
  124  132  139  145  149  153  157  160  162  164  165  166  166  165  163  163
  162  161  159  156  153  148  144  140  135  129  123  116  108  102   96   90
   85   81   78   76   75   74   72   69   65
    47.5-180.0 180.0   5.0 450.0                            LAT/LON1/LON2/DLON/H
   71   68   65   62   57   53   50   49   50   51   52   51   48   44   41   38
   37   37   36   36   36   35   36   40   47   56   66   78   89  100  112  123
  133  142  149  155  160  165  168  171  174  176  177  176  175  173  171  169
  169  167  166  163  160  155  152  149  145  139  133  125  118  110  102   95
   89   85   83   81   79   78   76   74   71
    45.0-180.0 180.0   5.0 450.0                            LAT/LON1/LON2/DLON/H
   77   75   72   70   65   61   57   56   56   58   59   58   55   51   46   44
   42   42   42   42   42   42   43   47   54   64   75   86   97  108  119  130
  140  148  157  164  170  175  179  183  186  188  189  188  185  181  177  176
  174  173  171  168  164  160  157  155  152  148  141  132  124  116  108  100
   95   90   88   86   84   82   80   78   77
    42.5-180.0 180.0   5.0 450.0                            LAT/LON1/LON2/DLON/H
   79   78   78   76   73   68   64   62   62   64   66   65   63   59   54   51
   49   50   51   51   50   49   50   54   61   72   83   93  104  114  124  135
  144  153  162  170  178  184  188  193  197  201  202  200  196  189  185  181
  179  177  174  170  165  161  158  157  156  153  146  136  128  119  111  104
   99   95   92   90   87   84   82   81   79
    40.0-180.0 180.0   5.0 450.0                            LAT/LON1/LON2/DLON/H
   79   80   81   81   79   75   70   67   68   71   72   72   70   66   61   57
   57   58   59   60   58   57   57   60   67   79   90  100  110  119  128  137
  147  156  166  175  184  191  197  204  210  215  217  216  210  203  195  190
  187  183  178  172  165  160  158  157  157  154  147  138  128  119  112  106
  100   97   95   92   88   85   82   80   79
    37.5-180.0 180.0   5.0 450.0                            LAT/LON1/LON2/DLON/H
   76   78   80   82   82   78   74   72   73   77   79   80   78   73   68   64
   63   64   67   67   65   63   62   64   72   83   95  105  115  124  133  141
  150  159  169  178  188  197  207  216  225  232  235  235  230  222  212  205
  198  193  186  178  170  164  161  160  159  154  147  138  129  120  113  107
  101   98   95   92   87   82   79   76   76
    35.0-180.0 180.0   5.0 450.0                            LAT/LON1/LON2/DLON/H
   72   74   77   80   81   78   75   74   76   81   85   87   86   81   75   71
   70   70   71   72   71   67   65   67   74   86   99  110  120  129  138  145
  153  161  171  181  193  204  216  229  242  252  258  260  255  247  237  226
  219  212  202  192  185  178  174  171  168  161  152  142  132  123  115  109
  104   99   96   91   85   78   74   71   72
    32.5-180.0 180.0   5.0 450.0                            LAT/LON1/LON2/DLON/H
   67   69   73   76   78   77   74   73   76   80   87   91   91   87   81   76
   74   75   75   75   72   69   66   68   76   88  101  114  125  133  142  150
  157  166  176  187  199  213  229  246  262  276  286  290  287  279  269  260
  252  243  231  223  216  207  201  195  189  180  167  154  143  132  122  114
  108  102   96   91   83   75   69   67   67
    30.0-180.0 180.0   5.0 450.0                            LAT/LON1/LON2/DLON/H
   64   66   69   72   74   73   72   72   73   78   85   90   92   89   84   80
   78   77   77   75   72   68   65   67   76   88  103  117  128  137  146  154
  163  173  184  196  209  225  242  264  284  304  315  323  320  314  308  302
  296  287  278  269  264  253  245  235  223  210  193  176  161  148  135  124
  115  107   99   91   82   74   68   64   64
    27.5-180.0 180.0   5.0 450.0                            LAT/LON1/LON2/DLON/H
   65   65   67   68   70   71   70   70   70   75   81   87   89   88   85   81
   79   78   77   74   71   67   64   67   76   90  105  119  131  140  150  160
  171  183  196  208  222  239  257  281  305  326  341  349  350  349  347  349
  351  344  337  332  327  314  303  287  269  251  228  205  188  171  155  141
  128  117  106   96   87   78   72   68   65
    25.0-180.0 180.0   5.0 450.0                            LAT/LON1/LON2/DLON/H
   71   68   66   67   68   69   69   68   68   71   76   82   85   85   84   81
   78   77   75   72   69   66   64   67   77   91  106  119  131  142  154  166
  180  197  211  224  237  253  273  296  321  344  359  368  372  378  383  395
  405  401  397  395  392  380  366  346  325  298  269  243  224  202  181  163
  147  132  118  106   98   90   83   77   71
    22.5-180.0 180.0   5.0 450.0                            LAT/LON1/LON2/DLON/H
   82   75   70   68   67   69   70   70   68   69   72   77   80   82   81   79
   77   75   73   71   67   65   64   69   80   94  108  120  130  143  157  172
  191  212  229  241  255  271  290  313  336  356  370  381  390  401  413  428
  443  450  449  447  445  433  419  400  375  341  309  282  262  237  213  191
  169  150  136  122  114  108  100   91   82
    20.0-180.0 180.0   5.0 450.0                            LAT/LON1/LON2/DLON/H
   97   86   77   71   70   71   73   73   70   69   70   73   76   78   77   77
   75   72   71   69   67   65   66   71   83   98  110  120  130  145  160  178
  201  227  247  261  274  288  306  325  343  362  378  392  402  415  430  446
  464  474  473  473  474  463  450  435  406  373  342  316  294  270  244  222
  195  174  156  142  135  129  121  110   97
    17.5-180.0 180.0   5.0 450.0                            LAT/LON1/LON2/DLON/H
  116  101   87   79   75   76   78   78   74   71   70   71   73   74   75   74
   72   70   69   68   67   66   68   74   86  100  112  121  131  146  163  186
  211  241  264  279  291  301  314  330  345  367  384  395  404  417  432  449
  463  471  470  470  474  466  457  444  419  391  364  338  316  293  270  247
  220  197  177  163  157  151  144  132  116
    15.0-180.0 180.0   5.0 450.0                            LAT/LON1/LON2/DLON/H
  135  117  101   90   84   84   85   85   80   75   72   71   71   72   71   70
   69   67   66   66   65   66   69   76   88  101  113  123  133  148  167  193
  222  250  276  292  302  310  319  329  344  366  381  390  398  409  421  434
  445  448  448  448  452  450  446  436  419  398  375  352  330  308  286  263
  237  214  195  182  174  171  163  153  135
    12.5-180.0 180.0   5.0 450.0                            LAT/LON1/LON2/DLON/H
  152  134  119  105   96   94   93   92   87   81   76   72   72   71   69   67
   65   64   64   64   64   64   68   76   89  103  115  125  136  152  173  202
  231  259  283  299  309  317  325  332  343  358  370  378  385  395  404  414
  420  420  419  418  422  425  426  421  411  396  378  358  336  314  292  269
  245  223  206  195  187  184  178  167  152
    10.0-180.0 180.0   5.0 450.0                            LAT/LON1/LON2/DLON/H
  165  149  134  121  110  105  103  101   96   88   81   76   73   72   69   65
   64   63   62   62   63   63   67   75   89  104  118  130  142  160  184  212
  242  268  289  304  315  325  333  338  345  354  361  368  374  383  390  396
  397  394  392  393  396  400  406  406  402  392  376  357  335  312  289  267
  243  223  208  198  191  187  183  175  165
     7.5-180.0 180.0   5.0 450.0                            LAT/LON1/LON2/DLON/H
  170  159  147  135  125  117  114  110  103   95   87   82   78   74   70   67
   64   63   62   62   62   63   66   76   90  108  123  137  152  171  196  224
  252  276  295  309  321  331  341  347  352  355  359  364  371  377  383  385
  384  381  380  381  383  386  393  396  395  388  373  354  331  305  281  258
  235  215  202  192  186  183  180  176  170
     5.0-180.0 180.0   5.0 450.0                            LAT/LON1/LON2/DLON/H
  170  165  156  146  138  129  125  118  111  102   94   87   82   78   73   69
   66   64   63   62   62   63   67   77   92  111  129  145  164  184  209  235
  259  280  298  311  323  336  347  355  361  362  362  367  374  379  383  386
  385  383  381  382  384  385  389  393  392  385  370  349  325  297  269  244
  224  203  189  180  176  174  173  172  170
     2.5-180.0 180.0   5.0 450.0                            LAT/LON1/LON2/DLON/H
  163  163  160  154  147  138  133  125  117  108   99   92   86   82   77   73
   69   66   65   63   63   64   69   79   95  115  136  155  174  195  218  242
  263  281  297  310  323  337  350  361  367  369  369  371  379  385  390  394
  396  396  395  395  396  396  396  397  394  386  369  346  319  288  257  234
  212  190  175  167  163  161  162  162  163
