data/IONEX/CVBB2740.21i
     1.0            IONOSPHERE MAPS     MIX                 IONEX VERSION / TYPE
cmpcmb v1.2          GRL/UWM            19-oct-21 03:55     PGM / RUN BY / DATE 
ionex file containing IGS COMBINED Ionosphere maps          COMMENT             
global ionosphere maps for day 274, 2021                    DESCRIPTION         
IONEX file containing the COMBINED IGS TEC MAPS and DCBs    DESCRIPTION         
      IONEX files of the following IAACs were combined: cod DESCRIPTION         
                                                        esa DESCRIPTION         
                                                        jpl DESCRIPTION         
                                                        upc DESCRIPTION         
Contact address: Andrzej Krankowski                         DESCRIPTION
                 Geodynamics Research Laboratory            DESCRIPTION
                 University of Warmia and Mazury (GRL/UWM)  DESCRIPTION
                 Oczapowski St. 1                           DESCRIPTION
                 10-957-Olsztyn, POLAND                     DESCRIPTION
                 e-mail:  kand@uwm.edu.pl                   DESCRIPTION
                                                            DESCRIPTION         
  2021    10     1     0     0     0                        EPOCH OF FIRST MAP  
  2021    10     2     0     0     0                        EPOCH OF LAST MAP   
  7200                                                      INTERVAL            
    13                                                      # OF MAPS IN FILE   
  COSZ                                                      MAPPING FUNCTION    
     0.0                                                    ELEVATION CUTOFF    
combined TEC calculated as weighted mean of input TEC valuesOBSERVABLES USED    
   358                                                      # OF STATIONS       
    32                                                      # OF SATELLITES     
  6371.0                                                    BASE RADIUS         
     2                                                      MAP DIMENSION       
   450.0 450.0   0.0                                        HGT1 / HGT2 / DHGT  
    87.5 -87.5  -2.5                                        LAT1 / LAT2 / DLAT  
  -180.0 180.0   5.0                                        LON1 / LON2 / DLON  
    -1                                                      EXPONENT            
TEC values in 0.1 tec units;  9999, if no value available   COMMENT             
DCB values in nanoseconds, reference is Sum_of_SatDCBs = 0  COMMENT             
                                                            END OF HEADER       
[from data line 1716]
     5                                                      START OF TEC MAP    
  2021    10     1     8     0     0                        EPOCH OF CURRENT MAP
    87.5-180.0 180.0   5.0 450.0                            LAT/LON1/LON2/DLON/H
   91   91   92   93   93   94   94   95   96   96   96   97   97   97   97   97
   98   97   97   97   98   97   97   97   98   98   98   98   98   98   98   98
   98   98   99  100   99   99   99   99   99   99   98   98   97   97   96   95
   94   94   93   92   92   91   90   90   89   88   88   88   87   87   87   87
   87   87   87   88   89   89   90   90   91
    85.0-180.0 180.0   5.0 450.0                            LAT/LON1/LON2/DLON/H
   82   83   84   85   87   88   89   90   91   92   93   94   95   95   95   96
   96   95   96   97   96   95   93   93   93   93   93   94   94   94   95   94
   95   96   96   97   98   98   99   99   99   99   99   99   99   98   97   96
   95   93   91   90   88   87   85   83   82   81   80   79   78   78   77   78
   77   78   78   78   79   79   79   81   82
    82.5-180.0 180.0   5.0 450.0                            LAT/LON1/LON2/DLON/H
   72   73   75   78   80   82   84   86   88   90   90   91   92   92   91   90
   89   88   88   88   87   88   86   84   84   83   82   82   84   85   85   87
   88   90   91   94   95   97   98   99  100  101  101  101  100  100   99   97
   96   93   92   89   87   85   83   81   79   77   75   73   72   70   70   69
   69   68   68   67   68   68   69   70   72
    80.0-180.0 180.0   5.0 450.0                            LAT/LON1/LON2/DLON/H
   63   64   67   70   73   75   78   80   81   82   84   84   84   85   86   86
   85   84   82   79   76   73   73   71   70   68   68   68   69   71   72   74
   77   80   84   87   91   94   97  100  103  104  105  105  105  105  104  102
  100   98   95   93   91   88   86   84   81   79   76   74   72   69   67   65
   64   62   61   60   59   59   60   61   63
    77.5-180.0 180.0   5.0 450.0                            LAT/LON1/LON2/DLON/H
   55   58   60   63   66   69   71   73   74   75   77   77   76   75   74   73
   72   70   67   65   61   60   58   57   64   59   57   59   61   63   66   68
   71   75   79   84   89   95  100  104  107  110  112  113  113  112  112  111
  109  107  105  102   99   97   94   92   90   87   84   81   78   75   72   68
   65   61   59   56   54   54   53   54   55
    75.0-180.0 180.0   5.0 450.0                            LAT/LON1/LON2/DLON/H
   52   53   56   60   64   66   68   68   69   69   69   68   66   65   63   61
   59   58   54   54   51   50   49   48   47   47   49   51   51   54   56   60
   65   70   75   82   89   95  102  108  113  117  120  122  122  123  122  122
  121  120  119  116  114  111  108  106  103  100   97   94   90   86   81   77
   72   67   63   59   55   53   51   51   52
    72.5-180.0 180.0   5.0 450.0                            LAT/LON1/LON2/DLON/H
   51   52   56   60   63   64   64   64   64   64   61   59   57   54   53   52
   50   47   47   45   44   43   43   44   42   41   41   44   46   50   54   58
   61   66   73   80   88   95  103  110  117  123  126  128  130  132  132  133
  134  134  133  132  130  127  124  122  119  116  113  109  105  100   94   89
   83   77   72   66   60   56   53   52   51
    70.0-180.0 180.0   5.0 450.0                            LAT/LON1/LON2/DLON/H
   53   54   58   61   62   61   61   61   61   59   56   53   51   49   47   45
   42   42   40   40   40   40   40   42   42   41   42   43   47   48   53   57
   62   66   72   79   87   95  104  112  119  125  130  133  135  138  140  142
  144  145  146  146  145  143  140  137  134  130  126  122  118  113  107  102
   96   89   82   75   69   63   59   55   53
    67.5-180.0 180.0   5.0 450.0                            LAT/LON1/LON2/DLON/H
   57   57   59   60   59   60   60   59   58   56   53   50   47   45   43   41
   40   39   39   39   39   39   40   43   45   44   45   47   49   51   54   59
   63   68   74   80   87   96  104  113  120  126  132  136  139  142  146  149
  152  154  156  157  156  155  152  148  144  139  135  131  126  122  116  111
  105   99   93   85   77   71   65   61   57
    65.0-180.0 180.0   5.0 450.0                            LAT/LON1/LON2/DLON/H
   61   59   57   57   58   59   59   58   57   55   52   49   46   44   42   41
   41   40   40   40   41   41   42   45   46   47   48   50   51   53   56   59
   64   69   74   81   88   96  105  114  122  128  133  138  142  145  149  153
  158  161  163  165  164  161  158  153  149  143  138  134  129  125  121  116
  111  106   99   92   85   78   71   66   61
    62.5-180.0 180.0   5.0 450.0                            LAT/LON1/LON2/DLON/H
   63   59   56   55   55   56   57   56   56   54   52   48   46   45   44   43
   43   43   44   43   44   44   45   46   47   48   49   51   51   53   55   59
   64   69   76   82   91   98  107  116  124  131  136  141  144  148  153  157
  162  165  167  169  167  164  160  154  149  142  137  132  128  124  120  117
  114  109  104   98   90   83   75   68   63
    60.0-180.0 180.0   5.0 450.0                            LAT/LON1/LON2/DLON/H
   65   59   56   53   53   53   54   54   53   53   51   49   48   47   46   46
   46   46   46   45   45   45   46   47   47   47   47   48   49   50   54   59
   65   71   78   85   93  103  111  120  128  135  140  144  148  153  158  162
  166  168  170  170  169  165  159  154  147  141  135  130  126  122  120  117
  115  111  107  101   94   87   79   72   65
    57.5-180.0 180.0   5.0 450.0                            LAT/LON1/LON2/DLON/H
   69   62   57   53   51   50   50   50   50   50   50   49   49   48   48   48
   48   48   47   46   45   44   44   45   45   44   44   44   45   48   52   59
   66   73   81   89   98  107  117  126  134  141  146  150  154  158  162  166
  170  171  172  172  170  166  160  155  149  143  136  131  127  124  121  119
  117  115  111  106   99   92   84   76   69
    55.0-180.0 180.0   5.0 450.0                            LAT/LON1/LON2/DLON/H
   76   69   62   57   52   49   48   48   47   48   48   47   47   46   47   47
   48   48   46   44   43   41   41   41   41   40   40   39   41   45   51   59
   68   77   86   94  104  114  124  134  142  148  154  157  160  164  167  171
  174  175  175  176  174  169  164  159  154  149  143  138  134  130  128  126
  123  120  117  112  106   99   92   84   76
    52.5-180.0 180.0   5.0 450.0                            LAT/LON1/LON2/DLON/H
   88   80   73   66   60   54   51   49   47   47   46   46   46   44   45   46
   47   47   45   43   40   38   38   38   38   38   37   37   39   43   52   61
   71   82   93  102  111  122  132  142  150  156  161  165  167  170  174  177
  181  182  181  180  179  175  170  167  163  159  155  150  147  143  140  137
  132  129  125  121  116  110  102   95   88
    50.0-180.0 180.0   5.0 450.0                            LAT/LON1/LON2/DLON/H
  102   96   89   81   73   66   59   55   52   50   48   46   45   44   44   45
   46   46   45   42   39   37   36   37   38   38   38   38   40   46   55   66
   77   89  100  109  118  129  140  149  157  164  169  172  175  178  181  185
  188  189  188  186  185  183  180  177  174  172  169  165  162  159  155  150
  144  140  136  131  127  120  115  108  102
    47.5-180.0 180.0   5.0 450.0                            LAT/LON1/LON2/DLON/H
  116  113  107  100   92   83   74   66   62   58   54   51   49   47   47   47
   47   47   46   43   40   39   39   41   42   44   43   44   46   52   61   72
   85   97  108  117  126  136  146  155  164  171  176  179  183  187  190  193
  195  195  194  192  191  190  189  187  185  184  181  178  175  172  167  161
  156  151  147  142  137  131  126  121  116
    45.0-180.0 180.0   5.0 450.0                            LAT/LON1/LON2/DLON/H
  128  127  125  120  112  101   91   82   75   70   65   61   58   55   53   53
   53   52   51   48   46   46   47   49   51   53   53   53   55   59   68   79
   91  104  114  124  133  141  151  160  168  175  181  186  190  194  198  200
  202  201  200  198  197  197  196  195  193  191  188  186  183  180  175  171
  167  162  157  151  145  139  133  129  128
    42.5-180.0 180.0   5.0 450.0                            LAT/LON1/LON2/DLON/H
  131  134  136  134  128  119  107   97   90   84   78   74   69   65   63   62
   61   60   59   57   56   57   58   60   62   64   64   63   64   68   76   87
   98  110  120  129  138  146  156  164  172  179  185  190  196  200  205  208
  208  208  206  204  203  203  202  200  196  191  187  185  183  182  179  178
  175  170  165  158  150  142  135  131  131
    40.0-180.0 180.0   5.0 450.0                            LAT/LON1/LON2/DLON/H
  126  130  135  137  135  127  118  109  102   97   92   87   83   78   75   73
   71   70   69   68   67   68   69   71   73   74   73   72   72   76   83   92
  104  115  126  134  143  152  160  168  175  182  188  195  201  206  211  214
  215  215  213  211  209  207  205  201  195  188  182  179  178  179  179  181
  179  175  170  162  152  141  131  126  126
    37.5-180.0 180.0   5.0 450.0                            LAT/LON1/LON2/DLON/H
  113  116  122  127  128  124  118  112  109  106  104  100   96   91   87   84
   82   80   79   79   78   78   79   80   81   80   79   78   78   81   88   97
  108  119  129  139  149  158  166  174  180  186  193  199  206  212  217  220
  222  222  220  218  216  213  209  203  195  186  179  177  177  179  182  185
  184  180  176  167  154  139  125  115  113
    35.0-180.0 180.0   5.0 450.0                            LAT/LON1/LON2/DLON/H
   96   95   99  106  110  111  108  107  107  109  109  108  106  102   98   94
   91   89   88   88   86   86   85   84   84   82   81   80   80   83   90  100
  110  122  133  144  154  164  173  180  186  192  198  205  212  218  224  228
  230  231  229  228  227  223  219  212  203  193  187  184  184  187  190  194
  194  192  186  177  161  142  121  105   96
    32.5-180.0 180.0   5.0 450.0                            LAT/LON1/LON2/DLON/H
   87   78   77   80   85   88   90   92   97  102  107  109  110  109  105  102
   98   95   95   94   93   90   88   84   82   79   78   76   78   82   89  100
  112  124  136  149  161  172  181  189  194  199  205  212  219  226  232  238
  241  244  245  244  243  241  239  233  224  216  211  208  207  207  209  213
  214  213  207  195  178  155  129  105   87
    30.0-180.0 180.0   5.0 450.0                            LAT/LON1/LON2/DLON/H
   95   75   64   60   62   67   70   74   82   89   97  103  106  109  108  105
  102  100   98   97   96   92   87   82   76   73   71   69   72   79   88  100
  113  126  140  154  167  180  190  198  203  208  213  220  228  236  244  251
  256  263  266  267  268  270  269  267  262  255  252  250  246  243  242  245
  246  245  240  227  209  183  153  122   95
    27.5-180.0 180.0   5.0 450.0                            LAT/LON1/LON2/DLON/H
  127   96   73   58   53   53   56   60   67   75   84   93   99  104  105  104
  101   99   98   97   94   90   83   77   70   65   63   61   66   74   86  101
  115  129  143  158  172  186  197  207  213  218  225  232  241  250  260  269
  278  287  294  297  300  304  306  310  311  308  309  308  301  292  286  288
  290  290  284  272  251  226  197  163  127
    25.0-180.0 180.0   5.0 450.0                            LAT/LON1/LON2/DLON/H
  187  145  109   82   65   57   54   55   58   65   73   83   90   96   99   98
   97   95   94   93   91   86   79   73   65   60   56   56   61   71   86  103
  118  132  146  161  176  191  203  214  223  230  239  249  259  269  281  291
  304  317  327  334  337  344  350  361  367  371  376  376  366  351  338  338
  342  342  336  326  308  286  258  230  187
    22.5-180.0 180.0   5.0 450.0                            LAT/LON1/LON2/DLON/H
  262  210  172  132  101   82   70   62   60   62   68   76   84   89   92   92
   91   91   91   90   87   81   75   69   64   60   55   55   60   71   87  104
  120  134  148  163  178  194  208  220  233  245  255  268  277  291  305  318
  334  350  362  372  378  387  397  412  425  436  445  446  434  413  395  391
  400  395  389  381  366  349  330  302  262
    20.0-180.0 180.0   5.0 450.0                            LAT/LON1/LON2/DLON/H
  340  291  242  199  158  125  104   84   74   71   71   76   82   86   88   88
   87   88   88   86   83   78   73   69   66   63   59   57   60   71   86  105
  122  136  150  164  179  195  212  227  242  257  271  285  295  312  329  345
  362  380  393  405  412  423  438  456  474  491  503  504  489  465  445  437
  441  433  428  418  406  395  388  377  340
    17.5-180.0 180.0   5.0 450.0                            LAT/LON1/LON2/DLON/H
  392  356  312  273  227  182  145  118   99   89   84   85   88   89   89   87
   87   87   86   83   79   75   72   71   71   69   65   61   62   70   87  105
  122  137  151  165  180  197  216  234  249  267  285  301  318  334  351  368
  385  402  416  431  440  453  468  488  506  524  537  536  519  497  475  464
  458  451  437  425  416  411  412  410  392
    15.0-180.0 180.0   5.0 450.0                            LAT/LON1/LON2/DLON/H
  397  385  357  328  285  236  193  160  133  115  107  103  103  100   96   92
   90   89   86   81   76   74   73   75   77   76   72   67   65   71   87  106
  124  138  152  165  181  200  220  239  259  279  298  316  336  352  367  383
  400  417  432  449  460  471  485  501  521  536  544  541  527  507  486  468
  455  444  428  412  399  395  396  397  397
    12.5-180.0 180.0   5.0 450.0                            LAT/LON1/LON2/DLON/H
  354  361  360  348  318  274  232  198  169  148  136  130  126  119  110  103
   97   93   87   80   75   73   74   78   83   83   79   72   68   73   88  107
  125  140  153  168  185  204  224  245  267  288  308  328  347  362  376  390
  404  422  438  455  467  478  489  503  519  529  532  528  518  501  483  463
  443  429  413  390  372  361  354  350  354
    10.0-180.0 180.0   5.0 450.0                            LAT/LON1/LON2/DLON/H
  290  303  315  325  316  289  257  226  200  180  168  160  154  142  129  119
  108  100   92   83   77   74   76   81   87   88   83   76   71   75   90  110
  128  143  157  172  189  208  227  248  272  294  316  336  354  368  379  389
  402  419  436  454  466  479  488  499  508  512  512  508  499  487  473  454
  432  415  398  370  342  318  303  291  290
     7.5-180.0 180.0   5.0 450.0                            LAT/LON1/LON2/DLON/H
  224  233  256  278  287  277  257  238  218  201  194  183  177  165  148  134
  119  108   98   89   82   78   80   85   90   91   86   78   73   78   93  113
  132  148  161  176  193  210  228  248  272  296  320  340  357  371  379  387
  398  413  431  448  464  477  487  493  496  496  494  489  483  474  463  447
  428  409  388  357  321  287  259  235  224
     5.0-180.0 180.0   5.0 450.0                            LAT/LON1/LON2/DLON/H
  185  185  203  230  245  250  246  236  223  214  208  202  197  181  164  146
  129  116  105   96   88   84   85   89   93   94   88   79   75   80   96  117
  137  152  166  180  193  207  223  244  268  293  317  339  357  370  378  387
  396  409  426  444  461  475  486  490  488  484  481  478  474  468  459  446
  430  411  387  357  318  277  239  204  185
     2.5-180.0 180.0   5.0 450.0                            LAT/LON1/LON2/DLON/H
  181  171  180  201  217  227  232  230  222  217  213  211  207  191  173  154
  136  122  111  102   94   89   89   93   95   94   88   80   76   82   97  120
  140  155  168  179  190  202  216  236  262  287  310  332  352  367  378  388
  397  408  421  438  455  471  484  489  484  478  473  473  473  469  460  448
  434  419  397  369  335  294  251  209  181
