data/IONEX/CVBB2760.21i
     1.0            IONOSPHERE MAPS     MIX                 IONEX VERSION / TYPE
cmpcmb v1.2          GRL/UWM            27-oct-21 23:11     PGM / RUN BY / DATE 
ionex file containing IGS COMBINED Ionosphere maps          COMMENT             
global ionosphere maps for day 276, 2021                    DESCRIPTION         
IONEX file containing the COMBINED IGS TEC MAPS and DCBs    DESCRIPTION         
      IONEX files of the following IAACs were combined: cod DESCRIPTION         
                                                        esa DESCRIPTION         
                                                        jpl DESCRIPTION         
                                                        upc DESCRIPTION         
Contact address: Andrzej Krankowski                         DESCRIPTION
                 Geodynamics Research Laboratory            DESCRIPTION
                 University of Warmia and Mazury (GRL/UWM)  DESCRIPTION
                 Oczapowski St. 1                           DESCRIPTION
                 10-957-Olsztyn, POLAND                     DESCRIPTION
                 e-mail:  kand@uwm.edu.pl                   DESCRIPTION
                                                            DESCRIPTION         
  2021    10     3     0     0     0                        EPOCH OF FIRST MAP  
  2021    10     4     0     0     0                        EPOCH OF LAST MAP   
  7200                                                      INTERVAL            
    13                                                      # OF MAPS IN FILE   
  COSZ                                                      MAPPING FUNCTION    
     0.0                                                    ELEVATION CUTOFF    
combined TEC calculated as weighted mean of input TEC valuesOBSERVABLES USED    
   359                                                      # OF STATIONS       
    32                                                      # OF SATELLITES     
  6371.0                                                    BASE RADIUS         
     2                                                      MAP DIMENSION       
   450.0 450.0   0.0                                        HGT1 / HGT2 / DHGT  
    87.5 -87.5  -2.5                                        LAT1 / LAT2 / DLAT  
  -180.0 180.0   5.0                                        LON1 / LON2 / DLON  
    -1                                                      EXPONENT            
TEC values in 0.1 tec units;  9999, if no value available   COMMENT             
DCB values in nanoseconds, reference is Sum_of_SatDCBs = 0  COMMENT             
                                                            END OF HEADER       
[from data line 1287]
     4                                                      START OF TEC MAP    
  2021    10     3     6     0     0                        EPOCH OF CURRENT MAP
    87.5-180.0 180.0   5.0 450.0                            LAT/LON1/LON2/DLON/H
   52   53   53   53   53   53   54   54   54   55   55   55   55   55   56   56
   56   56   56   56   56   56   56   56   56   56   56   56   56   56   55   55
   55   55   55   55   55   55   55   56   56   56   56   56   56   56   56   56
   56   56   56   56   56   55   55   55   55   55   55   54   54   54   53   53
   53   53   53   52   52   53   52   52   52
    85.0-180.0 180.0   5.0 450.0                            LAT/LON1/LON2/DLON/H
   48   48   48   48   50   51   51   52   53   54   55   55   56   57   57   58
   57   57   57   57   56   56   56   55   54   53   53   52   52   51   51   51
   51   51   51   52   52   52   53   54   54   55   55   56   56   57   57   58
   58   58   58   58   58   58   57   58   57   56   56   56   55   54   53   53
   52   50   50   49   49   48   47   48   48
    82.5-180.0 180.0   5.0 450.0                            LAT/LON1/LON2/DLON/H
   42   42   42   42   43   45   46   48   50   52   53   55   56   57   57   57
   57   56   56   56   55   54   53   51   48   47   46   46   46   45   45   46
   46   46   47   48   49   50   50   51   53   54   55   56   57   58   59   60
   61   63   63   64   64   65   64   64   63   63   62   61   60   58   57   55
   53   51   49   47   45   44   43   43   42
    80.0-180.0 180.0   5.0 450.0                            LAT/LON1/LON2/DLON/H
   37   35   35   36   37   39   42   44   46   49   52   53   55   56   57   57
   56   55   53   52   50   48   47   43   41   40   38   37   36   36   36   37
   38   39   41   43   45   47   48   50   52   54   56   58   60   62   64   66
   67   70   71   72   74   74   75   75   74   73   72   71   69   67   64   61
   58   56   52   49   47   44   41   39   37
    77.5-180.0 180.0   5.0 450.0                            LAT/LON1/LON2/DLON/H
   34   33   31   31   32   34   37   40   43   46   49   50   52   53   54   54
   53   52   49   47   44   41   37   36   33   31   30   30   28   29   30   32
   33   35   37   39   42   44   47   50   53   56   59   61   64   67   70   73
   76   78   81   83   84   86   87   87   87   87   85   84   81   79   76   72
   69   64   60   55   51   46   42   38   34
    75.0-180.0 180.0   5.0 450.0                            LAT/LON1/LON2/DLON/H
   37   33   30   28   28   29   32   35   38   42   44   47   49   51   51   50
   49   47   44   41   38   36   33   30   29   26   25   24   24   24   25   27
   29   31   34   38   41   44   48   51   55   59   62   67   70   74   78   82
   85   89   91   94   97   99  100  101  101  100   99   97   95   92   89   85
   81   76   72   67   61   54   48   42   37
    72.5-180.0 180.0   5.0 450.0                            LAT/LON1/LON2/DLON/H
   43   36   32   28   26   26   28   30   34   36   40   43   45   46   46   46
   44   42   39   38   34   32   30   28   26   25   24   23   23   23   24   25
   27   30   33   36   41   45   49   54   58   62   67   71   76   81   85   90
   94   99  103  106  108  111  112  113  113  112  110  108  106  103  100   97
   93   89   84   79   73   65   58   50   43
    70.0-180.0 180.0   5.0 450.0                            LAT/LON1/LON2/DLON/H
   52   44   37   31   27   25   25   26   29   32   35   38   40   41   41   41
   40   39   37   35   32   30   29   28   27   26   25   25   25   25   25   26
   27   29   32   36   40   46   51   56   61   66   71   76   81   86   93   98
  103  108  113  116  119  121  122  122  120  119  117  115  112  110  108  105
  102   99   95   91   84   77   70   61   52
    67.5-180.0 180.0   5.0 450.0                            LAT/LON1/LON2/DLON/H
   63   55   45   37   31   27   25   25   27   29   31   33   35   36   37   37
   36   35   34   32   31   30   30   30   30   30   30   29   28   27   28   28
   28   29   32   36   40   46   51   57   63   69   75   81   87   93  100  106
  112  117  122  125  127  128  128  127  125  122  119  117  114  113  110  109
  107  104  102   99   94   88   81   73   63
    65.0-180.0 180.0   5.0 450.0                            LAT/LON1/LON2/DLON/H
   74   65   55   45   37   31   27   25   25   27   29   30   32   32   33   33
   33   33   33   32   32   31   32   33   34   35   34   34   32   31   29   29
   28   29   31   35   40   46   52   58   65   72   78   86   92   99  107  113
  119  124  129  132  133  133  132  130  126  123  119  116  114  112  110  108
  106  105  103  101   98   95   89   83   74
    62.5-180.0 180.0   5.0 450.0                            LAT/LON1/LON2/DLON/H
   83   74   65   54   45   37   31   28   27   26   27   28   28   29   29   30
   31   32   32   32   32   33   34   35   36   37   37   37   35   33   31   29
   28   28   31   35   41   47   54   61   68   75   83   90   98  105  113  119
  125  130  134  136  137  137  135  132  127  123  119  116  113  111  109  107
  104  103  101   99   97   96   93   89   83
    60.0-180.0 180.0   5.0 450.0                            LAT/LON1/LON2/DLON/H
   87   80   72   62   52   43   37   32   29   27   27   26   26   27   28   28
   30   31   32   32   32   32   33   34   36   37   37   38   36   33   31   29
   28   28   31   36   42   49   56   63   71   79   87   96  104  113  120  126
  132  136  140  141  141  140  138  135  130  126  123  119  116  113  110  107
  104   99   97   94   93   93   93   91   87
    57.5-180.0 180.0   5.0 450.0                            LAT/LON1/LON2/DLON/H
   89   83   75   67   57   49   42   36   32   29   28   26   25   26   27   28
   29   31   31   31   31   30   31   32   33   35   35   36   34   32   30   29
   29   30   33   38   44   52   60   68   76   84   93  102  112  120  127  133
  138  142  145  146  146  145  144  141  136  133  130  128  124  120  116  111
  106  100   94   91   89   91   91   91   89
    55.0-180.0 180.0   5.0 450.0                            LAT/LON1/LON2/DLON/H
   90   86   78   70   62   53   46   40   35   32   29   27   26   25   26   27
   29   29   29   29   28   28   28   29   29   31   33   34   33   32   31   30
   30   32   36   42   49   57   66   74   83   91  101  109  119  128  135  140
  145  149  152  152  153  153  152  150  147  145  143  139  136  131  126  119
  111  103   95   91   89   89   91   92   90
    52.5-180.0 180.0   5.0 450.0                            LAT/LON1/LON2/DLON/H
   93   88   81   73   65   57   50   44   40   35   31   29   27   26   27   27
   28   28   28   27   27   26   26   27   28   29   31   33   33   33   33   33
   33   36   41   48   56   65   75   84   92  100  108  118  127  135  142  149
  154  158  160  161  162  162  162  162  161  159  157  154  150  144  137  129
  120  111  102   96   93   93   93   94   93
    50.0-180.0 180.0   5.0 450.0                            LAT/LON1/LON2/DLON/H
   96   91   84   76   69   60   54   49   44   39   35   32   30   29   28   28
   28   27   27   26   26   26   27   28   29   31   33   35   37   37   38   38
   39   42   48   55   65   75   84   93  101  109  117  127  135  144  152  159
  163  166  168  169  171  172  172  172  172  171  168  165  161  154  145  137
  129  119  112  106  102  101  100   99   96
    47.5-180.0 180.0   5.0 450.0                            LAT/LON1/LON2/DLON/H
  102   95   87   79   72   64   58   54   49   44   40   37   34   32   30   29
   28   28   27   28   29   30   33   35   37   39   40   42   43   44   45   46
   47   50   56   64   74   85   94  103  111  119  126  135  144  154  161  167
  171  175  176  179  180  181  181  181  180  179  175  171  166  158  149  142
  136  129  123  118  115  112  109  107  102
    45.0-180.0 180.0   5.0 450.0                            LAT/LON1/LON2/DLON/H
  108  100   91   82   75   69   64   60   55   51   47   45   42   38   35   33
   30   29   30   31   35   39   43   46   48   50   51   52   52   53   54   55
   55   58   63   72   82   94  104  112  120  128  136  144  153  162  168  175
  179  183  185  186  187  187  187  187  185  182  177  170  164  155  147  142
  138  135  132  129  127  124  119  114  108
    42.5-180.0 180.0   5.0 450.0                            LAT/LON1/LON2/DLON/H
  113  103   94   86   78   74   70   67   62   59   57   54   51   47   42   38
   34   33   34   38   43   50   55   59   62   63   63   62   62   63   63   63
   64   65   70   78   90  101  112  121  128  136  144  152  161  168  175  181
  186  190  191  192  192  191  191  190  187  182  175  166  157  148  141  138
  136  137  137  137  136  133  129  121  113
    40.0-180.0 180.0   5.0 450.0                            LAT/LON1/LON2/DLON/H
  116  106   97   88   82   79   77   76   72   70   68   65   62   57   51   44
   40   39   41   46   53   61   67   72   73   74   72   71   70   71   71   71
   70   70   75   83   95  107  118  127  135  143  151  160  167  173  179  186
  191  195  197  197  197  196  195  193  190  184  176  165  154  144  136  133
  133  135  138  140  142  140  135  126  116
    37.5-180.0 180.0   5.0 450.0                            LAT/LON1/LON2/DLON/H
  117  107   98   90   84   82   82   83   82   80   79   76   73   67   61   54
   48   47   49   54   62   70   77   80   81   80   78   76   75   76   76   76
   74   74   77   85   98  111  122  132  141  149  158  165  172  178  183  188
  194  199  202  203  203  203  202  201  199  195  188  177  164  153  142  137
  134  136  139  142  145  143  138  127  117
    35.0-180.0 180.0   5.0 450.0                            LAT/LON1/LON2/DLON/H
  116  106   97   90   85   83   85   87   89   89   88   86   83   78   72   65
   59   57   58   63   70   75   81   84   83   81   78   77   76   77   78   78
   76   75   78   86   99  113  125  135  144  154  163  171  177  180  185  190
  196  204  209  211  213  215  217  218  218  218  215  208  195  181  165  155
  149  145  146  147  149  147  138  127  116
    32.5-180.0 180.0   5.0 450.0                            LAT/LON1/LON2/DLON/H
  115  105   96   87   83   81   84   88   91   92   92   92   90   87   83   77
   71   68   68   71   74   76   79   81   80   78   76   74   73   75   76   77
   75   75   77   86  100  114  127  137  148  159  168  176  181  184  187  193
  200  209  218  224  230  237  243  249  255  258  262  260  248  232  210  192
  177  168  161  158  157  151  141  128  115
    30.0-180.0 180.0   5.0 450.0                            LAT/LON1/LON2/DLON/H
  116  105   94   86   80   78   80   84   87   89   91   92   92   91   90   86
   81   78   77   76   75   74   75   74   73   72   71   70   69   70   72   74
   74   73   75   84  100  115  127  139  150  161  172  180  184  186  190  198
  208  220  232  244  258  271  282  295  304  317  329  333  326  303  276  247
  222  204  188  179  171  160  147  132  116
    27.5-180.0 180.0   5.0 450.0                            LAT/LON1/LON2/DLON/H
  121  108   97   87   78   74   74   77   80   83   84   86   88   90   91   89
   87   85   82   78   74   72   70   68   68   68   68   67   66   66   69   72
   71   70   73   83   98  115  127  139  150  163  174  183  187  190  195  206
  220  235  252  271  293  315  331  351  367  386  405  417  418  396  354  324
  283  254  229  209  193  175  157  139  121
    25.0-180.0 180.0   5.0 450.0                            LAT/LON1/LON2/DLON/H
  131  116  103   91   81   74   71   72   73   75   76   78   81   84   86   87
   87   86   84   79   73   69   67   66   67   69   70   69   67   66   67   69
   67   66   69   80   96  112  127  139  151  163  176  186  191  195  203  216
  235  256  278  304  332  362  383  409  434  457  477  494  499  479  440  410
  359  316  278  249  221  198  174  152  131
    22.5-180.0 180.0   5.0 450.0                            LAT/LON1/LON2/DLON/H
  146  129  112   97   85   77   72   70   69   69   69   70   73   76   78   80
   82   83   82   79   73   69   68   69   73   77   78   76   72   68   66   66
   63   62   65   76   93  111  126  139  151  164  177  188  196  202  213  232
  256  282  308  339  369  399  420  447  478  504  521  538  545  530  502  472
  430  379  330  293  257  226  194  169  146
    20.0-180.0 180.0   5.0 450.0                            LAT/LON1/LON2/DLON/H
  166  145  125  107   94   84   79   75   72   69   69   68   68   69   70   72
   74   77   78   76   74   73   74   79   87   92   93   88   80   72   66   63
   60   58   61   71   89  109  125  138  150  164  177  190  199  210  226  250
  278  309  337  367  394  419  437  454  478  500  517  531  539  532  519  497
  462  422  373  334  294  259  222  189  166
    17.5-180.0 180.0   5.0 450.0                            LAT/LON1/LON2/DLON/H
  188  166  143  123  108   97   90   86   83   79   76   74   70   67   65   65
   67   71   73   74   74   78   84   95  106  110  108  101   90   78   67   61
   57   53   55   67   85  106  124  137  149  163  177  191  205  219  239  267
  298  330  356  379  398  417  430  438  451  465  479  490  498  497  493  482
  459  430  394  361  326  289  251  215  188
    15.0-180.0 180.0   5.0 450.0                            LAT/LON1/LON2/DLON/H
  211  189  165  144  127  114  106  102  101   97   94   90   82   74   68   64
   64   68   71   72   75   83   96  112  126  127  123  113  100   83   68   60
   53   49   51   62   81  103  121  135  149  162  179  194  210  227  251  282
  313  342  362  376  387  400  405  409  415  422  430  437  444  449  453  449
  440  422  396  368  342  310  274  239  211
    12.5-180.0 180.0   5.0 450.0                            LAT/LON1/LON2/DLON/H
  236  212  190  168  149  135  126  122  122  121  118  113  104   94   80   72
   69   71   73   75   79   90  108  128  141  141  133  121  106   86   69   59
   51   46   48   59   79  101  121  135  148  163  180  197  215  235  262  293
  322  346  361  369  371  375  376  377  379  381  382  386  393  402  413  419
  418  407  392  371  348  320  291  261  236
    10.0-180.0 180.0   5.0 450.0                            LAT/LON1/LON2/DLON/H
  259  236  214  192  172  157  147  142  143  144  143  140  132  122  104   92
   82   82   82   83   87   99  117  136  146  146  136  122  107   86   71   60
   52   46   47   58   78  100  119  134  147  163  180  197  217  240  269  297
  326  346  356  359  357  356  354  351  351  350  349  351  358  369  384  396
  401  396  386  370  351  329  303  281  259
     7.5-180.0 180.0   5.0 450.0                            LAT/LON1/LON2/DLON/H
  278  257  234  215  194  177  166  160  160  163  165  166  160  154  134  117
  104  100   98   96   97  108  124  138  146  144  134  119  105   88   75   64
   55   49   49   60   79   99  117  132  146  161  177  196  216  241  269  298
  324  343  353  353  349  346  343  339  338  337  337  340  347  358  373  385
  391  388  382  370  355  336  315  296  278
     5.0-180.0 180.0   5.0 450.0                            LAT/LON1/LON2/DLON/H
  294  275  254  231  211  193  180  174  172  175  180  183  184  179  163  145
  131  123  118  111  109  117  132  141  144  139  128  115  102   89   78   68
   59   53   53   63   79   98  115  129  144  159  174  192  213  238  267  295
  321  341  352  354  351  348  346  345  347  347  348  352  358  369  381  388
  392  386  379  368  356  340  323  308  294
     2.5-180.0 180.0   5.0 450.0                            LAT/LON1/LON2/DLON/H
  301  285  265  244  221  204  191  182  179  180  185  190  194  193  183  169
  157  147  140  129  125  130  141  145  142  134  123  110  101   92   83   72
   64   58   57   66   81   98  113  127  142  156  172  188  207  233  262  289
  316  338  354  363  363  360  361  363  369  374  378  384  389  395  401  403
  401  392  380  367  352  338  325  313  301
