data/IONEX/CVBB2740.21i
     1.0            IONOSPHERE MAPS     MIX                 IONEX VERSION / TYPE
cmpcmb v1.2          GRL/UWM            19-oct-21 03:55     PGM / RUN BY / DATE 
ionex file containing IGS COMBINED Ionosphere maps          COMMENT             
global ionosphere maps for day 274, 2021                    DESCRIPTION         
IONEX file containing the COMBINED IGS TEC MAPS and DCBs    DESCRIPTION         
      IONEX files of the following IAACs were combined: cod DESCRIPTION         
                                                        esa DESCRIPTION         
                                                        jpl DESCRIPTION         
                                                        upc DESCRIPTION         
Contact address: Andrzej Krankowski                         DESCRIPTION
                 Geodynamics Research Laboratory            DESCRIPTION
                 University of Warmia and Mazury (GRL/UWM)  DESCRIPTION
                 Oczapowski St. 1                           DESCRIPTION
                 10-957-Olsztyn, POLAND                     DESCRIPTION
                 e-mail:  kand@uwm.edu.pl                   DESCRIPTION
                                                            DESCRIPTION         
  2021    10     1     0     0     0                        EPOCH OF FIRST MAP  
  2021    10     2     0     0     0                        EPOCH OF LAST MAP   
  7200                                                      INTERVAL            
    13                                                      # OF MAPS IN FILE   
  COSZ                                                      MAPPING FUNCTION    
     0.0                                                    ELEVATION CUTOFF    
combined TEC calculated as weighted mean of input TEC valuesOBSERVABLES USED    
   358                                                      # OF STATIONS       
    32                                                      # OF SATELLITES     
  6371.0                                                    BASE RADIUS         
     2                                                      MAP DIMENSION       
   450.0 450.0   0.0                                        HGT1 / HGT2 / DHGT  
    87.5 -87.5  -2.5                                        LAT1 / LAT2 / DLAT  
  -180.0 180.0   5.0                                        LON1 / LON2 / DLON  
    -1                                                      EXPONENT            
TEC values in 0.1 tec units;  9999, if no value available   COMMENT             
DCB values in nanoseconds, reference is Sum_of_SatDCBs = 0  COMMENT             
                                                            END OF HEADER       
[from data line 3432]
     9                                                      START OF TEC MAP    
  2021    10     1    16     0     0                        EPOCH OF CURRENT MAP
    87.5-180.0 180.0   5.0 450.0                            LAT/LON1/LON2/DLON/H
   72   72   73   73   73   73   73   74   74   74   75   76   76   77   77   78
   79   79   80   81   81   82   82   82   83   83   83   83   83   83   83   83
   82   83   82   82   82   83   83   82   82   82   82   81   81   81   81   80
   80   80   79   78   78   77   77   77   76   76   75   74   74   74   73   73
   73   73   73   72   72   72   72   72   72
    85.0-180.0 180.0   5.0 450.0                            LAT/LON1/LON2/DLON/H
   66   67   67   68   67   68   68   69   70   70   71   71   72   72   73   74
   76   76   79   80   81   82   83   82   82   82   82   82   83   83   85   85
   86   87   87   87   87   87   86   86   86   85   85   85   84   84   83   82
   81   80   79   78   77   76   75   74   73   72   70   70   69   68   68   68
   67   66   66   65   66   65   65   66   66
    82.5-180.0 180.0   5.0 450.0                            LAT/LON1/LON2/DLON/H
   63   63   64   65   66   66   67   68   69   69   70   71   71   72   73   74
   74   75   75   77   79   81   81   80   80   82   83   84   84   86   86   87
   87   87   88   87   88   88   89   89   89   89   88   88   86   86   85   84
   83   81   79   78   76   75   73   72   70   69   67   66   65   64   63   62
   62   61   61   61   61   62   62   62   63
    80.0-180.0 180.0   5.0 450.0                            LAT/LON1/LON2/DLON/H
   58   59   60   61   62   63   64   65   66   67   69   71   72   74   75   76
   76   77   78   79   81   78   80   81   83   86   88   88   88   89   89   90
   90   91   91   92   92   91   91   90   90   89   89   88   87   86   85   83
   82   80   78   76   75   73   72   70   68   66   65   63   62   60   59   59
   58   58   58   58   57   57   58   58   58
    77.5-180.0 180.0   5.0 450.0                            LAT/LON1/LON2/DLON/H
   55   56   57   58   59   61   62   64   66   68   69   70   71   72   73   74
   76   78   80   82   84   85   86   86   85   88   89   90   90   92   93   94
   94   94   93   93   93   92   91   91   90   89   88   87   85   83   81   79
   78   77   75   74   72   71   69   67   66   64   62   61   60   59   58   57
   56   56   55   55   54   55   54   55   55
    75.0-180.0 180.0   5.0 450.0                            LAT/LON1/LON2/DLON/H
   53   54   55   57   58   60   62   64   66   67   68   69   71   73   76   77
   78   81   83   84   88   90   90   95   94   93   96   97   97   98   99   98
   99   98   96   95   93   92   90   88   87   85   84   82   80   77   75   73
   74   73   71   69   68   67   66   65   63   62   61   60   59   57   56   56
   55   55   54   54   54   53   53   53   53
    72.5-180.0 180.0   5.0 450.0                            LAT/LON1/LON2/DLON/H
   53   53   54   56   58   60   63   64   65   67   69   72   74   76   77   79
   82   85   86   89   95   98   99  102  103  104  104  104  104  103  103  103
  102  101  100   97   94   92   89   87   84   82   80   77   74   72   69   67
   67   68   67   66   65   64   63   62   60   59   58   57   57   56   55   55
   55   54   54   54   54   53   53   52   53
    70.0-180.0 180.0   5.0 450.0                            LAT/LON1/LON2/DLON/H
   53   53   55   57   59   61   63   64   66   68   71   73   75   77   79   82
   85   89   93   97  104  108  111  114  116  115  115  114  112  110  108  107
  106  105  103  100   96   93   90   87   84   81   78   74   71   68   65   63
   63   64   64   63   62   60   60   58   57   56   55   54   54   54   54   54
   54   55   55   55   55   54   54   53   53
    67.5-180.0 180.0   5.0 450.0                            LAT/LON1/LON2/DLON/H
   53   54   55   56   57   60   62   64   68   71   73   75   77   79   81   85
   89   94   99  106  113  119  123  126  127  126  125  124  121  118  117  114
  112  111  108  105  101   98   94   90   86   82   79   75   72   68   65   63
   62   61   61   60   59   58   57   55   54   52   52   51   50   50   51   52
   53   55   56   56   56   55   55   54   53
    65.0-180.0 180.0   5.0 450.0                            LAT/LON1/LON2/DLON/H
   53   53   53   54   55   58   62   64   69   72   75   77   80   82   85   88
   93   98  105  112  119  126  131  134  136  135  133  132  128  127  126  123
  122  120  117  113  109  104  100   95   91   88   83   80   76   72   68   65
   63   62   60   59   58   57   55   54   51   49   48   47   46   46   47   49
   51   53   54   56   56   55   54   53   53
    62.5-180.0 180.0   5.0 450.0                            LAT/LON1/LON2/DLON/H
   51   50   50   51   53   56   60   64   68   73   76   79   83   86   90   93
   98  103  110  117  124  131  135  139  140  140  139  138  136  135  135  134
  133  130  127  122  118  113  108  104  100   97   93   89   84   80   75   71
   67   64   62   60   58   57   55   53   50   48   46   44   42   43   43   45
   47   50   52   54   55   54   53   52   51
    60.0-180.0 180.0   5.0 450.0                            LAT/LON1/LON2/DLON/H
   49   48   48   48   51   54   58   63   68   72   77   82   86   90   94   98
  103  108  114  121  127  133  137  140  142  142  142  142  141  142  143  143
  142  140  137  132  126  121  116  113  110  107  104  100   95   90   84   78
   74   70   67   64   61   59   57   56   53   50   47   45   43   42   41   42
   44   47   50   52   53   53   52   50   49
    57.5-180.0 180.0   5.0 450.0                            LAT/LON1/LON2/DLON/H
   47   46   47   48   49   53   58   62   68   72   78   84   89   94   99  103
  109  113  120  125  130  135  138  141  143  143  144  145  146  149  152  154
  153  150  147  141  134  129  125  122  119  117  114  111  105  100   93   87
   82   77   73   69   66   64   62   60   58   56   52   50   47   44   43   42
   43   45   48   50   52   51   50   49   47
    55.0-180.0 180.0   5.0 450.0                            LAT/LON1/LON2/DLON/H
   48   48   48   49   51   55   59   64   70   75   80   86   92   97  103  109
  115  120  126  130  134  138  141  142  143  145  147  150  153  158  161  163
  163  160  156  150  143  137  134  131  129  127  124  120  116  110  103   97
   91   86   80   77   73   72   70   69   67   65   62   59   55   52   49   47
   45   46   49   51   52   52   50   49   48
    52.5-180.0 180.0   5.0 450.0                            LAT/LON1/LON2/DLON/H
   50   52   52   54   56   60   65   69   74   80   85   90   96  101  108  115
  122  128  133  137  140  142  144  146  147  149  151  155  160  165  170  172
  171  168  164  158  152  146  143  140  138  136  133  129  125  119  114  108
  101   97   91   87   84   82   81   81   80   78   75   72   69   64   60   56
   52   51   53   54   55   54   52   51   50
    50.0-180.0 180.0   5.0 450.0                            LAT/LON1/LON2/DLON/H
   57   57   59   61   63   68   72   77   83   88   91   96  101  107  114  122
  130  137  142  146  148  150  151  152  153  155  157  162  167  172  176  178
  177  174  170  165  160  156  153  151  149  146  143  139  134  129  124  120
  114  109  103   99   95   94   93   93   92   92   90   88   85   80   74   68
   63   61   61   61   61   60   58   56   57
    47.5-180.0 180.0   5.0 450.0                            LAT/LON1/LON2/DLON/H
   64   65   67   69   72   76   82   88   93   99  102  105  110  115  122  131
  140  148  153  157  158  159  160  160  162  163  166  170  175  179  181  182
  180  178  175  172  169  166  166  163  161  158  154  148  144  139  134  131
  126  121  116  111  108  106  105  105  105  106  105  104  101   96   90   83
   77   73   71   70   69   67   65   63   64
    45.0-180.0 180.0   5.0 450.0                            LAT/LON1/LON2/DLON/H
   71   72   74   77   80   85   91   97  105  111  114  117  121  126  133  143
  152  160  166  169  170  171  172  172  173  175  177  181  184  185  184  184
  182  181  180  179  179  180  180  178  175  171  164  158  153  148  143  140
  135  131  127  124  121  119  118  117  117  117  117  116  115  109  103   97
   89   84   81   79   77   74   72   70   71
    42.5-180.0 180.0   5.0 450.0                            LAT/LON1/LON2/DLON/H
   76   78   80   83   86   91   98  106  115  122  127  131  135  140  147  158
  166  174  179  183  184  184  185  186  188  189  190  192  193  192  189  185
  183  184  187  190  193  196  198  196  192  186  176  168  161  155  150  147
  143  141  137  136  133  131  129  127  125  124  124  124  123  119  112  106
   99   92   88   86   83   79   76   75   76
    40.0-180.0 180.0   5.0 450.0                            LAT/LON1/LON2/DLON/H
   78   80   83   85   88   93  102  112  123  133  140  145  152  157  165  173
  181  189  192  195  196  197  199  200  202  203  203  203  201  198  194  190
  188  192  198  206  213  217  218  216  211  202  190  179  169  161  156  152
  148  146  144  143  141  138  134  131  129  127  126  126  125  122  116  110
  103   96   92   89   85   81   78   77   78
    37.5-180.0 180.0   5.0 450.0                            LAT/LON1/LON2/DLON/H
   77   79   81   83   84   91  101  113  127  141  152  160  169  176  183  190
  196  202  205  207  207  208  212  214  216  217  216  214  211  206  203  199
  200  208  218  228  237  242  242  239  231  219  204  189  178  167  159  153
  149  147  145  144  143  140  136  132  128  126  125  125  125  122  116  111
  105   98   93   89   85   80   77   76   77
    35.0-180.0 180.0   5.0 450.0                            LAT/LON1/LON2/DLON/H
   74   76   76   76   78   85   97  112  129  147  162  174  185  194  201  207
  211  213  214  216  217  219  221  225  228  229  228  226  223  219  216  215
  222  233  246  257  267  270  268  262  251  236  219  202  187  172  160  151
  146  142  141  139  139  137  134  129  125  123  123  123  122  119  114  109
  103   98   93   88   83   78   74   72   74
    32.5-180.0 180.0   5.0 450.0                            LAT/LON1/LON2/DLON/H
   70   71   70   69   70   77   89  107  128  148  167  184  199  212  219  224
  223  222  221  222  223  226  229  232  236  239  240  240  237  234  235  239
  252  268  282  296  300  301  294  285  272  253  233  214  195  176  160  148
  143  138  134  132  132  132  129  126  123  121  121  120  120  116  112  107
  103   99   93   87   82   76   72   70   70
    30.0-180.0 180.0   5.0 450.0                            LAT/LON1/LON2/DLON/H
   70   70   67   64   64   70   83  101  124  146  168  188  207  223  234  237
  234  230  226  226  227  230  234  237  243  248  252  254  253  254  258  269
  289  310  327  339  338  330  320  308  292  274  249  227  205  180  160  147
  140  134  130  126  126  126  125  123  121  120  121  121  121  118  114  110
  106  102   97   89   83   77   73   71   70
    27.5-180.0 180.0   5.0 450.0                            LAT/LON1/LON2/DLON/H
   75   72   68   63   62   66   79   99  121  143  166  190  211  228  240  244
  240  234  230  230  230  233  237  242  248  257  264  269  272  277  289  309
  334  362  378  385  377  362  345  328  312  290  263  239  214  186  166  150
  138  132  127  121  120  121  121  120  120  122  125  127  127  124  120  116
  113  109  104   96   88   82   78   76   75
    25.0-180.0 180.0   5.0 450.0                            LAT/LON1/LON2/DLON/H
   84   81   75   69   66   71   84  102  123  143  165  188  210  229  242  247
  242  236  232  232  234  236  241  246  254  265  277  287  294  306  326  352
  385  418  431  434  415  396  368  345  326  301  276  251  225  198  177  159
  145  137  129  120  116  118  119  120  123  127  133  137  139  135  131  128
  125  121  115  105   98   91   86   85   84
    22.5-180.0 180.0   5.0 450.0                            LAT/LON1/LON2/DLON/H
   97   95   88   83   80   85   95  112  127  144  162  183  206  228  242  247
  243  239  237  238  240  242  246  252  262  277  292  307  322  340  367  398
  436  463  481  479  448  422  391  360  335  312  288  264  237  214  194  177
  164  153  139  127  121  120  122  126  131  138  145  151  153  150  146  144
  140  136  128  118  108  102   99   98   97
    20.0-180.0 180.0   5.0 450.0                            LAT/LON1/LON2/DLON/H
  111  110  106  101  100  104  115  127  139  149  162  181  203  226  242  248
  246  245  245  249  251  252  256  264  277  294  313  333  352  376  406  440
  477  502  511  507  470  436  403  376  349  325  303  279  255  234  217  203
  191  179  163  146  138  134  134  138  145  153  162  170  173  170  165  162
  158  151  141  129  120  114  111  111  111
    17.5-180.0 180.0   5.0 450.0                            LAT/LON1/LON2/DLON/H
  122  121  119  118  120  126  136  147  154  159  168  182  202  225  242  250
  252  254  258  263  266  267  272  282  296  316  336  359  384  409  438  469
  498  518  520  507  472  437  408  385  365  343  320  299  277  258  245  234
  226  212  195  180  167  158  156  158  163  171  181  188  192  187  182  179
  173  164  151  138  128  124  122  122  122
    15.0-180.0 180.0   5.0 450.0                            LAT/LON1/LON2/DLON/H
  128  127  125  128  135  143  154  164  169  172  177  189  207  227  244  253
  261  267  274  281  284  286  292  303  319  340  363  388  414  439  464  487
  505  515  511  493  459  434  413  397  383  363  342  321  302  286  273  262
  259  249  233  215  198  187  184  181  182  188  196  201  205  199  196  193
  184  172  157  144  134  129  128  128  128
    12.5-180.0 180.0   5.0 450.0                            LAT/LON1/LON2/DLON/H
  126  124  124  128  139  152  164  176  182  185  189  200  216  235  250  261
  272  283  293  302  306  309  314  325  342  365  390  415  439  465  482  495
  503  505  496  476  453  437  425  414  402  384  367  347  325  308  295  287
  284  277  262  244  226  214  206  199  198  200  203  206  209  207  204  199
  189  174  158  145  136  131  129  127  126
    10.0-180.0 180.0   5.0 450.0                            LAT/LON1/LON2/DLON/H
  119  117  116  120  132  149  165  180  189  194  201  212  228  246  261  273
  287  302  316  326  329  330  335  347  367  391  416  439  463  484  494  497
  498  493  483  468  454  446  441  433  421  405  387  368  344  324  308  301
  298  293  280  264  246  232  221  210  209  206  204  205  207  207  205  199
  188  171  156  144  136  131  127  123  119
     7.5-180.0 180.0   5.0 450.0                            LAT/LON1/LON2/DLON/H
  113  108  105  107  117  135  156  175  189  199  210  224  241  258  274  288
  303  321  340  351  352  353  358  372  394  418  442  463  483  498  501  496
  491  483  473  464  458  457  456  450  436  420  401  381  358  334  314  305
  301  295  284  272  257  244  232  221  215  207  202  200  200  201  198  193
  182  167  153  142  135  130  124  119  113
     5.0-180.0 180.0   5.0 450.0                            LAT/LON1/LON2/DLON/H
  108  100   95   93  100  118  140  164  182  199  216  233  251  270  288  304
  321  340  360  371  375  375  381  397  420  443  464  481  496  503  502  494
  487  476  469  465  464  466  466  460  447  429  408  386  362  336  313  300
  294  287  279  268  258  247  237  225  216  205  198  193  192  193  190  183
  173  160  150  141  136  131  124  116  108
     2.5-180.0 180.0   5.0 450.0                            LAT/LON1/LON2/DLON/H
  108   98   88   82   87  103  127  151  174  196  216  238  258  280  300  319
  337  357  375  388  390  392  400  416  439  460  478  491  498  502  498  490
  483  475  470  470  471  472  470  462  447  426  403  381  357  329  304  288
  279  270  264  255  247  238  232  221  210  200  191  185  183  183  180  173
  163  154  147  142  138  134  127  117  108
