data/IONEX/CVBB2940.21i
     1.0            IONOSPHERE MAPS     MIX                 IONEX VERSION / TYPE
cmpcmb v1.2          GRL/UWM             6-nov-21 02:20     PGM / RUN BY / DATE 
ionex file containing IGS COMBINED Ionosphere maps          COMMENT             
global ionosphere maps for day 294, 2021                    DESCRIPTION         
IONEX file containing the COMBINED IGS TEC MAPS and DCBs    DESCRIPTION         
      IONEX files of the following IAACs were combined: cod DESCRIPTION         
                                                        esa DESCRIPTION         
                                                        jpl DESCRIPTION         
                                                        upc DESCRIPTION         
Contact address: Andrzej Krankowski                         DESCRIPTION
                 Geodynamics Research Laboratory            DESCRIPTION
                 University of Warmia and Mazury (GRL/UWM)  DESCRIPTION
                 Oczapowski St. 1                           DESCRIPTION
                 10-957-Olsztyn, POLAND                     DESCRIPTION
                 e-mail:  kand@uwm.edu.pl                   DESCRIPTION
                                                            DESCRIPTION         
  2021    10    21     0     0     0                        EPOCH OF FIRST MAP  
  2021    10    22     0     0     0                        EPOCH OF LAST MAP   
  7200                                                      INTERVAL            
    13                                                      # OF MAPS IN FILE   
  COSZ                                                      MAPPING FUNCTION    
     0.0                                                    ELEVATION CUTOFF    
combined TEC calculated as weighted mean of input TEC valuesOBSERVABLES USED    
   357                                                      # OF STATIONS       
    32                                                      # OF SATELLITES     
  6371.0                                                    BASE RADIUS         
     2                                                      MAP DIMENSION       
   450.0 450.0   0.0                                        HGT1 / HGT2 / DHGT  
    87.5 -87.5  -2.5                                        LAT1 / LAT2 / DLAT  
  -180.0 180.0   5.0                                        LON1 / LON2 / DLON  
    -1                                                      EXPONENT            
TEC values in 0.1 tec units;  9999, if no value available   COMMENT             
DCB values in nanoseconds, reference is Sum_of_SatDCBs = 0  COMMENT             
                                                            END OF HEADER       
[from data line 2145]
     6                                                      START OF TEC MAP    
  2021    10    21    10     0     0                        EPOCH OF CURRENT MAP
    87.5-180.0 180.0   5.0 450.0                            LAT/LON1/LON2/DLON/H
   48   48   49   49   48   48   49   49   49   50   50   51   51   51   51   52
   52   53   53   53   54   54   54   55   55   56   56   57   57   58   57   57
   58   57   58   57   57   57   56   56   55   55   54   53   53   52   51   51
   50   50   49   49   48   49   48   48   47   48   47   47   47   47   47   47
   46   47   47   47   47   47   48   47   48
    85.0-180.0 180.0   5.0 450.0                            LAT/LON1/LON2/DLON/H
   40   42   41   42   44   44   45   47   48   49   50   50   51   52   53   53
   54   54   54   54   54   54   54   56   57   59   59   60   60   59   59   59
   59   59   59   60   59   59   59   59   58   58   57   56   55   53   52   51
   50   49   47   47   46   45   43   43   42   41   41   40   40   40   40   40
   40   40   40   41   41   41   41   42   40
    82.5-180.0 180.0   5.0 450.0                            LAT/LON1/LON2/DLON/H
   34   36   38   40   41   42   44   45   45   46   47   47   48   48   49   49
   50   51   52   53   53   53   52   53   54   53   54   55   56   58   59   61
   62   64   64   65   65   66   65   65   64   63   62   60   59   57   55   53
   52   50   48   46   45   43   42   40   39   37   36   35   34   34   34   33
   33   33   33   33   32   32   33   33   34
    80.0-180.0 180.0   5.0 450.0                            LAT/LON1/LON2/DLON/H
   34   36   38   39   41   43   44   45   46   47   47   46   46   45   44   44
   43   42   42   41   42   50   48   47   50   52   54   55   57   59   60   63
   65   68   70   71   72   72   72   72   71   70   68   67   65   63   62   59
   57   55   53   50   48   46   44   41   39   38   36   35   33   32   32   31
   30   30   29   29   29   29   29   31   34
    77.5-180.0 180.0   5.0 450.0                            LAT/LON1/LON2/DLON/H
   34   36   38   40   42   44   46   47   47   47   46   44   43   42   41   40
   39   39   39   38   41   41   42   44   45   48   50   53   56   58   61   63
   67   71   74   77   79   80   80   80   79   79   77   76   74   71   70   68
   66   64   61   59   56   54   50   48   45   43   41   39   37   36   35   34
   33   31   31   30   30   30   32   33   34
    75.0-180.0 180.0   5.0 450.0                            LAT/LON1/LON2/DLON/H
   36   37   39   40   42   44   46   47   46   45   43   42   40   37   36   35
   33   33   35   35   35   38   40   43   44   45   48   52   56   59   62   65
   69   73   76   80   84   86   88   88   88   87   86   85   83   82   81   79
   78   77   74   71   69   66   62   59   55   52   50   47   45   43   41   40
   38   37   36   34   34   34   34   35   36
    72.5-180.0 180.0   5.0 450.0                            LAT/LON1/LON2/DLON/H
   38   38   39   40   42   44   45   46   45   43   41   39   37   34   31   30
   30   30   32   33   35   38   40   43   45   47   49   51   55   58   62   66
   70   75   80   83   87   91   94   96   97   96   95   95   94   93   92   92
   91   90   89   86   84   80   76   72   67   64   60   57   54   52   50   48
   46   44   42   40   39   38   37   37   38
    70.0-180.0 180.0   5.0 450.0                            LAT/LON1/LON2/DLON/H
   39   39   38   39   41   43   44   45   44   42   40   38   35   32   30   30
   29   30   32   34   37   39   41   45   47   49   52   53   56   60   62   66
   70   75   81   86   91   95   99  102  104  104  104  103  103  103  103  103
  103  103  102  100   97   93   88   83   78   73   69   65   61   58   56   54
   52   50   48   45   43   42   40   39   39
    67.5-180.0 180.0   5.0 450.0                            LAT/LON1/LON2/DLON/H
   39   37   37   38   38   40   41   42   41   41   39   37   35   32   30   30
   31   32   34   36   38   41   43   46   48   51   53   55   57   59   62   65
   69   75   82   88   93   99  103  106  109  110  110  110  111  112  112  113
  113  113  112  110  106  102   96   90   84   78   73   68   64   61   58   57
   55   53   51   48   46   43   42   40   39
    65.0-180.0 180.0   5.0 450.0                            LAT/LON1/LON2/DLON/H
   37   35   35   35   35   37   38   38   39   39   38   36   35   33   31   32
   33   34   36   37   39   41   43   46   48   50   52   54   56   58   61   64
   69   75   82   89   96  102  107  110  113  115  115  116  117  117  118  119
  120  119  118  115  111  105   99   92   85   78   73   67   63   59   56   55
   53   52   50   48   46   44   41   39   37
    62.5-180.0 180.0   5.0 450.0                            LAT/LON1/LON2/DLON/H
   35   33   33   32   33   34   35   36   37   37   37   36   35   34   34   33
   34   35   36   38   39   41   42   43   45   46   49   51   54   57   60   64
   70   76   83   90   98  106  111  114  117  119  120  120  121  121  122  123
  123  122  119  115  111  104   98   90   83   76   70   64   59   56   52   50
   48   47   46   45   43   41   39   37   35
    60.0-180.0 180.0   5.0 450.0                            LAT/LON1/LON2/DLON/H
   35   34   33   33   33   34   34   34   34   34   35   35   34   34   34   35
   35   36   36   37   36   37   37   37   39   41   44   48   52   56   60   65
   71   78   85   93  101  109  114  118  121  122  123  124  123  124  124  124
  123  121  118  114  108  102   95   88   81   74   68   62   57   52   48   46
   43   42   41   41   40   38   38   36   35
    57.5-180.0 180.0   5.0 450.0                            LAT/LON1/LON2/DLON/H
   37   36   36   36   36   35   36   34   33   32   33   33   33   33   34   35
   35   35   34   33   32   31   30   31   32   36   41   46   52   57   62   68
   75   81   89   97  105  112  118  122  125  126  128  128  127  126  125  124
  123  120  116  112  106  100   94   88   82   76   70   64   58   52   48   44
   41   39   39   38   37   37   36   37   37
    55.0-180.0 180.0   5.0 450.0                            LAT/LON1/LON2/DLON/H
   41   42   43   42   42   40   40   36   34   32   32   31   32   33   33   33
   33   33   31   29   27   25   24   24   27   32   39   46   54   61   67   74
   81   87   95  103  109  116  122  126  129  131  133  133  131  129  127  125
  123  119  116  112  107  101   96   92   87   82   77   70   64   58   53   48
   44   42   40   39   38   38   38   39   41
    52.5-180.0 180.0   5.0 450.0                            LAT/LON1/LON2/DLON/H
   48   49   50   50   50   49   47   43   39   36   35   33   33   32   32   32
   31   30   28   25   23   22   21   22   26   32   40   49   59   67   74   81
   87   95  102  109  116  122  128  131  135  137  139  139  136  133  130  128
  125  122  119  116  112  108  103   99   95   92   87   81   75   69   62   57
   53   50   48   45   44   43   43   45   48
    50.0-180.0 180.0   5.0 450.0                            LAT/LON1/LON2/DLON/H
   55   57   59   59   59   58   56   53   48   45   41   38   36   34   32   32
   32   30   28   25   23   22   22   24   29   37   45   55   65   75   82   89
   95  102  110  116  123  129  134  138  141  144  146  145  143  139  135  132
  130  128  127  125  122  118  114  109  105  103   98   94   88   81   73   68
   65   62   59   56   54   51   51   53   55
    47.5-180.0 180.0   5.0 450.0                            LAT/LON1/LON2/DLON/H
   63   65   66   67   67   66   64   62   59   54   50   46   41   39   37   36
   35   34   31   30   28   27   27   30   36   44   53   64   74   83   90   96
  103  110  118  125  131  137  142  146  149  152  154  153  150  146  142  140
  138  137  136  135  133  129  124  120  115  112  107  102   97   89   83   78
   76   74   72   69   65   63   61   62   63
    45.0-180.0 180.0   5.0 450.0                            LAT/LON1/LON2/DLON/H
   71   72   73   73   73   73   72   69   67   64   59   55   50   47   44   43
   41   40   38   37   37   36   37   40   45   54   63   73   83   90   97  102
  109  117  125  133  140  146  150  154  158  161  163  161  158  154  150  149
  147  147  147  146  143  139  134  127  121  116  110  104   98   92   87   84
   83   82   81   79   76   73   70   70   71
    42.5-180.0 180.0   5.0 450.0                            LAT/LON1/LON2/DLON/H
   76   76   76   76   77   77   77   75   73   71   68   63   58   55   53   51
   50   50   49   48   48   47   47   50   54   62   71   81   90   97  102  107
  114  122  132  140  148  154  159  163  167  171  172  170  167  163  159  158
  158  158  157  156  152  147  140  131  122  114  106   98   92   87   84   84
   84   85   85   84   81   79   77   76   76
    40.0-180.0 180.0   5.0 450.0                            LAT/LON1/LON2/DLON/H
   78   78   77   76   77   78   79   79   79   78   75   71   66   63   61   60
   60   60   60   60   59   58   57   58   62   69   78   87   95  103  107  112
  118  128  139  149  157  163  168  173  178  182  182  180  176  172  169  169
  169  169  167  164  159  152  143  132  121  110  100   91   83   79   77   78
   80   81   83   82   81   79   78   77   78
    37.5-180.0 180.0   5.0 450.0                            LAT/LON1/LON2/DLON/H
   76   76   75   74   74   75   78   81   84   84   81   77   74   71   69   68
   70   71   71   71   68   66   64   63   67   73   83   92  101  108  113  117
  123  134  146  158  167  174  179  184  190  192  192  190  185  181  180  180
  180  178  175  171  165  157  147  135  121  110   98   88   79   75   73   74
   75   76   76   76   76   75   75   76   76
    35.0-180.0 180.0   5.0 450.0                            LAT/LON1/LON2/DLON/H
   72   72   71   70   70   70   74   79   83   86   86   83   80   77   76   77
   78   79   79   78   75   70   67   65   68   75   85   96  106  113  119  123
  130  141  155  169  181  189  194  199  203  204  203  199  194  191  190  191
  191  188  183  178  172  165  156  145  132  120  108   96   87   81   78   76
   75   73   72   70   69   70   71   72   72
    32.5-180.0 180.0   5.0 450.0                            LAT/LON1/LON2/DLON/H
   69   69   67   65   64   65   68   74   79   83   85   85   83   83   83   83
   84   85   84   81   77   71   67   63   67   76   88  100  111  119  125  130
  138  151  167  184  197  208  214  218  219  219  217  212  207  202  202  203
  203  200  195  190  185  180  176  168  159  147  135  122  110  101   96   90
   84   77   71   67   65   65   66   68   69
    30.0-180.0 180.0   5.0 450.0                            LAT/LON1/LON2/DLON/H
   67   66   65   63   61   61   64   69   74   78   82   82   83   83   85   87
   88   87   85   81   77   69   64   60   65   76   89  103  116  126  133  138
  148  164  184  204  221  234  238  241  239  236  234  228  223  217  216  218
  218  216  210  208  208  210  209  205  201  191  179  164  151  139  128  118
  106   93   81   73   68   66   66   67   67
    27.5-180.0 180.0   5.0 450.0                            LAT/LON1/LON2/DLON/H
   70   68   66   62   60   59   60   63   67   72   75   77   79   81   84   85
   86   86   83   78   74   66   61   59   65   76   90  104  121  133  141  149
  161  179  202  227  248  261  267  268  265  262  261  253  244  237  236  237
  238  236  234  236  241  249  253  256  257  248  237  220  202  189  173  159
  140  121  103   89   80   75   73   71   70
    25.0-180.0 180.0   5.0 450.0                            LAT/LON1/LON2/DLON/H
   77   75   71   67   64   61   60   61   63   67   69   72   75   77   79   81
   82   81   78   73   70   64   60   60   67   77   91  106  123  140  150  160
  175  196  223  253  277  291  296  299  294  289  291  277  263  258  257  259
  263  265  266  273  283  297  305  315  319  315  302  283  261  246  224  204
  181  158  135  116  102   93   86   82   77
    22.5-180.0 180.0   5.0 450.0                            LAT/LON1/LON2/DLON/H
   90   85   80   75   71   67   64   62   62   63   66   68   70   72   73   75
   75   74   72   68   65   62   61   63   70   81   94  109  127  144  158  170
  189  214  244  276  303  319  325  325  316  312  309  293  281  280  281  286
  293  300  305  316  333  350  358  374  382  378  363  344  318  299  274  247
  224  198  172  150  133  119  106   98   90
    20.0-180.0 180.0   5.0 450.0                            LAT/LON1/LON2/DLON/H
  108   99   92   87   81   75   70   66   63   63   65   66   67   68   68   68
   68   67   66   64   62   61   62   66   74   85   98  113  129  147  162  180
  201  230  262  295  321  339  343  337  325  322  322  310  303  303  309  317
  327  338  346  363  383  397  406  417  422  418  403  381  355  331  307  281
  256  230  209  185  167  150  132  120  108
    17.5-180.0 180.0   5.0 450.0                            LAT/LON1/LON2/DLON/H
  129  117  108  101   94   85   78   71   67   66   65   65   64   64   63   62
   61   60   60   60   61   61   63   69   77   90  102  116  131  148  166  187
  211  242  276  306  324  337  338  334  329  328  332  330  328  330  337  348
  359  374  386  403  422  432  438  438  434  426  413  389  362  335  314  293
  271  250  233  212  196  181  161  144  129
    15.0-180.0 180.0   5.0 450.0                            LAT/LON1/LON2/DLON/H
  150  135  124  117  108   97   89   79   72   69   68   66   63   61   59   57
   56   55   55   57   59   61   64   69   78   92  105  118  132  149  169  193
  220  253  284  307  322  328  326  327  328  330  340  346  350  355  366  378
  390  405  419  432  447  452  449  441  431  418  403  378  346  317  295  275
  265  255  241  224  215  204  187  168  150
    12.5-180.0 180.0   5.0 450.0                            LAT/LON1/LON2/DLON/H
  169  153  141  132  121  109   99   87   79   75   72   68   64   60   57   54
   52   52   52   54   56   59   62   69   79   94  107  121  135  152  175  200
  230  261  288  307  318  323  325  326  328  338  352  363  370  377  389  401
  413  427  439  449  457  457  447  433  419  402  383  357  322  287  262  243
  239  240  234  224  220  215  203  188  169
    10.0-180.0 180.0   5.0 450.0                            LAT/LON1/LON2/DLON/H
  183  168  157  145  132  119  109   96   87   81   77   72   66   60   56   53
   51   51   51   52   54   56   60   67   79   94  111  125  140  158  182  210
  239  268  291  307  318  325  330  335  343  356  372  382  388  395  404  414
  425  436  445  453  457  453  439  419  402  386  365  337  300  263  233  213
  210  212  213  209  214  217  211  200  183
     7.5-180.0 180.0   5.0 450.0                            LAT/LON1/LON2/DLON/H
  195  182  169  156  142  128  118  105   96   89   82   75   67   61   57   55
   53   52   52   53   53   54   58   66   80   98  116  133  150  168  191  219
  249  276  295  309  320  330  341  352  365  379  393  399  401  406  412  418
  427  435  440  444  446  442  427  406  390  377  358  330  292  254  220  200
  193  190  189  190  200  209  212  206  195
     5.0-180.0 180.0   5.0 450.0                            LAT/LON1/LON2/DLON/H
  201  193  180  166  152  137  127  112  103   95   87   79   70   63   59   57
   56   55   54   54   53   54   57   66   82  102  122  141  158  177  199  226
  256  282  300  313  326  341  357  371  387  401  410  411  410  411  413  416
  421  423  426  429  431  428  415  400  386  378  364  340  302  261  225  203
  192  183  177  178  187  199  207  208  201
     2.5-180.0 180.0   5.0 450.0                            LAT/LON1/LON2/DLON/H
  204  199  188  174  161  146  137  120  110  100   91   81   72   65   60   59
   58   58   57   56   54   54   57   68   86  107  129  149  166  184  204  231
  258  284  303  318  334  352  372  392  409  422  425  421  414  409  407  407
  406  406  408  409  415  416  410  401  393  388  379  358  324  283  246  218
  201  187  177  174  180  191  201  206  204
