data/IONEX/CVBB2880.21i
     1.0            IONOSPHERE MAPS     MIX                 IONEX VERSION / TYPE
cmpcmb v1.2          GRL/UWM            28-oct-21 01:54     PGM / RUN BY / DATE 
ionex file containing IGS COMBINED Ionosphere maps          COMMENT             
global ionosphere maps for day 288, 2021                    DESCRIPTION         
IONEX file containing the COMBINED IGS TEC MAPS and DCBs    DESCRIPTION         
      IONEX files of the following IAACs were combined: cod DESCRIPTION         
                                                        esa DESCRIPTION         
                                                        jpl DESCRIPTION         
                                                        upc DESCRIPTION         
Contact address: Andrzej Krankowski                         DESCRIPTION
                 Geodynamics Research Laboratory            DESCRIPTION
                 University of Warmia and Mazury (GRL/UWM)  DESCRIPTION
                 Oczapowski St. 1                           DESCRIPTION
                 10-957-Olsztyn, POLAND                     DESCRIPTION
                 e-mail:  kand@uwm.edu.pl                   DESCRIPTION
                                                            DESCRIPTION         
  2021    10    15     0     0     0                        EPOCH OF FIRST MAP  
  2021    10    16     0     0     0                        EPOCH OF LAST MAP   
  7200                                                      INTERVAL            
    13                                                      # OF MAPS IN FILE   
  COSZ                                                      MAPPING FUNCTION    
     0.0                                                    ELEVATION CUTOFF    
combined TEC calculated as weighted mean of input TEC valuesOBSERVABLES USED    
   354                                                      # OF STATIONS       
    32                                                      # OF SATELLITES     
  6371.0                                                    BASE RADIUS         
     2                                                      MAP DIMENSION       
   450.0 450.0   0.0                                        HGT1 / HGT2 / DHGT  
    87.5 -87.5  -2.5                                        LAT1 / LAT2 / DLAT  
  -180.0 180.0   5.0                                        LON1 / LON2 / DLON  
    -1                                                      EXPONENT            
TEC values in 0.1 tec units;  9999, if no value available   COMMENT             
DCB values in nanoseconds, reference is Sum_of_SatDCBs = 0  COMMENT             
                                                            END OF HEADER       
[from data line 4290]
    11                                                      START OF TEC MAP    
  2021    10    15    20     0     0                        EPOCH OF CURRENT MAP
    87.5-180.0 180.0   5.0 450.0                            LAT/LON1/LON2/DLON/H
   49   50   50   51   51   52   53   53   54   54   55   56   56   57   57   58
   57   57   57   58   58   58   58   57   57   57   57   57   56   56   56   55
   55   55   54   54   54   53   53   53   52   52   52   51   51   50   49   48
   48   47   47   45   45   44   44   44   43   43   43   43   43   44   44   44
   44   45   45   45   46   46   47   48   49
    85.0-180.0 180.0   5.0 450.0                            LAT/LON1/LON2/DLON/H
   48   50   51   52   53   55   56   58   59   60   61   63   64   65   66   67
   67   68   68   67   67   67   66   66   66   64   63   61   61   60   60   60
   59   58   58   57   57   57   56   55   55   54   54   53   53   52   51   50
   49   48   46   44   44   42   41   40   39   39   38   38   39   39   39   40
   41   42   42   43   44   45   46   47   48
    82.5-180.0 180.0   5.0 450.0                            LAT/LON1/LON2/DLON/H
   48   50   51   54   56   58   60   62   64   66   69   71   73   75   77   78
   79   79   79   79   78   76   76   75   72   71   69   68   67   66   65   65
   64   63   62   62   62   61   61   59   60   58   58   56   55   54   53   51
   50   48   46   44   42   41   39   38   37   36   36   35   35   36   36   37
   37   38   40   40   42   43   45   46   48
    80.0-180.0 180.0   5.0 450.0                            LAT/LON1/LON2/DLON/H
   49   51   53   55   57   60   62   65   68   72   75   79   83   87   89   91
   92   92   92   90   87   86   84   81   80   78   75   73   70   68   66   64
   63   62   62   61   61   61   62   62   62   62   61   60   58   56   53   52
   51   48   46   44   42   40   38   37   36   35   34   34   34   34   34   35
   35   36   37   39   41   43   45   47   49
    77.5-180.0 180.0   5.0 450.0                            LAT/LON1/LON2/DLON/H
   50   53   55   58   60   63   66   70   76   81   85   90   94   98  100  103
  104  103  104  103  101  103  100   99   93   88   83   79   74   70   66   63
   62   61   60   59   59   59   59   60   60   60   60   59   57   56   53   51
   49   47   45   43   41   39   37   36   34   34   33   33   32   33   32   33
   34   35   36   38   40   42   45   48   50
    75.0-180.0 180.0   5.0 450.0                            LAT/LON1/LON2/DLON/H
   53   56   59   61   64   66   70   74   80   85   90   96  101  106  110  112
  114  116  115  113  111  107  105  101   95   89   84   77   71   68   64   61
   58   56   55   54   54   54   55   56   57   56   55   54   53   51   50   47
   45   44   42   41   39   36   35   34   33   32   32   31   31   31   31   31
   32   33   35   37   40   43   47   50   53
    72.5-180.0 180.0   5.0 450.0                            LAT/LON1/LON2/DLON/H
   57   60   62   65   67   69   72   77   82   87   93  100  107  113  117  121
  124  125  122  121  119  109  108  101   95   89   82   78   70   63   60   57
   54   51   49   49   48   47   48   49   50   49   48   46   45   44   42   41
   40   39   37   36   35   33   32   31   30   30   29   29   29   29   29   29
   30   31   33   36   40   44   48   53   57
    70.0-180.0 180.0   5.0 450.0                            LAT/LON1/LON2/DLON/H
   59   63   66   69   70   72   74   78   83   88   96  104  111  117  123  128
  130  131  129  125  121  113  109  103   95   87   82   75   69   63   57   53
   50   46   44   43   41   41   42   42   42   41   39   38   36   34   33   32
   31   32   31   30   30   29   29   28   27   26   25   25   25   26   26   27
   27   29   31   35   39   44   50   55   59
    67.5-180.0 180.0   5.0 450.0                            LAT/LON1/LON2/DLON/H
   62   67   70   73   75   76   78   80   84   90   97  105  112  120  126  130
  133  133  131  127  121  115  110  103   95   87   82   76   70   64   59   52
   48   44   40   38   36   36   35   35   35   34   32   31   29   27   26   25
   25   25   25   25   26   26   26   25   24   23   22   22   22   22   23   23
   25   26   29   33   38   44   51   57   62
    65.0-180.0 180.0   5.0 450.0                            LAT/LON1/LON2/DLON/H
   64   70   74   77   79   80   81   83   86   91   98  105  112  120  126  132
  134  133  132  128  122  117  111  105   97   91   84   79   73   67   61   55
   49   44   39   36   34   32   31   30   30   28   27   26   24   23   21   21
   21   23   23   24   25   25   24   23   22   21   20   19   19   19   20   21
   22   24   27   32   37   43   50   57   64
    62.5-180.0 180.0   5.0 450.0                            LAT/LON1/LON2/DLON/H
   65   71   77   81   83   84   85   86   88   92   97  104  112  120  126  131
  134  134  133  129  124  120  113  108  101   95   89   83   77   71   65   59
   52   46   40   36   33   31   29   28   27   26   25   24   24   22   22   22
   22   23   24   24   25   24   24   23   21   19   18   18   18   18   19   20
   22   23   26   30   36   42   50   58   65
    60.0-180.0 180.0   5.0 450.0                            LAT/LON1/LON2/DLON/H
   65   72   79   84   86   87   89   89   92   94   99  105  113  120  127  132
  134  135  133  130  126  122  116  111  105  100   94   88   83   77   70   63
   56   49   43   38   35   33   30   29   28   28   28   28   27   27   26   26
   26   27   27   26   26   25   24   23   21   20   18   18   18   19   20   20
   22   24   27   30   35   41   49   58   65
    57.5-180.0 180.0   5.0 450.0                            LAT/LON1/LON2/DLON/H
   65   74   80   86   89   91   92   93   95   97  102  108  115  122  129  133
  135  136  135  133  129  125  120  115  110  104   99   94   89   83   75   68
   61   54   48   42   39   36   35   34   33   33   34   34   34   34   34   33
   33   32   31   30   28   28   26   25   23   22   22   21   21   22   23   23
   25   29   30   32   36   41   49   57   65
    55.0-180.0 180.0   5.0 450.0                            LAT/LON1/LON2/DLON/H
   67   74   82   87   92   95   96   98  100  102  106  111  117  123  129  134
  136  137  137  135  132  128  124  119  115  110  105  100   95   89   82   74
   67   60   55   49   45   43   41   40   39   40   41   43   43   44   42   42
   42   40   37   36   33   32   30   29   29   28   27   28   28   29   29   29
   30   33   34   34   38   43   50   59   67
    52.5-180.0 180.0   5.0 450.0                            LAT/LON1/LON2/DLON/H
   69   77   84   90   96  100  103  105  106  108  111  115  120  125  131  134
  137  139  139  137  135  132  128  124  120  115  110  106  101   96   88   80
   73   67   62   57   53   51   49   48   47   48   50   51   52   53   52   51
   50   47   45   42   40   38   36   36   36   36   36   36   37   37   37   37
   36   37   37   38   41   46   53   61   69
    50.0-180.0 180.0   5.0 450.0                            LAT/LON1/LON2/DLON/H
   73   80   87   94  101  106  110  113  115  117  119  121  124  128  132  135
  138  140  140  139  137  135  133  130  126  122  117  113  107  101   94   86
   78   72   68   64   61   58   56   55   55   55   57   59   60   61   61   60
   59   55   52   49   47   45   44   44   44   45   46   47   47   47   46   45
   42   41   40   41   45   50   58   66   73
    47.5-180.0 180.0   5.0 450.0                            LAT/LON1/LON2/DLON/H
   79   85   92  100  108  114  119  123  125  127  129  129  130  131  134  137
  139  140  140  140  139  138  138  137  134  131  126  122  114  107   99   90
   81   76   72   69   68   65   63   61   61   61   63   64   66   67   68   67
   66   63   60   58   55   53   53   53   54   55   57   57   57   55   53   51
   47   45   44   45   50   56   64   72   79
    45.0-180.0 180.0   5.0 450.0                            LAT/LON1/LON2/DLON/H
   85   92   99  106  115  123  128  133  136  138  139  138  137  137  138  141
  142  142  143  142  142  143  145  145  144  141  136  130  121  112  102   91
   82   77   75   74   73   71   69   67   66   66   67   68   70   72   72   73
   72   71   69   67   65   63   63   63   64   65   65   65   64   61   58   55
   51   49   47   50   54   62   70   78   85
    42.5-180.0 180.0   5.0 450.0                            LAT/LON1/LON2/DLON/H
   93  100  106  115  123  131  138  142  145  146  148  147  145  144  144  146
  147  147  146  147  147  150  153  155  155  152  147  139  129  117  104   92
   82   78   77   77   77   75   73   71   70   70   70   71   74   75   77   78
   79   79   78   77   75   74   72   72   72   71   70   69   67   64   60   57
   53   51   51   53   60   68   77   86   93
    40.0-180.0 180.0   5.0 450.0                            LAT/LON1/LON2/DLON/H
  101  108  115  122  131  139  145  149  152  153  154  154  153  151  150  152
  154  154  153  154  155  159  162  165  167  164  158  148  137  123  108   94
   84   79   79   80   81   80   77   75   74   73   73   75   77   79   81   84
   85   86   85   85   83   81   79   78   76   74   72   70   67   64   60   57
   54   52   53   58   65   74   84   93  101
    37.5-180.0 180.0   5.0 450.0                            LAT/LON1/LON2/DLON/H
  108  115  122  130  137  145  150  153  156  159  160  160  159  158  158  159
  162  163  163  164  166  170  173  177  178  176  168  158  144  129  115  100
   88   84   84   86   86   84   81   79   77   76   77   78   80   82   85   88
   89   91   90   90   88   85   82   80   77   74   71   68   66   62   59   56
   53   52   55   61   70   80   91  100  108
    35.0-180.0 180.0   5.0 450.0                            LAT/LON1/LON2/DLON/H
  114  121  128  136  143  149  152  155  159  162  164  165  165  165  165  168
  170  172  174  176  179  183  187  189  189  185  178  168  154  140  126  111
  100   94   94   94   93   90   86   83   81   80   80   80   82   85   88   90
   91   92   92   90   89   85   82   79   75   72   69   67   63   61   58   55
   53   53   57   64   75   86   96  105  114
    32.5-180.0 180.0   5.0 450.0                            LAT/LON1/LON2/DLON/H
  119  127  134  141  147  151  154  157  161  164  168  170  172  172  174  177
  179  182  185  188  193  197  201  201  200  193  185  177  167  154  142  129
  119  113  110  107  103   98   92   88   84   83   83   83   84   87   88   90
   90   90   89   87   85   82   79   76   73   69   67   65   63   60   57   54
   53   55   60   69   80   90  100  110  119
    30.0-180.0 180.0   5.0 450.0                            LAT/LON1/LON2/DLON/H
  125  134  142  147  151  154  157  160  165  169  173  176  178  180  181  184
  187  191  195  202  207  211  216  214  209  202  194  188  183  173  164  154
  145  138  132  127  119  108   98   92   88   86   86   85   86   86   87   88
   87   85   84   82   79   77   74   72   69   67   65   64   63   61   57   55
   54   57   65   74   85   95  104  114  125
    27.5-180.0 180.0   5.0 450.0                            LAT/LON1/LON2/DLON/H
  132  142  150  156  159  162  165  169  174  179  183  184  186  187  188  190
  194  198  204  212  219  222  227  225  220  213  205  204  204  199  194  188
  178  171  162  155  140  120  108   98   92   90   88   87   86   86   85   84
   82   79   77   75   72   71   69   67   66   65   64   64   64   62   59   57
   57   61   69   81   92  101  109  119  132
    25.0-180.0 180.0   5.0 450.0                            LAT/LON1/LON2/DLON/H
  140  153  162  168  171  174  179  185  192  196  197  196  196  196  195  197
  199  204  210  220  228  232  236  234  230  225  221  224  230  234  234  227
  217  209  198  190  167  143  120  107  100   96   92   90   87   85   84   83
   80   74   71   69   66   65   64   63   63   63   64   65   65   63   61   59
   60   64   74   87   99  108  116  126  140
    22.5-180.0 180.0   5.0 450.0                            LAT/LON1/LON2/DLON/H
  151  166  178  185  190  195  202  211  217  220  218  214  211  208  206  206
  207  211  217  226  234  239  243  243  240  240  243  253  264  275  278  270
  261  245  239  220  191  160  133  117  108  103   99   95   89   86   85   82
   79   71   67   65   63   63   63   62   63   64   65   66   65   63   61   60
   60   67   79   94  107  117  127  138  151
    20.0-180.0 180.0   5.0 450.0                            LAT/LON1/LON2/DLON/H
  165  179  196  206  214  224  233  245  251  251  248  240  234  229  224  221
  219  222  225  233  238  243  248  251  254  261  272  289  306  320  326  315
  304  275  259  232  198  167  140  126  119  113  108  102   94   90   89   85
   81   71   67   65   64   65   65   65   66   66   66   66   64   61   59   58
   60   68   83  101  117  128  139  150  165
    17.5-180.0 180.0   5.0 450.0                            LAT/LON1/LON2/DLON/H
  177  194  212  227  241  255  271  286  289  288  283  274  266  259  252  245
  240  238  238  241  244  247  252  260  272  289  306  327  347  360  367  350
  328  290  255  222  189  160  136  127  128  127  123  114  106   99   95   89
   86   75   72   70   70   70   71   71   71   69   67   65   63   59   56   56
   59   69   86  107  125  138  149  161  177
    15.0-180.0 180.0   5.0 450.0                            LAT/LON1/LON2/DLON/H
  189  209  228  247  266  286  311  325  329  325  319  311  305  297  289  279
  270  263  258  257  254  255  260  271  291  314  338  364  380  387  385  361
  325  271  233  205  173  148  134  135  144  147  143  133  123  113  106   97
   93   84   80   78   78   78   79   78   76   72   68   64   61   57   54   54
   57   69   89  111  132  147  159  172  189
    12.5-180.0 180.0   5.0 450.0                            LAT/LON1/LON2/DLON/H
  200  221  243  265  289  314  340  358  366  361  353  350  346  341  334  322
  310  299  287  280  273  270  272  284  308  333  360  388  400  395  377  346
  299  247  214  189  163  146  143  153  165  168  164  155  142  131  121  111
  105   94   90   88   87   86   86   84   79   74   68   62   58   54   52   52
   56   71   91  114  138  155  169  182  200
    10.0-180.0 180.0   5.0 450.0                            LAT/LON1/LON2/DLON/H
  210  231  254  278  305  332  360  382  389  385  380  381  384  385  381  370
  357  344  327  314  299  292  292  302  323  349  376  400  409  391  363  322
  276  236  205  184  166  160  168  180  191  193  189  179  163  151  138  124
  116  104   99   95   93   92   90   86   80   73   67   62   57   54   52   52
   57   72   92  118  142  162  176  193  210
     7.5-180.0 180.0   5.0 450.0                            LAT/LON1/LON2/DLON/H
  218  238  262  286  312  339  366  387  395  395  394  400  411  420  423  415
  404  393  377  356  335  322  319  327  343  369  390  405  404  385  353  311
  270  235  209  193  185  188  201  213  220  222  213  201  186  170  154  138
  127  112  104   99   96   93   88   84   78   72   65   61   58   56   54   54
   60   73   94  119  144  165  183  199  218
     5.0-180.0 180.0   5.0 450.0                            LAT/LON1/LON2/DLON/H
  223  245  269  290  315  339  362  378  386  388  393  406  424  444  451  450
  443  433  419  395  374  359  352  355  368  387  402  408  400  380  349  312
  275  245  229  218  217  228  241  249  251  249  234  219  205  186  169  151
  137  116  106  100   95   91   85   81   76   70   64   61   59   59   58   59
   64   77   96  119  144  165  185  204  223
     2.5-180.0 180.0   5.0 450.0                            LAT/LON1/LON2/DLON/H
  225  249  271  293  315  338  357  367  372  376  382  398  422  447  461  467
  465  459  446  427  408  393  385  384  391  403  411  410  400  380  353  323
  292  270  260  256  259  267  277  280  275  264  246  234  218  198  181  159
  142  116  105   96   91   86   81   76   73   68   64   61   61   62   62   64
   69   82   99  120  143  164  183  204  225
