data/IONEX/CVBB2800.21i
     1.0            IONOSPHERE MAPS     MIX                 IONEX VERSION / TYPE
cmpcmb v1.2          GRL/UWM            27-oct-21 23:34     PGM / RUN BY / DATE 
ionex file containing IGS COMBINED Ionosphere maps          COMMENT             
global ionosphere maps for day 280, 2021                    DESCRIPTION         
IONEX file containing the COMBINED IGS TEC MAPS and DCBs    DESCRIPTION         
      IONEX files of the following IAACs were combined: cod DESCRIPTION         
                                                        esa DESCRIPTION         
                                                        jpl DESCRIPTION         
                                                        upc DESCRIPTION         
Contact address: Andrzej Krankowski                         DESCRIPTION
                 Geodynamics Research Laboratory            DESCRIPTION
                 University of Warmia and Mazury (GRL/UWM)  DESCRIPTION
                 Oczapowski St. 1                           DESCRIPTION
                 10-957-Olsztyn, POLAND                     DESCRIPTION
                 e-mail:  kand@uwm.edu.pl                   DESCRIPTION
                                                            DESCRIPTION         
  2021    10     7     0     0     0                        EPOCH OF FIRST MAP  
  2021    10     8     0     0     0                        EPOCH OF LAST MAP   
  7200                                                      INTERVAL            
    13                                                      # OF MAPS IN FILE   
  COSZ                                                      MAPPING FUNCTION    
     0.0                                                    ELEVATION CUTOFF    
combined TEC calculated as weighted mean of input TEC valuesOBSERVABLES USED    
   364                                                      # OF STATIONS       
    32                                                      # OF SATELLITES     
  6371.0                                                    BASE RADIUS         
     2                                                      MAP DIMENSION       
   450.0 450.0   0.0                                        HGT1 / HGT2 / DHGT  
    87.5 -87.5  -2.5                                        LAT1 / LAT2 / DLAT  
  -180.0 180.0   5.0                                        LON1 / LON2 / DLON  
    -1                                                      EXPONENT            
TEC values in 0.1 tec units;  9999, if no value available   COMMENT             
DCB values in nanoseconds, reference is Sum_of_SatDCBs = 0  COMMENT             
                                                            END OF HEADER       
[from data line 5148]
    13                                                      START OF TEC MAP    
  2021    10     8     0     0     0                        EPOCH OF CURRENT MAP
    87.5-180.0 180.0   5.0 450.0                            LAT/LON1/LON2/DLON/H
   73   74   75   76   76   77   77   78   78   79   78   78   79   78   78   78
   77   76   76   75   75   74   74   74   73   72   71   70   69   68   67   66
   65   64   63   62   61   61   60   60   60   60   60   60   60   60   61   61
   61   61   62   63   63   64   65   65   66   66   67   67   67   68   68   68
   69   69   70   70   71   71   72   73   73
    85.0-180.0 180.0   5.0 450.0                            LAT/LON1/LON2/DLON/H
   79   80   81   83   85   86   87   88   89   89   90   90   90   90   89   88
   87   86   85   82   80   78   76   74   72   69   66   64   61   60   58   56
   55   53   52   51   51   49   49   48   48   48   49   49   49   50   50   51
   53   54   55   56   56   58   59   60   61   62   63   64   65   65   66   67
   68   69   70   71   73   74   76   77   79
    82.5-180.0 180.0   5.0 450.0                            LAT/LON1/LON2/DLON/H
   82   84   86   88   91   93   95   97   99  100  101  101  100  100   98   96
   94   91   89   86   84   80   76   71   66   64   62   59   58   55   54   51
   49   48   47   45   44   43   42   41   40   40   40   40   41   41   42   45
   46   47   49   51   52   53   55   57   59   60   61   62   63   65   66   67
   68   70   71   72   74   76   78   80   82
    80.0-180.0 180.0   5.0 450.0                            LAT/LON1/LON2/DLON/H
   83   86   89   92   96   98  102  104  106  109  110  109  108  106  102  100
   95   90   87   83   79   77   73   65   62   60   57   54   52   49   47   45
   42   41   39   38   37   35   34   33   32   32   33   34   34   36   37   39
   41   42   44   47   48   51   53   55   56   58   60   61   63   65   66   68
   69   71   72   74   75   77   79   81   83
    77.5-180.0 180.0   5.0 450.0                            LAT/LON1/LON2/DLON/H
   85   87   89   92   95   99  102  105  106  107  107  106  106  104  101   96
   92   88   84   79   74   69   63   59   53   50   48   47   45   43   41   41
   39   37   37   34   34   31   29   28   29   28   29   30   31   32   34   36
   38   40   42   45   47   49   51   53   55   57   59   61   63   65   68   70
   72   74   75   76   78   79   81   83   85
    75.0-180.0 180.0   5.0 450.0                            LAT/LON1/LON2/DLON/H
   87   88   89   91   93   95   98  101  104  106  108  107  106  103   99   96
   91   83   78   72   66   60   56   52   49   47   44   42   43   43   42   39
   36   35   34   32   32   30   29   28   27   28   28   29   31   32   34   36
   38   39   41   42   45   46   48   51   53   55   58   61   64   67   70   72
   75   77   79   81   82   83   84   85   87
    72.5-180.0 180.0   5.0 450.0                            LAT/LON1/LON2/DLON/H
   90   90   90   90   91   93   97  101  105  108  108  108  107  103   98   92
   84   77   70   64   58   53   48   45   43   42   41   40   39   40   40   38
   37   35   34   32   31   29   28   28   28   28   28   29   31   33   35   36
   38   39   39   41   42   44   45   47   50   53   56   60   65   68   72   76
   79   82   84   86   87   89   90   90   90
    70.0-180.0 180.0   5.0 450.0                            LAT/LON1/LON2/DLON/H
   95   95   94   93   92   94   97  101  105  108  110  111  108  103   98   90
   80   71   64   57   52   47   43   41   39   38   38   38   37   38   38   37
   35   35   34   33   33   30   29   28   28   29   29   30   32   34   35   36
   36   37   38   38   39   40   42   44   47   51   56   61   65   70   75   79
   83   86   89   91   93   95   96   96   95
    67.5-180.0 180.0   5.0 450.0                            LAT/LON1/LON2/DLON/H
  103  102   99   97   95   96   98  101  105  108  111  112  110  106   99   92
   81   72   62   55   50   45   42   40   39   38   38   37   37   38   36   35
   35   34   34   32   32   30   28   28   27   28   28   29   30   32   34   35
   35   35   35   35   36   37   39   42   45   50   55   62   67   72   77   82
   86   89   92   96   98  101  102  104  103
    65.0-180.0 180.0   5.0 450.0                            LAT/LON1/LON2/DLON/H
  112  110  107  103  101  100  101  102  105  108  111  112  112  109  103   97
   87   80   70   62   55   50   48   44   44   41   41   39   37   36   34   33
   32   31   31   30   30   27   26   25   25   25   25   25   26   29   31   32
   32   32   32   33   33   34   37   40   44   50   56   64   70   76   80   85
   89   92   96  100  103  107  109  112  112
    62.5-180.0 180.0   5.0 450.0                            LAT/LON1/LON2/DLON/H
  120  119  116  112  109  106  105  105  107  110  112  113  113  111  108  102
   96   90   83   76   68   64   61   55   52   47   44   43   39   36   33   32
   29   28   28   27   26   24   23   22   21   22   23   24   24   26   28   29
   30   30   30   31   32   33   36   40   45   52   59   67   73   79   83   87
   90   95   98  102  107  111  115  118  120
    60.0-180.0 180.0   5.0 450.0                            LAT/LON1/LON2/DLON/H
  129  128  126  121  117  114  110  109  109  111  113  114  114  113  111  107
  103   99   94   90   84   79   75   69   64   57   51   47   42   38   34   31
   29   26   25   24   24   23   23   22   23   23   27   29   28   28   29   29
   29   30   29   30   31   33   36   41   47   56   63   71   77   83   86   89
   93   96  101  105  110  116  121  125  129
    57.5-180.0 180.0   5.0 450.0                            LAT/LON1/LON2/DLON/H
  137  137  136  132  127  121  116  113  112  113  114  114  114  114  113  111
  109  106  102   98   94   89   84   78   72   64   57   52   46   41   36   33
   29   27   26   25   26   26   26   27   27   29   33   35   33   32   31   31
   31   31   31   32   33   35   39   45   51   61   68   76   82   86   90   92
   96   99  104  108  114  120  126  132  137
    55.0-180.0 180.0   5.0 450.0                            LAT/LON1/LON2/DLON/H
  145  147  146  144  138  130  124  119  116  115  115  115  115  115  115  114
  113  111  108  104   99   94   89   83   76   69   63   58   51   45   40   36
   32   31   30   30   31   33   34   35   35   36   38   39   38   37   36   35
   35   35   35   35   36   38   43   49   58   67   74   81   85   90   93   95
   99  104  109  115  120  126  134  139  145
    52.5-180.0 180.0   5.0 450.0                            LAT/LON1/LON2/DLON/H
  154  157  157  154  149  141  133  127  123  120  118  116  116  115  115  115
  115  113  111  106  100   94   89   84   78   72   67   63   57   49   44   40
   38   36   37   38   40   42   44   44   44   45   45   46   44   43   42   42
   42   42   41   41   42   44   49   55   63   72   78   84   89   93   96  100
  104  111  118  124  130  135  142  148  154
    50.0-180.0 180.0   5.0 450.0                            LAT/LON1/LON2/DLON/H
  163  166  166  164  159  151  143  136  132  127  124  121  118  117  117  117
  116  114  110  105   99   93   88   85   79   76   72   67   61   55   49   46
   44   45   46   48   50   53   54   55   54   54   54   53   52   51   50   50
   50   49   48   48   48   52   56   62   69   76   82   88   92   95  100  106
  112  121  129  135  142  148  154  158  163
    47.5-180.0 180.0   5.0 450.0                            LAT/LON1/LON2/DLON/H
  173  174  173  171  167  161  154  147  141  137  132  128  124  121  120  119
  117  114  109  103   98   92   89   86   83   81   77   70   65   59   54   53
   51   52   54   57   60   63   65   65   65   63   61   60   59   59   59   59
   58   58   58   57   58   60   63   68   74   81   87   92   97  101  106  116
  123  132  143  150  157  163  168  171  173
    45.0-180.0 180.0   5.0 450.0                            LAT/LON1/LON2/DLON/H
  183  182  179  175  171  167  162  157  151  146  142  137  132  128  125  124
  121  116  111  104   99   93   91   88   87   85   82   74   69   63   59   57
   57   59   62   66   70   72   74   75   73   70   68   66   66   66   67   69
   68   68   67   66   65   66   69   73   80   87   93   98  103  108  114  124
  134  144  156  166  173  178  183  184  183
    42.5-180.0 180.0   5.0 450.0                            LAT/LON1/LON2/DLON/H
  194  189  184  179  177  172  168  165  161  155  150  145  141  138  134  132
  127  122  115  109  103   96   94   90   88   87   83   76   69   65   61   60
   61   64   68   72   75   78   79   80   78   75   73   72   72   73   74   76
   76   76   74   72   70   70   73   79   86   94  100  106  111  116  122  133
  143  155  167  179  188  193  198  197  194
    40.0-180.0 180.0   5.0 450.0                            LAT/LON1/LON2/DLON/H
  207  201  193  186  181  176  173  172  169  165  160  155  152  149  146  142
  136  130  122  116  110  102   97   91   87   85   81   73   67   63   60   60
   63   67   71   75   79   82   83   83   81   79   78   78   79   80   81   83
   82   80   76   73   71   73   77   85   94  101  108  114  119  125  131  142
  153  165  178  189  201  208  212  212  207
    37.5-180.0 180.0   5.0 450.0                            LAT/LON1/LON2/DLON/H
  225  220  210  202  194  185  182  179  177  173  169  164  162  160  159  154
  148  140  131  125  118  109  102   94   87   81   76   70   64   61   60   61
   64   69   74   78   81   84   84   84   84   84   83   84   85   86   86   87
   86   83   77   72   71   74   82   92  101  110  116  122  129  135  142  151
  163  175  188  199  213  222  228  229  225
    35.0-180.0 180.0   5.0 450.0                            LAT/LON1/LON2/DLON/H
  253  248  241  230  217  204  195  190  187  184  179  174  173  171  169  166
  159  150  140  134  125  116  108   96   86   78   72   67   63   60   60   63
   67   71   76   80   83   85   86   88   89   89   89   90   90   89   88   88
   86   82   76   71   71   76   85   97  107  116  123  130  138  144  152  161
  173  188  200  213  229  239  249  255  253
    32.5-180.0 180.0   5.0 450.0                            LAT/LON1/LON2/DLON/H
  293  290  279  265  247  233  220  210  202  199  190  185  183  182  180  175
  168  160  148  141  131  119  110   95   82   74   70   66   64   62   63   67
   72   76   80   84   86   88   89   93   95   95   95   94   92   90   87   85
   83   80   74   69   70   75   87   99  110  119  127  135  144  154  162  174
  186  203  218  233  250  264  278  289  293
    30.0-180.0 180.0   5.0 450.0                            LAT/LON1/LON2/DLON/H
  342  343  328  311  293  273  255  242  229  220  210  199  196  194  190  184
  176  166  154  144  132  118  107   92   80   73   70   69   69   70   72   76
   81   84   88   91   92   93   95   99  100   99   98   95   92   89   84   82
   80   76   70   65   66   73   85   99  111  120  129  138  150  162  174  187
  202  221  239  258  277  297  318  333  342
    27.5-180.0 180.0   5.0 450.0                            LAT/LON1/LON2/DLON/H
  398  405  394  372  351  328  308  288  270  254  239  221  211  207  200  192
  181  170  156  142  130  116  104   91   82   77   77   78   81   83   85   89
   92   94   98   99   99   99  101  104  103  102   99   95   90   86   81   78
   75   70   65   60   61   69   82   96  109  120  129  139  153  169  186  203
  223  242  268  289  313  339  361  381  398
    25.0-180.0 180.0   5.0 450.0                            LAT/LON1/LON2/DLON/H
  452  465  468  445  420  395  370  345  321  298  276  250  233  222  211  198
  184  170  156  141  130  117  104   96   92   91   93   96  100  102  103  104
  105  106  107  106  105  105  107  108  106  102   98   94   88   83   77   72
   67   63   58   53   54   63   77   93  108  120  130  141  157  177  198  221
  243  266  300  325  354  384  409  435  452
    22.5-180.0 180.0   5.0 450.0                            LAT/LON1/LON2/DLON/H
  496  519  523  510  487  461  437  410  381  354  321  285  259  241  224  206
  187  172  157  145  133  121  113  113  116  121  123  123  125  124  122  120
  119  116  114  111  108  109  109  109  106  101   96   90   84   78   70   63
   58   55   52   47   48   57   72   91  106  120  132  145  163  187  212  236
  261  290  325  357  389  421  450  474  496
    20.0-180.0 180.0   5.0 450.0                            LAT/LON1/LON2/DLON/H
  513  542  561  560  544  521  496  475  446  410  368  328  290  262  239  217
  196  180  165  155  144  137  135  145  159  168  169  165  152  147  140  133
  130  126  120  115  110  110  109  108  104   98   92   85   77   68   60   56
   51   49   47   44   45   54   72   92  108  122  137  151  171  197  224  250
  276  306  339  373  400  435  468  490  513
    17.5-180.0 180.0   5.0 450.0                            LAT/LON1/LON2/DLON/H
  506  538  569  581  576  560  544  531  506  469  422  375  328  291  259  235
  213  197  182  176  168  168  172  190  210  220  215  201  179  168  159  146
  138  134  125  116  111  109  109  106  101   94   86   78   70   61   53   48
   46   47   45   44   46   56   74   95  114  129  143  160  181  206  235  262
  289  316  345  372  392  422  454  478  506
    15.0-180.0 180.0   5.0 450.0                            LAT/LON1/LON2/DLON/H
  474  512  550  575  581  575  570  569  555  518  474  425  373  331  290  261
  239  225  211  207  203  211  221  233  246  250  239  219  200  188  183  158
  146  141  130  117  111  109  109  106   99   90   80   72   64   56   50   46
   46   47   45   45   48   59   79  101  120  136  151  169  190  214  243  271
  298  323  346  365  383  402  429  445  474
    12.5-180.0 180.0   5.0 450.0                            LAT/LON1/LON2/DLON/H
  431  468  508  543  560  564  569  580  580  552  516  471  418  378  326  295
  273  263  250  247  244  251  259  261  261  253  234  214  203  192  185  165
  151  147  135  120  114  112  111  106   98   87   77   69   62   55   50   48
   48   48   46   46   50   62   82  105  126  143  160  178  198  222  249  276
  303  329  348  360  370  378  391  408  431
    10.0-180.0 180.0   5.0 450.0                            LAT/LON1/LON2/DLON/H
  384  416  458  495  518  533  546  562  573  559  536  501  455  415  370  332
  312  303  293  288  279  277  279  271  261  243  218  197  187  178  169  161
  156  152  142  127  121  116  114  108   99   87   77   70   63   57   53   50
   49   48   46   46   49   63   84  109  129  147  165  185  206  228  254  279
  306  330  347  354  357  359  362  369  384
     7.5-180.0 180.0   5.0 450.0                            LAT/LON1/LON2/DLON/H
  349  371  406  442  468  488  508  533  546  547  534  513  479  442  404  369
  350  339  326  316  307  297  291  274  249  227  202  178  167  162  160  164
  165  157  148  135  128  121  117  110  100   88   79   73   66   60   56   53
   50   48   46   44   48   62   85  109  130  149  167  187  209  231  256  282
  307  328  343  348  348  349  345  342  349
     5.0-180.0 180.0   5.0 450.0                            LAT/LON1/LON2/DLON/H
  334  344  368  398  422  445  467  492  509  520  516  502  481  456  426  396
  378  363  349  334  324  310  294  266  235  215  192  169  158  159  167  178
  179  170  160  145  136  125  118  110  100   90   84   77   69   63   57   53
   50   47   45   43   47   62   84  109  130  147  165  186  209  231  257  284
  307  327  342  346  346  351  347  337  334
     2.5-180.0 180.0   5.0 450.0                            LAT/LON1/LON2/DLON/H
  351  345  355  373  394  415  436  457  472  483  486  479  469  453  430  408
  390  377  364  347  329  309  287  253  222  210  193  172  167  175  187  198
  199  188  174  153  141  126  116  107  101   94   88   81   73   65   58   52
   49   46   44   43   47   61   84  106  126  143  161  183  205  228  256  280
  306  327  346  352  360  372  369  359  351
