data/IONEX/CVBB2740.21i
     1.0            IONOSPHERE MAPS     MIX                 IONEX VERSION / TYPE
cmpcmb v1.2          GRL/UWM            19-oct-21 03:55     PGM / RUN BY / DATE 
ionex file containing IGS COMBINED Ionosphere maps          COMMENT             
global ionosphere maps for day 274, 2021                    DESCRIPTION         
IONEX file containing the COMBINED IGS TEC MAPS and DCBs    DESCRIPTION         
      IONEX files of the following IAACs were combined: cod DESCRIPTION         
                                                        esa DESCRIPTION         
                                                        jpl DESCRIPTION         
                                                        upc DESCRIPTION         
Contact address: Andrzej Krankowski                         DESCRIPTION
                 Geodynamics Research Laboratory            DESCRIPTION
                 University of Warmia and Mazury (GRL/UWM)  DESCRIPTION
                 Oczapowski St. 1                           DESCRIPTION
                 10-957-Olsztyn, POLAND                     DESCRIPTION
                 e-mail:  kand@uwm.edu.pl                   DESCRIPTION
                                                            DESCRIPTION         
  2021    10     1     0     0     0                        EPOCH OF FIRST MAP  
  2021    10     2     0     0     0                        EPOCH OF LAST MAP   
  7200                                                      INTERVAL            
    13                                                      # OF MAPS IN FILE   
  COSZ                                                      MAPPING FUNCTION    
     0.0                                                    ELEVATION CUTOFF    
combined TEC calculated as weighted mean of input TEC valuesOBSERVABLES USED    
   358                                                      # OF STATIONS       
    32                                                      # OF SATELLITES     
  6371.0                                                    BASE RADIUS         
     2                                                      MAP DIMENSION       
   450.0 450.0   0.0                                        HGT1 / HGT2 / DHGT  
    87.5 -87.5  -2.5                                        LAT1 / LAT2 / DLAT  
  -180.0 180.0   5.0                                        LON1 / LON2 / DLON  
    -1                                                      EXPONENT            
TEC values in 0.1 tec units;  9999, if no value available   COMMENT             
DCB values in nanoseconds, reference is Sum_of_SatDCBs = 0  COMMENT             
                                                            END OF HEADER       
[from data line 2145]
     6                                                      START OF TEC MAP    
  2021    10     1    10     0     0                        EPOCH OF CURRENT MAP
    87.5-180.0 180.0   5.0 450.0                            LAT/LON1/LON2/DLON/H
   85   86   86   87   87   87   87   88   88   88   88   88   87   88   87   87
   87   87   87   87   87   87   87   87   87   87   87   87   88   88   88   88
   88   88   88   89   88   88   88   88   87   87   88   87   86   86   85   85
   84   84   84   83   82   81   81   81   81   80   80   81   81   81   82   82
   82   83   83   84   84   84   85   85   85
    85.0-180.0 180.0   5.0 450.0                            LAT/LON1/LON2/DLON/H
   79   80   81   81   81   81   82   82   82   82   82   83   83   83   84   84
   84   84   84   84   83   84   84   85   85   85   86   88   88   88   88   87
   87   87   87   87   86   86   86   85   85   85   85   85   85   85   85   84
   83   83   82   80   80   78   77   76   76   75   75   75   75   75   75   76
   76   76   77   77   78   79   79   80   79
    82.5-180.0 180.0   5.0 450.0                            LAT/LON1/LON2/DLON/H
   72   73   73   74   74   74   75   75   75   75   76   75   76   76   77   77
   78   79   79   79   79   79   80   80   82   82   83   83   84   84   85   86
   86   87   87   89   89   89   89   88   88   87   86   85   84   84   83   82
   82   81   81   80   78   76   75   73   72   71   71   70   70   69   69   69
   69   69   69   70   70   71   71   72   72
    80.0-180.0 180.0   5.0 450.0                            LAT/LON1/LON2/DLON/H
   66   66   67   68   68   68   68   68   68   67   66   65   65   65   66   66
   67   68   68   69   70   71   74   76   76   77   79   80   82   83   84   86
   87   90   91   93   95   95   96   96   95   94   93   92   90   89   88   87
   85   84   83   82   80   78   76   74   72   70   69   68   66   65   64   63
   63   63   63   64   65   65   65   66   66
    77.5-180.0 180.0   5.0 450.0                            LAT/LON1/LON2/DLON/H
   62   63   63   63   63   63   63   61   58   56   54   53   54   54   55   56
   55   54   56   58   60   64   66   71   73   76   77   78   80   81   84   87
   90   94   97  100  102  103  103  103  103  102  101  100   99   97   96   95
   94   92   90   89   86   85   82   79   76   73   71   68   66   64   62   61
   59   60   60   60   61   62   62   62   62
    75.0-180.0 180.0   5.0 450.0                            LAT/LON1/LON2/DLON/H
   61   61   61   61   60   59   57   54   51   49   48   47   46   44   42   42
   45   47   49   52   56   61   60   64   69   72   76   81   83   85   87   91
   95   98  103  107  110  113  114  115  114  113  111  110  108  108  106  105
  104  103  101   99   98   95   92   88   84   80   75   72   69   66   63   62
   60   60   61   61   61   62   61   61   61
    72.5-180.0 180.0   5.0 450.0                            LAT/LON1/LON2/DLON/H
   62   61   61   60   59   56   55   50   48   46   44   40   36   34   35   37
   39   40   44   47   52   56   58   62   66   71   75   79   85   89   92   95
   99  105  109  114  118  121  124  126  126  126  125  123  120  119  117  116
  115  116  114  113  111  108  104   99   94   88   82   78   74   71   68   66
   64   64   64   64   64   63   63   63   62
    70.0-180.0 180.0   5.0 450.0                            LAT/LON1/LON2/DLON/H
   64   63   62   61   59   55   53   49   47   45   41   36   34   33   33   35
   36   38   40   45   50   54   58   63   67   72   76   81   86   91   95   99
  103  107  114  120  126  129  133  136  136  137  137  135  132  130  128  128
  128  127  127  125  123  120  115  109  103   96   90   85   80   77   74   71
   70   69   68   68   68   67   67   66   64
    67.5-180.0 180.0   5.0 450.0                            LAT/LON1/LON2/DLON/H
   67   65   63   61   60   56   55   51   50   45   42   37   35   33   34   35
   37   39   41   46   51   55   59   64   69   75   79   84   88   92   95   99
  104  110  116  123  130  136  141  143  146  148  148  146  144  142  140  138
  138  138  138  137  134  130  124  117  110  103   96   91   86   83   80   77
   75   74   73   72   71   70   70   69   67
    65.0-180.0 180.0   5.0 450.0                            LAT/LON1/LON2/DLON/H
   67   65   62   60   60   58   58   56   55   51   46   42   39   37   39   38
   41   42   45   50   53   56   60   65   70   75   79   84   88   91   95   98
  103  110  116  125  133  140  146  151  154  156  156  156  154  151  149  146
  147  146  146  144  140  135  128  120  113  106  100   96   91   88   85   82
   79   77   76   74   73   72   70   69   67
    62.5-180.0 180.0   5.0 450.0                            LAT/LON1/LON2/DLON/H
   64   61   59   58   58   58   59   59   58   55   52   48   44   43   43   43
   45   47   50   52   54   56   59   63   67   72   77   81   85   89   92   97
  103  110  118  127  136  143  151  157  161  163  163  163  161  158  156  155
  154  153  151  148  143  137  129  122  115  108  103   99   96   93   89   86
   83   80   77   74   72   70   68   66   64
    60.0-180.0 180.0   5.0 450.0                            LAT/LON1/LON2/DLON/H
   59   56   53   52   54   55   57   58   58   56   54   52   48   47   47   47
   50   51   53   53   54   54   56   58   61   66   71   76   81   86   91   97
  104  112  121  130  139  148  155  161  166  169  170  170  168  165  163  162
  160  159  156  152  146  139  130  123  115  110  106  103  100   97   94   90
   86   81   78   73   70   67   64   62   59
    57.5-180.0 180.0   5.0 450.0                            LAT/LON1/LON2/DLON/H
   55   52   48   47   47   49   52   53   55   55   53   52   51   49   49   51
   52   54   53   52   51   50   50   51   55   60   66   71   79   85   92  100
  108  116  126  135  144  152  161  167  171  174  176  175  174  172  170  168
  167  165  161  157  150  142  133  125  118  114  111  109  107  105  102   96
   91   84   79   75   70   67   63   59   55
    55.0-180.0 180.0   5.0 450.0                            LAT/LON1/LON2/DLON/H
   56   51   47   44   43   44   46   47   50   51   50   50   49   49   50   51
   53   53   51   48   46   44   43   45   49   55   63   70   79   87   95  106
  114  123  133  143  151  160  167  173  178  181  182  181  180  178  176  175
  174  172  169  163  156  149  140  133  126  122  120  119  118  116  112  106
   98   91   84   78   74   70   66   61   56
    52.5-180.0 180.0   5.0 450.0                            LAT/LON1/LON2/DLON/H
   62   56   50   47   44   43   44   44   46   48   48   47   47   47   49   49
   50   49   47   44   40   39   38   41   46   54   63   72   82   91  102  112
  122  132  143  151  160  168  175  181  185  188  189  188  187  186  184  182
  181  179  177  172  167  159  153  146  139  136  134  133  133  130  126  119
  110  101   93   86   81   77   73   68   62
    50.0-180.0 180.0   5.0 450.0                            LAT/LON1/LON2/DLON/H
   73   67   60   55   50   47   46   46   48   49   49   49   47   46   47   47
   47   46   43   41   38   36   37   41   47   57   67   77   88   99  109  121
  132  143  152  160  169  176  183  189  193  195  195  195  194  193  190  188
  187  186  185  183  178  173  167  162  156  153  150  149  149  147  141  134
  124  113  104   98   93   90   86   81   73
    47.5-180.0 180.0   5.0 450.0                            LAT/LON1/LON2/DLON/H
   88   81   74   68   62   57   54   52   53   55   55   54   52   50   49   47
   46   45   43   40   38   37   39   44   52   64   75   87   97  107  118  129
  141  152  161  170  177  184  191  196  200  202  203  202  201  199  197  195
  193  192  192  191  189  186  182  178  173  170  167  165  164  161  155  146
  136  125  115  109  106  103  100   95   88
    45.0-180.0 180.0   5.0 450.0                            LAT/LON1/LON2/DLON/H
  101   94   88   82   76   70   65   62   62   64   65   65   62   58   56   51
   49   47   45   44   43   43   45   51   61   74   85   96  106  115  125  136
  148  158  167  175  183  191  198  204  208  210  211  210  207  206  203  200
  198  197  198  198  198  196  194  192  189  187  183  179  175  171  164  155
  144  133  124  119  116  113  111  107  101
    42.5-180.0 180.0   5.0 450.0                            LAT/LON1/LON2/DLON/H
  107  102   98   94   89   83   78   74   73   75   78   77   74   70   66   60
   56   54   53   52   52   52   54   60   71   83   95  105  114  122  130  139
  151  162  171  179  188  198  206  212  216  218  219  218  215  213  210  207
  204  203  202  203  204  202  202  202  201  199  193  187  183  177  169  159
  148  137  128  122  119  117  116  112  107
    40.0-180.0 180.0   5.0 450.0                            LAT/LON1/LON2/DLON/H
  104  102  102  100   97   93   87   84   84   87   89   89   87   82   77   70
   66   64   64   64   63   63   64   69   79   92  103  112  120  128  134  143
  153  163  172  182  192  203  213  220  224  226  226  225  224  222  219  215
  211  209  207  207  206  206  207  209  209  205  198  191  185  178  169  158
  145  134  124  117  113  112  110  108  104
    37.5-180.0 180.0   5.0 450.0                            LAT/LON1/LON2/DLON/H
   93   93   96   97   97   95   91   90   92   96  100  101   99   95   88   82
   77   75   74   75   74   72   72   75   85   97  109  119  126  131  138  145
  154  163  172  182  195  208  219  227  232  234  235  235  236  235  232  226
  222  218  215  212  211  211  213  215  216  210  201  192  185  177  168  156
  143  129  118  110  103   99   97   96   93
    35.0-180.0 180.0   5.0 450.0                            LAT/LON1/LON2/DLON/H
   79   79   83   87   89   88   87   89   94  101  108  111  111  107  100   94
   89   85   84   84   82   79   77   79   88  100  112  122  130  135  141  148
  155  163  172  184  198  213  227  236  241  244  245  248  250  250  249  242
  237  232  228  223  220  221  223  226  226  219  207  197  188  180  170  157
  142  128  114  103   94   85   81   79   79
    32.5-180.0 180.0   5.0 450.0                            LAT/LON1/LON2/DLON/H
   66   68   70   73   76   78   78   83   90   99  108  114  116  114  110  104
   98   93   91   89   86   83   79   80   87   98  111  122  133  139  145  150
  157  165  176  188  204  221  236  247  251  255  259  264  266  269  268  263
  259  254  249  244  241  241  243  245  243  235  222  210  198  189  177  164
  148  134  118  105   91   79   71   68   66
    30.0-180.0 180.0   5.0 450.0                            LAT/LON1/LON2/DLON/H
   65   62   62   64   65   68   69   74   81   91  100  109  114  115  113  108
  103   99   95   91   87   82   76   76   83   93  108  119  134  142  149  155
  162  170  182  196  212  231  247  258  264  266  273  280  284  290  292  289
  290  287  283  278  275  274  274  275  270  259  245  230  217  207  195  182
  166  152  136  119  103   86   74   68   65
    27.5-180.0 180.0   5.0 450.0                            LAT/LON1/LON2/DLON/H
   79   72   67   63   61   61   61   65   71   79   89   98  106  109  110  107
  102   98   95   89   83   77   71   71   78   89  105  119  134  146  154  161
  169  179  191  206  223  241  258  269  276  281  288  297  303  311  317  318
  324  329  326  323  321  319  317  315  306  292  276  259  247  235  222  211
  198  186  170  150  132  111   95   86   79
    25.0-180.0 180.0   5.0 450.0                            LAT/LON1/LON2/DLON/H
  113   99   87   75   66   62   60   60   64   70   79   87   95  100  102  101
   98   94   89   83   77   70   66   67   75   88  104  121  136  150  159  167
  177  190  204  219  235  253  270  283  290  297  304  314  322  332  341  348
  361  372  375  377  376  375  366  362  350  333  317  300  288  277  261  250
  238  229  214  194  174  154  138  127  113
    22.5-180.0 180.0   5.0 450.0                            LAT/LON1/LON2/DLON/H
  160  141  121  102   86   74   69   66   66   67   73   79   86   90   93   93
   90   86   82   76   69   64   62   66   75   90  107  124  139  153  164  173
  185  201  217  233  252  268  285  299  304  310  318  331  343  353  366  380
  396  414  424  432  433  432  420  414  399  382  365  348  336  323  303  289
  279  271  261  243  226  209  190  176  160
    20.0-180.0 180.0   5.0 450.0                            LAT/LON1/LON2/DLON/H
  210  187  162  138  116  100   91   84   78   73   73   77   80   84   84   84
   82   79   75   69   64   61   61   67   79   96  113  129  143  156  168  179
  194  211  230  249  269  289  302  316  319  323  335  350  366  378  392  409
  428  450  466  477  480  480  468  461  444  427  412  396  380  364  346  328
  315  306  300  288  271  257  239  224  210
    17.5-180.0 180.0   5.0 450.0                            LAT/LON1/LON2/DLON/H
  249  228  202  175  152  132  121  110   99   88   83   81   81   80   79   78
   76   72   69   64   60   58   61   70   84  102  119  134  147  160  172  184
  200  220  242  266  284  304  320  331  335  340  354  373  390  401  415  433
  453  475  491  503  509  508  502  492  476  460  446  432  414  394  376  356
  338  325  316  308  295  284  272  262  249
    15.0-180.0 180.0   5.0 450.0                            LAT/LON1/LON2/DLON/H
  266  253  231  207  184  167  157  140  126  111   99   92   87   82   78   75
   72   69   65   61   57   57   62   72   88  106  123  138  150  163  175  189
  208  230  254  277  299  317  331  342  351  360  376  394  409  421  434  450
  468  487  503  514  518  519  514  504  490  477  462  450  433  410  389  366
  344  326  310  304  294  284  277  272  266
    12.5-180.0 180.0   5.0 450.0                            LAT/LON1/LON2/DLON/H
  256  253  240  223  206  195  187  172  154  135  119  108   99   91   82   76
   72   68   64   60   57   57   63   74   91  110  128  141  154  167  180  196
  217  241  266  288  309  326  341  354  364  376  393  409  425  437  448  461
  475  490  505  514  516  514  509  501  491  479  465  455  439  413  388  359
  334  311  295  286  271  261  254  252  256
    10.0-180.0 180.0   5.0 450.0                            LAT/LON1/LON2/DLON/H
  222  230  227  218  212  209  206  193  175  156  138  124  112  102   92   83
   77   72   68   64   60   60   65   77   95  115  133  146  159  172  187  205
  227  252  275  296  317  334  350  362  373  386  401  418  433  447  456  466
  476  489  501  508  507  502  496  489  482  473  461  450  433  407  378  347
  320  296  278  261  243  228  219  213  222
     7.5-180.0 180.0   5.0 450.0                            LAT/LON1/LON2/DLON/H
  187  198  203  203  204  208  209  201  186  168  151  136  124  114  101   92
   85   80   76   71   66   65   70   82  100  120  137  152  164  178  196  215
  237  260  282  302  320  337  351  364  376  389  402  418  434  448  457  468
  475  487  498  501  497  489  481  476  470  464  455  443  423  397  368  337
  310  286  267  246  222  200  185  178  187
     5.0-180.0 180.0   5.0 450.0                            LAT/LON1/LON2/DLON/H
  167  180  186  188  192  199  202  197  185  170  155  142  131  122  111  101
   93   89   85   80   74   71   75   86  105  124  142  157  170  185  202  222
  243  264  284  301  317  331  346  360  373  385  394  409  426  439  452  465
  475  487  495  496  490  480  471  466  463  457  449  437  418  392  364  336
  309  288  267  245  220  196  174  162  167
     2.5-180.0 180.0   5.0 450.0                            LAT/LON1/LON2/DLON/H
  172  181  183  184  186  190  193  189  178  165  152  141  132  125  115  107
  100   96   91   85   80   77   79   90  108  128  147  162  176  190  206  225
  245  264  279  292  308  321  335  350  363  371  379  391  406  423  442  459
  474  488  495  495  486  474  465  460  458  453  445  435  416  392  365  341
  316  298  280  261  239  217  191  173  172
