data/IONEX/CVBB2840.21i
     1.0            IONOSPHERE MAPS     MIX                 IONEX VERSION / TYPE
cmpcmb v1.2          GRL/UWM            28-oct-21 01:30     PGM / RUN BY / DATE 
ionex file containing IGS COMBINED Ionosphere maps          COMMENT             
global ionosphere maps for day 284, 2021                    DESCRIPTION         
IONEX file containing the COMBINED IGS TEC MAPS and DCBs    DESCRIPTION         
      IONEX files of the following IAACs were combined: cod DESCRIPTION         
                                                        esa DESCRIPTION         
                                                        jpl DESCRIPTION         
                                                        upc DESCRIPTION         
Contact address: Andrzej Krankowski                         DESCRIPTION
                 Geodynamics Research Laboratory            DESCRIPTION
                 University of Warmia and Mazury (GRL/UWM)  DESCRIPTION
                 Oczapowski St. 1                           DESCRIPTION
                 10-957-Olsztyn, POLAND                     DESCRIPTION
                 e-mail:  kand@uwm.edu.pl                   DESCRIPTION
                                                            DESCRIPTION         
  2021    10    11     0     0     0                        EPOCH OF FIRST MAP  
  2021    10    12     0     0     0                        EPOCH OF LAST MAP   
  7200                                                      INTERVAL            
    13                                                      # OF MAPS IN FILE   
  COSZ                                                      MAPPING FUNCTION    
     0.0                                                    ELEVATION CUTOFF    
combined TEC calculated as weighted mean of input TEC valuesOBSERVABLES USED    
   354                                                      # OF STATIONS       
    32                                                      # OF SATELLITES     
  6371.0                                                    BASE RADIUS         
     2                                                      MAP DIMENSION       
   450.0 450.0   0.0                                        HGT1 / HGT2 / DHGT  
    87.5 -87.5  -2.5                                        LAT1 / LAT2 / DLAT  
  -180.0 180.0   5.0                                        LON1 / LON2 / DLON  
    -1                                                      EXPONENT            
TEC values in 0.1 tec units;  9999, if no value available   COMMENT             
DCB values in nanoseconds, reference is Sum_of_SatDCBs = 0  COMMENT             
                                                            END OF HEADER       
[from data line 2574]
     7                                                      START OF TEC MAP    
  2021    10    11    12     0     0                        EPOCH OF CURRENT MAP
    87.5-180.0 180.0   5.0 450.0                            LAT/LON1/LON2/DLON/H
   67   68   68   68   67   67   68   68   68   68   67   68   67   67   67   67
   67   67   67   67   67   67   67   66   66   66   66   65   65   65   65   65
   65   65   65   65   65   65   65   65   64   64   64   64   64   64   64   64
   64   64   64   64   64   64   65   65   65   65   66   66   66   66   66   66
   67   67   67   67   67   67   68   67   67
    85.0-180.0 180.0   5.0 450.0                            LAT/LON1/LON2/DLON/H
   65   66   66   66   66   67   67   67   67   67   66   66   66   65   65   64
   64   64   64   65   65   65   65   65   64   64   65   65   65   66   66   66
   66   66   66   66   66   65   65   64   63   63   62   62   61   60   60   60
   59   59   59   59   59   59   60   60   60   60   61   61   62   62   62   63
   63   64   64   64   64   65   65   65   65
    82.5-180.0 180.0   5.0 450.0                            LAT/LON1/LON2/DLON/H
   63   64   65   65   65   65   65   65   64   64   63   62   62   61   60   60
   59   58   59   58   60   61   60   61   64   64   65   66   66   67   67   67
   67   67   67   66   65   64   63   63   61   61   59   58   57   56   56   55
   55   54   54   54   54   54   54   54   54   55   55   55   55   56   56   57
   57   58   59   59   60   61   62   63   63
    80.0-180.0 180.0   5.0 450.0                            LAT/LON1/LON2/DLON/H
   59   60   61   62   62   63   63   62   61   60   59   58   56   55   54   53
   52   51   52   52   54   54   56   60   62   63   65   66   68   69   70   71
   71   71   71   70   69   67   65   62   60   59   57   56   55   54   53   52
   52   52   51   51   51   51   51   50   50   50   50   49   49   49   49   49
   50   51   51   52   53   54   56   58   59
    77.5-180.0 180.0   5.0 450.0                            LAT/LON1/LON2/DLON/H
   53   55   57   59   60   60   59   59   58   56   54   52   51   50   49   48
   46   46   47   47   48   49   52   56   58   62   66   68   70   73   75   76
   76   76   76   76   74   72   69   67   64   61   59   56   55   53   53   52
   53   52   52   52   51   51   51   50   49   47   46   45   43   43   42   42
   42   42   43   43   45   47   49   51   53
    75.0-180.0 180.0   5.0 450.0                            LAT/LON1/LON2/DLON/H
   47   50   53   55   55   56   57   56   55   53   51   49   48   46   44   44
   43   42   42   43   45   47   50   54   58   62   66   72   76   79   82   85
   85   86   85   84   82   80   77   73   69   66   64   61   59   58   57   57
   57   57   57   57   56   55   53   51   49   47   44   42   39   38   37   36
   35   35   35   36   38   40   42   45   47
    72.5-180.0 180.0   5.0 450.0                            LAT/LON1/LON2/DLON/H
   44   47   49   51   53   53   54   53   52   51   50   48   46   44   42   40
   38   40   40   42   44   48   50   54   61   65   70   74   80   85   89   91
   94   94   94   94   92   89   86   83   79   74   72   70   67   67   66   66
   65   65   65   64   63   60   58   55   52   49   44   40   38   35   34   32
   31   30   31   31   32   34   37   40   44
    70.0-180.0 180.0   5.0 450.0                            LAT/LON1/LON2/DLON/H
   42   45   47   49   50   51   52   52   51   50   49   47   45   43   41   39
   39   39   40   42   44   48   52   56   63   68   73   78   83   88   92   96
   99  100  101  102  101   98   96   92   89   86   83   80   79   77   76   75
   75   74   73   72   70   68   64   60   55   51   46   42   38   35   33   31
   30   29   29   29   31   32   35   39   42
    67.5-180.0 180.0   5.0 450.0                            LAT/LON1/LON2/DLON/H
   41   44   46   48   49   50   51   51   49   48   48   46   43   42   40   39
   39   39   41   42   45   49   54   59   64   71   75   80   85   89   93   97
  100  104  106  107  107  107  105  103   99   97   95   92   91   89   87   86
   85   83   82   80   77   73   68   64   59   54   49   44   40   38   35   34
   32   31   31   31   32   34   36   39   41
    65.0-180.0 180.0   5.0 450.0                            LAT/LON1/LON2/DLON/H
   42   44   45   47   49   50   51   50   49   47   46   44   42   40   39   39
   39   40   41   43   46   50   56   61   66   72   77   82   86   89   93   97
  101  105  108  111  113  114  113  111  110  108  107  104  102  100   98   96
   93   91   88   85   80   76   71   66   61   57   53   48   44   42   40   38
   37   36   35   35   35   37   39   40   42
    62.5-180.0 180.0   5.0 450.0                            LAT/LON1/LON2/DLON/H
   43   45   45   47   48   49   50   50   49   46   44   42   40   39   39   39
   40   40   42   44   47   51   56   63   68   74   79   83   86   90   94   98
  102  107  112  115  118  120  120  119  119  118  116  115  113  109  107  103
  100   95   92   87   82   77   72   68   63   59   56   52   49   46   45   43
   42   41   41   41   41   41   42   43   43
    60.0-180.0 180.0   5.0 450.0                            LAT/LON1/LON2/DLON/H
   45   46   47   47   47   47   48   48   47   45   43   41   39   38   39   39
   39   39   41   43   47   51   57   64   70   75   80   85   89   93   98  102
  107  113  118  122  124  126  126  127  127  127  126  124  122  119  114  108
  104   98   93   87   83   77   73   69   65   62   60   57   55   52   50   49
   48   47   47   46   46   46   46   46   45
    57.5-180.0 180.0   5.0 450.0                            LAT/LON1/LON2/DLON/H
   49   49   49   48   47   47   47   46   45   44   42   40   38   37   37   37
   37   38   39   42   47   52   59   66   72   79   85   90   96  100  105  111
  116  122  127  130  133  133  134  135  136  136  136  134  131  127  120  113
  107  101   95   90   84   79   76   72   69   67   64   62   61   58   56   54
   53   52   51   51   51   51   51   51   49
    55.0-180.0 180.0   5.0 450.0                            LAT/LON1/LON2/DLON/H
   54   53   52   51   51   49   49   48   47   45   42   39   38   36   35   35
   35   36   38   41   47   54   62   70   77   84   91   97  105  110  116  123
  129  135  139  141  142  141  142  143  144  144  145  143  140  135  128  120
  112  105   99   94   90   86   82   79   76   73   71   69   67   65   62   59
   56   55   55   55   56   56   56   56   54
    52.5-180.0 180.0   5.0 450.0                            LAT/LON1/LON2/DLON/H
   59   59   57   57   56   55   55   54   52   49   46   43   40   37   35   34
   34   35   37   41   48   58   67   75   84   92   99  106  114  122  129  136
  143  148  152  152  151  151  150  151  152  153  153  152  149  143  135  128
  120  113  107  102   99   96   92   89   86   82   80   78   75   73   67   63
   59   57   57   58   60   61   60   60   59
    50.0-180.0 180.0   5.0 450.0                            LAT/LON1/LON2/DLON/H
   64   65   64   64   64   63   63   63   61   59   55   50   46   41   38   35
   34   35   39   44   53   64   74   84   93  100  108  117  125  134  142  150
  156  161  163  163  161  160  159  160  160  161  161  160  157  152  144  137
  129  124  118  114  111  108  104  100   96   92   90   87   84   80   74   67
   62   60   60   60   62   64   65   65   64
    47.5-180.0 180.0   5.0 450.0                            LAT/LON1/LON2/DLON/H
   70   71   71   72   72   72   73   74   74   71   68   62   57   51   46   41
   39   39   43   51   60   72   83   93  102  110  119  127  136  145  153  161
  166  170  173  171  170  169  169  168  169  169  169  168  165  160  154  147
  140  136  131  127  125  121  117  112  107  103  100   98   94   89   81   73
   68   64   63   63   65   67   69   70   70
    45.0-180.0 180.0   5.0 450.0                            LAT/LON1/LON2/DLON/H
   75   77   79   79   80   81   84   86   86   85   82   77   71   63   56   50
   46   46   50   59   70   82   94  104  112  121  129  138  145  154  161  166
  171  175  177  178  179  179  179  179  178  177  176  175  172  168  163  157
  152  148  144  141  138  133  127  122  116  112  110  106  102   96   88   80
   74   70   68   67   68   70   73   74   75
    42.5-180.0 180.0   5.0 450.0                            LAT/LON1/LON2/DLON/H
   79   81   83   85   87   89   92   95   97   97   95   91   84   76   68   60
   56   55   59   69   80   92  103  113  121  130  138  146  152  159  164  167
  170  175  180  183  187  189  189  190  189  187  183  181  179  176  171  167
  163  159  156  153  148  142  135  129  122  118  115  112  108  103   96   88
   80   76   73   73   73   74   75   77   79
    40.0-180.0 180.0   5.0 450.0                            LAT/LON1/LON2/DLON/H
   80   83   85   88   90   93   97  101  105  106  105  102   96   88   79   71
   66   65   69   78   89  101  111  121  129  137  145  151  157  161  164  166
  169  174  181  188  196  201  203  203  201  196  192  189  187  183  180  177
  173  171  168  163  156  147  140  132  124  120  118  116  113  108  101   94
   86   82   79   78   77   77   78   79   80
    37.5-180.0 180.0   5.0 450.0                            LAT/LON1/LON2/DLON/H
   79   81   83   86   89   92   96  102  108  111  112  111  107   99   90   82
   76   74   78   87   98  108  117  126  135  144  151  157  161  163  164  164
  168  176  186  197  208  216  220  219  215  209  202  199  196  193  190  187
  185  182  177  171  161  151  143  133  125  120  118  117  115  110  104   98
   92   86   84   83   82   80   79   78   79
    35.0-180.0 180.0   5.0 450.0                            LAT/LON1/LON2/DLON/H
   76   77   79   81   83   86   90   97  106  112  115  117  115  110  101   91
   84   81   84   93  103  113  121  130  139  148  155  160  163  164  164  166
  171  181  195  211  226  235  239  238  234  227  218  214  208  205  203  201
  198  194  188  179  167  156  147  137  128  122  119  117  115  110  105   99
   94   90   87   87   85   82   79   76   76
    32.5-180.0 180.0   5.0 450.0                            LAT/LON1/LON2/DLON/H
   73   72   73   74   75   78   82   89   99  107  113  117  118  116  108   98
   90   87   89   96  106  115  123  132  141  150  158  162  165  167  168  173
  181  196  212  231  247  258  261  261  257  249  240  235  228  225  223  220
  217  212  203  193  180  165  154  144  134  128  123  119  115  109  104   99
   94   90   88   88   86   82   78   75   73
    30.0-180.0 180.0   5.0 450.0                            LAT/LON1/LON2/DLON/H
   71   68   67   67   68   69   73   80   89   98  106  113  116  115  111  101
   93   91   92   98  107  115  124  132  140  150  158  162  167  171  176  186
  201  219  238  258  274  285  286  285  280  273  265  261  255  250  251  248
  244  238  227  215  200  183  169  157  146  137  130  123  117  110  104   99
   94   90   88   87   86   83   79   74   71
    27.5-180.0 180.0   5.0 450.0                            LAT/LON1/LON2/DLON/H
   71   67   64   62   62   63   65   71   78   86   95  104  110  111  107   99
   93   92   94   99  107  114  122  131  138  148  157  163  170  179  190  206
  229  252  272  292  306  313  311  308  302  295  291  289  288  287  288  287
  281  273  261  245  228  208  192  177  163  152  142  132  123  114  107  102
   96   92   89   88   88   86   81   76   71
    25.0-180.0 180.0   5.0 450.0                            LAT/LON1/LON2/DLON/H
   75   69   66   62   60   60   61   64   69   76   84   93  100  103   99   93
   90   90   93   99  106  114  122  130  138  147  156  165  176  190  209  233
  261  289  312  330  340  339  336  328  321  317  317  319  326  331  334  335
  328  315  299  280  262  243  223  203  186  174  160  147  134  122  114  107
  100   95   92   90   91   90   87   81   75
    22.5-180.0 180.0   5.0 450.0                            LAT/LON1/LON2/DLON/H
   83   76   70   66   63   61   61   62   64   67   74   81   89   92   90   86
   84   86   92  100  107  114  122  130  140  150  158  168  185  205  233  264
  298  330  353  362  364  364  359  346  342  345  346  352  367  376  386  392
  385  360  337  317  300  281  259  236  216  202  186  169  152  137  125  117
  108  103   99   97   98   98   96   90   83
    20.0-180.0 180.0   5.0 450.0                            LAT/LON1/LON2/DLON/H
   95   85   79   74   71   68   66   64   62   62   65   71   77   80   79   77
   77   82   92  102  109  116  124  134  144  153  161  175  194  223  258  295
  335  367  387  386  379  379  374  364  368  377  380  390  408  425  441  441
  434  406  375  354  335  317  294  270  249  233  216  198  178  160  145  133
  122  115  110  108  109  109  107  102   95
    17.5-180.0 180.0   5.0 450.0                            LAT/LON1/LON2/DLON/H
  109   99   91   86   82   79   75   71   64   61   60   63   68   70   69   67
   70   78   90  102  111  120  128  138  149  158  167  183  208  241  283  326
  363  390  403  395  383  381  380  382  395  407  415  427  444  460  476  480
  468  438  409  384  362  344  323  298  280  263  247  227  208  189  170  156
  141  133  126  123  123  122  120  116  109
    15.0-180.0 180.0   5.0 450.0                            LAT/LON1/LON2/DLON/H
  123  113  105  100   95   91   86   79   71   64   59   60   62   62   60   60
   64   74   88  102  113  122  133  143  154  163  175  195  223  258  298  347
  376  392  400  392  383  382  389  401  419  435  449  458  471  482  490  491
  476  451  426  403  383  365  345  320  301  286  270  253  235  216  196  179
  164  153  144  140  137  136  134  130  123
    12.5-180.0 180.0   5.0 450.0                            LAT/LON1/LON2/DLON/H
  136  127  118  112  108  103   98   89   79   70   62   60   60   59   56   54
   59   71   87  102  115  125  136  147  159  169  183  205  236  272  312  353
  376  384  386  385  382  388  402  418  438  458  472  481  486  489  489  483
  469  448  428  411  394  377  357  333  314  299  286  272  256  237  217  199
  183  172  162  157  153  151  147  143  136
    10.0-180.0 180.0   5.0 450.0                            LAT/LON1/LON2/DLON/H
  148  139  129  122  118  113  108   99   88   77   68   63   62   59   56   53
   58   70   87  104  118  129  139  151  164  176  192  216  248  284  317  349
  368  375  377  380  385  397  415  436  458  477  488  491  490  485  478  469
  457  439  424  409  395  379  361  336  319  306  293  282  268  249  230  213
  197  185  176  170  167  164  159  154  148
     7.5-180.0 180.0   5.0 450.0                            LAT/LON1/LON2/DLON/H
  157  147  138  130  125  120  115  107   97   86   76   70   66   63   59   56
   60   72   90  109  122  133  144  156  170  185  203  228  258  290  319  345
  362  371  377  384  394  409  430  452  473  489  495  493  484  474  463  453
  445  430  416  404  390  375  358  335  319  307  296  284  269  253  236  219
  204  193  185  179  175  172  168  163  157
     5.0-180.0 180.0   5.0 450.0                            LAT/LON1/LON2/DLON/H
  164  155  144  135  128  123  117  111  103   93   84   77   73   69   65   62
   65   77   96  115  128  138  149  162  176  193  213  238  266  295  320  342
  358  371  381  394  408  426  446  465  482  491  493  485  473  460  449  442
  436  425  412  399  384  370  352  332  317  305  294  283  267  251  235  220
  206  195  187  181  177  175  172  169  164
     2.5-180.0 180.0   5.0 450.0                            LAT/LON1/LON2/DLON/H
  168  160  150  138  129  123  118  113  106   98   90   84   79   75   71   69
   72   84  102  120  134  144  154  167  182  200  221  246  273  297  319  339
  358  375  390  406  424  442  458  470  478  481  479  472  459  447  439  436
  432  423  411  396  380  363  345  327  312  301  289  276  261  244  229  215
  203  193  184  177  174  173  173  172  168
