data/IONEX/CVBB2920.21i
     1.0            IONOSPHERE MAPS     MIX                 IONEX VERSION / TYPE
cmpcmb v1.2          GRL/UWM             6-nov-21 02:09     PGM / RUN BY / DATE 
ionex file containing IGS COMBINED Ionosphere maps          COMMENT             
global ionosphere maps for day 292, 2021                    DESCRIPTION         
IONEX file containing the COMBINED IGS TEC MAPS and DCBs    DESCRIPTION         
      IONEX files of the following IAACs were combined: cod DESCRIPTION         
                                                        esa DESCRIPTION         
                                                        jpl DESCRIPTION         
                                                        upc DESCRIPTION         
Contact address: Andrzej Krankowski                         DESCRIPTION
                 Geodynamics Research Laboratory            DESCRIPTION
                 University of Warmia and Mazury (GRL/UWM)  DESCRIPTION
                 Oczapowski St. 1                           DESCRIPTION
                 10-957-Olsztyn, POLAND                     DESCRIPTION
                 e-mail:  kand@uwm.edu.pl                   DESCRIPTION
                                                            DESCRIPTION         
  2021    10    19     0     0     0                        EPOCH OF FIRST MAP  
  2021    10    20     0     0     0                        EPOCH OF LAST MAP   
  7200                                                      INTERVAL            
    13                                                      # OF MAPS IN FILE   
  COSZ                                                      MAPPING FUNCTION    
     0.0                                                    ELEVATION CUTOFF    
combined TEC calculated as weighted mean of input TEC valuesOBSERVABLES USED    
   357                                                      # OF STATIONS       
    32                                                      # OF SATELLITES     
  6371.0                                                    BASE RADIUS         
     2                                                      MAP DIMENSION       
   450.0 450.0   0.0                                        HGT1 / HGT2 / DHGT  
    87.5 -87.5  -2.5                                        LAT1 / LAT2 / DLAT  
  -180.0 180.0   5.0                                        LON1 / LON2 / DLON  
    -1                                                      EXPONENT            
TEC values in 0.1 tec units;  9999, if no value available   COMMENT             
DCB values in nanoseconds, reference is Sum_of_SatDCBs = 0  COMMENT             
                                                            END OF HEADER       
[from data line 858]
     3                                                      START OF TEC MAP    
  2021    10    19     4     0     0                        EPOCH OF CURRENT MAP
    87.5-180.0 180.0   5.0 450.0                            LAT/LON1/LON2/DLON/H
   51   51   51   51   51   51   51   51   51   51   51   50   50   50   49   49
   48   48   47   47   46   46   45   44   44   43   42   41   41   40   40   39
   40   39   39   39   39   39   39   38   39   39   39   39   39   40   40   40
   41   41   42   42   43   43   44   44   45   45   46   46   47   48   48   49
   49   49   50   50   50   51   51   51   51
    85.0-180.0 180.0   5.0 450.0                            LAT/LON1/LON2/DLON/H
   55   55   55   55   55   56   55   55   56   55   55   54   53   53   52   51
   50   49   48   46   45   44   42   42   40   39   37   36   35   34   34   33
   33   33   33   33   33   33   34   34   34   34   35   35   36   36   37   38
   38   39   40   41   41   43   44   45   46   46   48   48   49   50   51   52
   52   53   54   54   54   54   55   55   55
    82.5-180.0 180.0   5.0 450.0                            LAT/LON1/LON2/DLON/H
   57   57   57   57   57   57   56   57   56   56   56   55   54   54   53   52
   51   50   48   46   43   41   39   38   36   33   31   28   27   26   25   25
   25   25   26   27   27   29   30   31   32   33   33   34   35   35   36   36
   37   38   39   40   41   43   45   46   48   49   50   52   53   54   55   56
   57   58   58   58   58   58   58   57   57
    80.0-180.0 180.0   5.0 450.0                            LAT/LON1/LON2/DLON/H
   58   57   57   55   56   55   55   55   55   55   56   55   55   54   53   52
   50   48   45   43   41   38   36   32   29   27   25   23   21   20   19   19
   19   20   21   23   24   26   27   28   30   31   33   34   35   36   37   38
   39   40   41   42   44   46   48   50   53   54   56   57   59   60   62   62
   63   63   63   63   62   61   60   59   58
    77.5-180.0 180.0   5.0 450.0                            LAT/LON1/LON2/DLON/H
   60   58   56   55   54   54   54   54   54   54   54   54   53   53   52   50
   48   46   44   42   38   35   29   27   24   22   20   19   18   16   16   16
   17   18   20   22   24   26   29   30   32   33   35   35   37   38   40   41
   42   43   45   47   49   52   54   57   59   61   63   65   67   68   69   70
   70   70   70   69   68   66   65   62   60
    75.0-180.0 180.0   5.0 450.0                            LAT/LON1/LON2/DLON/H
   66   62   59   56   55   54   53   52   51   51   50   50   50   49   48   47
   46   43   41   38   35   31   28   26   24   22   20   19   17   17   18   18
   18   20   23   25   27   30   32   34   35   36   38   39   40   42   44   45
   46   48   50   53   56   58   61   64   67   69   71   74   76   77   78   78
   79   79   78   77   75   73   71   68   66
    72.5-180.0 180.0   5.0 450.0                            LAT/LON1/LON2/DLON/H
   72   69   64   61   58   56   53   50   49   48   48   48   47   47   46   44
   41   39   37   34   33   33   30   29   27   25   24   23   22   22   24   25
   25   26   28   30   32   34   35   37   38   39   40   41   42   44   46   48
   50   53   55   59   62   66   69   72   74   77   79   81   82   84   85   86
   87   87   86   86   84   82   80   76   72
    70.0-180.0 180.0   5.0 450.0                            LAT/LON1/LON2/DLON/H
   81   77   72   68   63   59   54   52   49   46   46   45   45   44   42   40
   37   37   35   35   34   35   33   33   32   30   30   29   29   30   31   32
   33   33   34   35   37   37   38   38   39   39   39   40   42   44   47   50
   53   56   60   65   68   71   76   78   81   83   85   87   88   90   91   92
   92   93   93   93   92   90   88   85   81
    67.5-180.0 180.0   5.0 450.0                            LAT/LON1/LON2/DLON/H
   89   85   80   75   70   64   58   54   50   47   46   44   43   41   40   38
   37   36   35   35   36   38   36   37   37   36   38   38   38   39   40   40
   40   39   39   39   39   39   38   37   36   36   36   37   39   42   46   50
   55   59   64   69   73   77   81   83   85   88   89   90   91   92   93   94
   95   96   97   98   98   97   95   93   89
    65.0-180.0 180.0   5.0 450.0                            LAT/LON1/LON2/DLON/H
   96   93   88   82   76   69   63   57   53   49   46   44   42   41   40   38
   36   36   36   37   38   39   40   42   43   43   45   46   46   48   48   47
   46   44   42   40   38   36   34   33   31   30   31   33   35   40   45   50
   56   62   68   74   78   82   84   87   89   90   91   91   92   92   93   94
   94   96   97   98   99  100  100   99   96
    62.5-180.0 180.0   5.0 450.0                            LAT/LON1/LON2/DLON/H
  100   98   94   88   82   75   69   62   56   52   48   46   44   41   40   37
   36   36   36   39   40   41   42   44   46   48   51   52   52   55   53   51
   49   45   41   38   34   30   28   26   25   24   26   29   33   39   45   51
   58   65   72   77   81   85   88   90   91   92   92   92   92   92   93   93
   92   94   95   97   98  100  100  101  100
    60.0-180.0 180.0   5.0 450.0                            LAT/LON1/LON2/DLON/H
  101  100   98   93   86   79   72   66   60   54   51   49   46   43   40   38
   37   37   38   39   40   41   42   44   45   48   51   54   55   55   54   49
   45   40   36   32   28   25   22   20   20   21   23   27   33   39   46   53
   60   67   75   80   85   88   91   92   93   94   95   95   94   94   93   92
   92   92   93   94   96   97   98  100  101
    57.5-180.0 180.0   5.0 450.0                            LAT/LON1/LON2/DLON/H
  100  101   99   96   89   83   75   68   62   56   53   50   47   44   42   40
   39   39   39   39   39   40   40   41   43   46   47   50   51   50   49   43
   38   34   30   26   24   21   20   19   19   21   24   29   35   42   50   57
   65   72   78   83   88   92   95   97   98   99  100  100   99   98   97   96
   95   94   93   93   94   95   96   98  100
    55.0-180.0 180.0   5.0 450.0                            LAT/LON1/LON2/DLON/H
  100  101  101   98   92   85   77   69   63   58   54   51   48   45   43   42
   42   41   40   39   39   38   37   37   39   40   40   43   44   43   40   35
   30   27   24   23   22   21   21   21   22   24   28   32   39   47   55   62
   71   78   84   88   93   97  101  103  105  107  108  109  109  108  106  103
  101  100   98   96   95   95   96   97  100
    52.5-180.0 180.0   5.0 450.0                            LAT/LON1/LON2/DLON/H
  103  104  103  101   96   89   80   72   65   59   55   52   48   46   44   43
   43   42   41   39   38   35   33   33   33   34   35   37   36   35   33   29
   26   24   23   23   23   25   26   27   28   30   34   39   46   53   60   69
   77   84   90   95  100  105  108  112  115  117  119  122  122  121  118  115
  112  109  106  102  101  100  100  100  103
    50.0-180.0 180.0   5.0 450.0                            LAT/LON1/LON2/DLON/H
  108  109  109  107  101   94   84   75   68   62   57   53   50   47   46   45
   45   44   42   39   37   34   32   31   31   32   33   34   33   32   29   27
   24   24   25   26   29   31   32   34   35   37   40   46   53   61   68   77
   84   92   99  104  109  114  118  122  126  128  132  135  136  135  132  129
  124  120  116  112  110  109  108  108  108
    47.5-180.0 180.0   5.0 450.0                            LAT/LON1/LON2/DLON/H
  118  118  118  115  109  101   92   82   74   67   61   57   52   49   47   48
   48   47   45   42   38   36   35   34   35   36   36   36   35   33   31   29
   28   28   30   33   36   38   40   41   42   44   46   52   60   68   77   86
   93  102  108  114  119  124  128  133  138  141  144  147  148  147  143  139
  134  130  126  123  121  120  120  119  118
    45.0-180.0 180.0   5.0 450.0                            LAT/LON1/LON2/DLON/H
  130  129  127  124  117  108   99   89   80   72   66   60   55   51   50   50
   51   51   48   46   44   43   42   43   45   45   44   44   42   40   37   35
   34   35   37   40   43   46   46   47   47   48   51   58   66   75   85   94
  103  111  118  124  130  134  139  144  148  151  154  157  158  155  150  146
  142  137  135  133  132  132  131  130  130
    42.5-180.0 180.0   5.0 450.0                            LAT/LON1/LON2/DLON/H
  139  138  136  131  123  115  104   95   85   78   71   65   60   56   54   54
   55   55   53   52   51   52   53   55   57   57   55   53   51   48   46   43
   41   42   44   46   49   51   50   49   49   51   56   63   72   82   92  102
  111  119  126  133  139  143  148  153  157  159  162  163  164  160  155  150
  146  142  141  140  140  141  141  140  139
    40.0-180.0 180.0   5.0 450.0                            LAT/LON1/LON2/DLON/H
  145  143  140  134  127  117  108   98   90   83   77   72   66   61   59   58
   60   60   59   59   59   61   64   66   68   68   65   62   59   57   54   52
   49   49   50   51   53   53   52   50   51   53   58   67   77   89   99  110
  119  128  135  142  148  151  156  160  164  166  168  170  170  166  160  154
  149  146  145  144  146  146  147  146  145
    37.5-180.0 180.0   5.0 450.0                            LAT/LON1/LON2/DLON/H
  147  143  139  132  125  116  107   98   92   87   83   78   72   67   64   64
   65   65   65   66   67   69   72   75   76   75   72   68   65   62   60   57
   55   53   53   53   54   53   52   51   51   54   61   71   83   95  107  117
  127  135  141  148  152  157  161  166  171  174  177  179  179  176  169  162
  155  152  152  150  151  150  149  148  147
    35.0-180.0 180.0   5.0 450.0                            LAT/LON1/LON2/DLON/H
  143  138  133  127  118  110  101   95   90   88   87   83   78   74   71   71
   71   72   72   73   74   76   79   80   80   78   75   71   68   66   63   60
   57   55   54   54   54   53   52   51   52   57   65   76   89  101  114  124
  132  139  144  150  157  163  169  176  182  187  191  195  196  194  187  180
  172  168  166  161  159  155  150  147  143
    32.5-180.0 180.0   5.0 450.0                            LAT/LON1/LON2/DLON/H
  138  131  124  117  108  100   91   87   85   85   86   85   82   79   78   77
   77   78   78   79   79   81   81   81   79   76   73   71   69   66   63   60
   57   55   54   53   53   52   52   52   54   59   68   81   94  108  119  129
  137  143  149  155  163  173  183  192  201  207  214  220  223  223  218  211
  203  197  191  180  172  164  155  147  138
    30.0-180.0 180.0   5.0 450.0                            LAT/LON1/LON2/DLON/H
  139  126  117  107   97   88   80   75   75   77   81   82   82   82   82   82
   83   84   84   83   82   82   80   77   75   71   70   68   68   66   62   59
   56   54   53   52   52   52   52   54   57   63   72   85   99  112  124  134
  142  149  155  164  175  189  203  216  227  236  245  253  259  261  261  257
  249  240  228  211  197  179  165  153  139
    27.5-180.0 180.0   5.0 450.0                            LAT/LON1/LON2/DLON/H
  147  129  114  102   91   80   71   65   65   69   73   77   78   80   83   84
   86   86   87   85   83   81   77   73   70   67   67   68   68   67   63   59
   56   53   52   52   52   53   54   56   59   65   74   88  102  116  129  141
  149  157  166  178  193  211  228  245  259  271  282  293  303  310  310  312
  305  295  278  256  231  204  184  167  147
    25.0-180.0 180.0   5.0 450.0                            LAT/LON1/LON2/DLON/H
  165  143  124  106   93   80   69   62   60   63   67   70   73   76   80   82
   84   85   86   85   82   78   74   70   70   69   70   72   73   72   67   61
   56   53   53   53   53   54   56   58   61   66   75   89  105  119  133  146
  157  168  180  195  214  237  257  280  294  309  321  334  347  358  365  371
  364  354  334  307  275  244  214  189  165
    22.5-180.0 180.0   5.0 450.0                            LAT/LON1/LON2/DLON/H
  191  170  146  124  106   91   79   69   63   63   66   68   70   73   76   78
   80   82   83   83   81   77   75   75   77   79   81   84   85   81   74   65
   57   53   53   54   55   56   57   59   60   65   75   90  107  122  137  152
  167  180  195  215  239  267  291  312  330  345  358  372  386  400  411  422
  420  411  389  362  326  292  252  220  191
    20.0-180.0 180.0   5.0 450.0                            LAT/LON1/LON2/DLON/H
  228  203  177  155  133  115  101   88   79   74   73   71   71   73   73   74
   75   77   79   80   80   78   80   85   92   98  101  103  100   93   82   69
   60   56   55   56   57   58   58   58   58   63   73   90  108  127  144  161
  178  195  213  240  268  298  321  343  360  374  385  398  412  427  443  457
  460  455  436  413  378  342  299  258  228
    17.5-180.0 180.0   5.0 450.0                            LAT/LON1/LON2/DLON/H
  271  241  214  194  171  149  131  117  105   97   89   84   81   78   75   72
   71   73   76   78   79   81   88  100  112  123  125  125  117  105   90   75
   65   59   58   59   59   59   56   54   54   59   71   90  112  133  153  172
  192  212  235  266  296  322  345  364  379  390  399  409  422  434  448  463
  468  469  463  446  415  379  340  306  271
    15.0-180.0 180.0   5.0 450.0                            LAT/LON1/LON2/DLON/H
  313  279  252  234  214  190  169  152  141  128  117  108   99   92   83   76
   72   74   76   78   81   87   99  117  134  148  150  144  131  114   97   80
   69   63   61   61   61   58   54   50   49   56   71   92  116  140  162  185
  207  230  256  285  314  339  358  373  384  393  400  406  417  426  435  445
  453  458  460  450  426  401  371  341  313
    12.5-180.0 180.0   5.0 450.0                            LAT/LON1/LON2/DLON/H
  343  315  286  268  252  231  210  196  182  168  154  142  127  115   99   86
   80   80   81   84   88   97  113  135  154  167  167  155  139  119  100   83
   72   66   65   64   62   57   51   46   46   54   72   95  121  146  171  196
  220  244  271  297  322  344  360  371  377  383  388  394  403  410  415  419
  427  436  444  442  428  411  390  363  343
    10.0-180.0 180.0   5.0 450.0                            LAT/LON1/LON2/DLON/H
  362  341  315  295  280  264  247  234  220  208  193  178  160  143  121  106
   93   91   92   95   99  110  128  150  170  178  173  158  140  119  101   84
   75   70   69   66   63   57   50   44   44   54   74   99  126  152  178  202
  228  252  275  300  322  341  353  360  366  371  375  380  387  393  397  397
  404  416  428  430  425  414  398  381  362
     7.5-180.0 180.0   5.0 450.0                            LAT/LON1/LON2/DLON/H
  377  359  336  318  303  291  277  264  251  240  228  212  192  173  146  129
  113  110  110  112  114  126  142  161  179  180  172  156  136  117  101   87
   79   75   73   68   63   56   49   44   45   57   78  104  131  157  182  207
  230  253  274  296  316  332  341  347  355  361  366  372  379  384  387  386
  390  401  413  420  419  411  401  390  377
     5.0-180.0 180.0   5.0 450.0                            LAT/LON1/LON2/DLON/H
  387  373  354  337  324  313  299  285  273  264  253  239  221  200  174  155
  142  137  135  134  134  141  152  167  182  178  168  150  130  113   99   90
   84   80   76   71   64   56   48   45   48   62   83  109  137  161  184  206
  227  247  267  287  305  319  330  338  347  356  362  368  377  383  387  386
  387  393  404  413  412  406  400  393  387
     2.5-180.0 180.0   5.0 450.0                            LAT/LON1/LON2/DLON/H
  389  382  370  356  346  334  319  303  289  278  270  261  246  226  204  185
  172  166  163  158  153  155  162  172  182  175  163  144  124  109   99   92
   87   83   79   73   65   56   50   47   52   67   90  116  140  163  183  203
  220  238  255  273  291  306  319  331  343  354  361  367  378  389  394  394
  391  393  400  409  407  400  394  390  389
