data/IONEX/CVBB2880.21i
     1.0            IONOSPHERE MAPS     MIX                 IONEX VERSION / TYPE
cmpcmb v1.2          GRL/UWM            28-oct-21 01:54     PGM / RUN BY / DATE 
ionex file containing IGS COMBINED Ionosphere maps          COMMENT             
global ionosphere maps for day 288, 2021                    DESCRIPTION         
IONEX file containing the COMBINED IGS TEC MAPS and DCBs    DESCRIPTION         
      IONEX files of the following IAACs were combined: cod DESCRIPTION         
                                                        esa DESCRIPTION         
                                                        jpl DESCRIPTION         
                                                        upc DESCRIPTION         
Contact address: Andrzej Krankowski                         DESCRIPTION
                 Geodynamics Research Laboratory            DESCRIPTION
                 University of Warmia and Mazury (GRL/UWM)  DESCRIPTION
                 Oczapowski St. 1                           DESCRIPTION
                 10-957-Olsztyn, POLAND                     DESCRIPTION
                 e-mail:  kand@uwm.edu.pl                   DESCRIPTION
                                                            DESCRIPTION         
  2021    10    15     0     0     0                        EPOCH OF FIRST MAP  
  2021    10    16     0     0     0                        EPOCH OF LAST MAP   
  7200                                                      INTERVAL            
    13                                                      # OF MAPS IN FILE   
  COSZ                                                      MAPPING FUNCTION    
     0.0                                                    ELEVATION CUTOFF    
combined TEC calculated as weighted mean of input TEC valuesOBSERVABLES USED    
   354                                                      # OF STATIONS       
    32                                                      # OF SATELLITES     
  6371.0                                                    BASE RADIUS         
     2                                                      MAP DIMENSION       
   450.0 450.0   0.0                                        HGT1 / HGT2 / DHGT  
    87.5 -87.5  -2.5                                        LAT1 / LAT2 / DLAT  
  -180.0 180.0   5.0                                        LON1 / LON2 / DLON  
    -1                                                      EXPONENT            
TEC values in 0.1 tec units;  9999, if no value available   COMMENT             
DCB values in nanoseconds, reference is Sum_of_SatDCBs = 0  COMMENT             
                                                            END OF HEADER       
[from data line 5148]
    13                                                      START OF TEC MAP    
  2021    10    16     0     0     0                        EPOCH OF CURRENT MAP
    87.5-180.0 180.0   5.0 450.0                            LAT/LON1/LON2/DLON/H
   78   78   80   81   81   82   83   83   83   84   84   84   85   84   84   84
   83   82   81   80   79   78   75   73   71   70   68   67   66   65   63   62
   61   60   59   59   58   57   57   57   57   56   56   56   56   56   56   56
   56   57   57   58   58   59   59   60   61   62   63   64   65   66   67   68
   70   71   72   73   73   75   75   77   78
    85.0-180.0 180.0   5.0 450.0                            LAT/LON1/LON2/DLON/H
   83   84   86   88   89   90   92   93   93   94   95   95   95   95   94   93
   93   92   91   92   91   88   82   78   74   71   69   66   64   62   59   57
   55   54   52   51   50   49   49   49   49   48   48   49   49   49   50   50
   51   51   52   53   53   55   56   56   57   59   60   62   63   64   66   68
   69   71   73   75   76   78   80   82   83
    82.5-180.0 180.0   5.0 450.0                            LAT/LON1/LON2/DLON/H
   86   88   91   93   95   97   99  101  103  104  105  106  106  105  104  104
  101   99   96   93   91   92   86   79   76   72   69   66   62   59   56   53
   50   48   47   45   44   43   42   42   42   42   43   43   44   44   45   46
   47   48   48   49   50   51   53   54   55   57   58   60   62   64   65   67
   69   71   73   76   78   80   81   84   86
    80.0-180.0 180.0   5.0 450.0                            LAT/LON1/LON2/DLON/H
   88   91   94   96  100  102  106  107  109  112  113  114  114  114  112  111
  109  106  103   99   97   90   85   78   75   72   68   64   61   58   54   52
   48   45   42   39   39   38   38   38   38   38   39   40   40   42   42   44
   45   45   46   47   48   49   50   52   53   55   57   59   61   63   65   67
   69   71   74   76   78   80   82   85   88
    77.5-180.0 180.0   5.0 450.0                            LAT/LON1/LON2/DLON/H
   89   92   94   98  100  103  106  109  112  114  115  114  114  114  113  112
  109  107  102  100  100   92   90   82   81   71   63   57   53   49   45   44
   44   45   43   39   39   36   35   36   37   37   37   38   38   39   39   40
   42   42   43   44   45   46   48   49   51   53   56   58   60   63   65   67
   70   72   74   76   78   81   84   86   89
    75.0-180.0 180.0   5.0 450.0                            LAT/LON1/LON2/DLON/H
   90   93   95   96   98  102  105  110  113  114  115  116  114  113  113  108
  103   99   99   93   89   88   87   82   74   69   68   66   61   56   52   47
   43   41   41   41   41   37   35   36   37   37   38   38   38   38   37   37
   38   37   38   40   41   42   44   46   49   51   54   57   60   62   65   68
   71   74   77   79   81   84   86   88   90
    72.5-180.0 180.0   5.0 450.0                            LAT/LON1/LON2/DLON/H
   93   94   95   96   99  102  107  111  113  115  117  117  115  108  103  101
   98   93   89   85   82   81   78   74   72   67   63   63   62   59   57   53
   49   46   44   41   42   39   38   38   39   41   43   42   41   41   38   36
   35   34   34   35   36   38   40   43   46   49   52   55   59   62   66   70
   74   78   81   84   86   88   90   91   93
    70.0-180.0 180.0   5.0 450.0                            LAT/LON1/LON2/DLON/H
   97   98   98   99  101  103  107  110  111  114  116  114  109  102   99   95
   89   83   77   74   73   70   68   66   66   67   64   64   60   60   56   54
   52   49   47   45   45   42   41   41   42   45   47   47   46   44   40   36
   33   31   30   30   31   33   36   39   43   46   50   55   59   63   66   71
   76   80   85   89   91   95   96   97   97
    67.5-180.0 180.0   5.0 450.0                            LAT/LON1/LON2/DLON/H
  103  103  102  101  102  104  106  108  110  113  113  112  107  100   95   87
   81   73   67   64   64   60   60   61   62   62   62   64   62   59   56   54
   51   48   46   44   44   43   43   44   45   47   47   47   46   44   40   35
   31   27   26   25   26   28   31   35   40   45   49   55   59   63   68   73
   78   83   88   93   97  100  101  103  103
    65.0-180.0 180.0   5.0 450.0                            LAT/LON1/LON2/DLON/H
  108  107  106  104  103  103  105  108  110  112  112  110  106  100   91   84
   76   68   62   59   57   55   56   57   57   56   57   60   59   56   54   52
   49   46   44   42   41   41   42   43   42   43   42   42   42   41   37   32
   27   24   21   20   21   24   27   32   37   44   50   56   61   66   70   75
   80   85   91   96  101  104  106  108  108
    62.5-180.0 180.0   5.0 450.0                            LAT/LON1/LON2/DLON/H
  112  111  109  106  104  104  105  108  111  112  112  111  106  100   92   85
   77   68   64   57   55   53   51   51   50   50   52   54   54   52   51   48
   45   42   40   38   37   36   36   36   35   35   35   34   35   35   32   28
   25   21   18   17   18   21   25   31   37   45   52   59   64   69   73   78
   82   88   94   99  104  108  111  112  112
    60.0-180.0 180.0   5.0 450.0                            LAT/LON1/LON2/DLON/H
  116  115  113  110  107  106  106  108  111  113  113  111  107  101   96   89
   81   74   69   61   57   55   50   48   46   45   47   47   48   47   47   43
   39   36   33   31   30   31   29   28   29   30   31   32   33   33   30   27
   23   20   17   17   17   20   25   32   39   48   55   63   68   73   77   82
   86   91   97  102  106  111  113  115  116
    57.5-180.0 180.0   5.0 450.0                            LAT/LON1/LON2/DLON/H
  121  121  118  115  111  109  108  108  110  112  113  111  108  104   99   93
   88   82   76   69   65   60   54   51   47   45   44   44   45   44   43   39
   34   32   28   26   26   26   26   27   28   30   32   33   34   33   32   29
   25   22   20   19   19   22   27   34   42   52   59   68   73   78   81   86
   91   95  100  104  109  113  117  119  121
    55.0-180.0 180.0   5.0 450.0                            LAT/LON1/LON2/DLON/H
  127  128  126  123  118  114  111  110  111  112  112  112  110  107  103   98
   94   90   84   77   71   65   59   55   51   48   46   45   45   44   42   38
   33   30   28   26   26   26   28   30   31   33   36   37   38   38   36   34
   30   27   25   24   23   26   31   38   47   56   64   72   77   82   86   90
   95  100  105  109  113  117  120  124  127
    52.5-180.0 180.0   5.0 450.0                            LAT/LON1/LON2/DLON/H
  135  137  137  133  128  122  117  115  113  113  113  113  112  110  107  103
  100   95   90   83   75   69   63   59   55   53   50   49   48   46   43   39
   35   33   31   31   33   34   35   36   37   40   42   43   44   44   42   40
   37   35   32   31   31   33   37   43   51   60   69   76   81   85   89   94
   99  106  111  115  119  122  126  131  135
    50.0-180.0 180.0   5.0 450.0                            LAT/LON1/LON2/DLON/H
  145  148  148  145  139  132  126  122  119  118  116  116  115  112  110  108
  104   99   92   86   78   72   67   63   61   59   55   54   52   50   47   43
   40   39   39   40   42   43   44   45   45   47   49   50   50   50   49   48
   46   44   42   41   40   41   43   48   55   64   72   79   85   89   93   98
  104  112  118  122  126  130  134  139  145
    47.5-180.0 180.0   5.0 450.0                            LAT/LON1/LON2/DLON/H
  154  159  159  156  151  144  137  131  127  125  122  121  119  117  115  112
  107  101   94   86   80   75   72   69   68   66   63   61   58   54   51   49
   47   47   49   51   53   55   54   54   55   55   55   56   56   56   56   57
   55   55   53   51   49   49   50   54   61   70   77   84   90   93   97  103
  109  118  126  131  136  139  144  149  154
    45.0-180.0 180.0   5.0 450.0                            LAT/LON1/LON2/DLON/H
  164  168  169  166  160  154  147  141  136  133  130  127  125  123  120  116
  111  103   95   87   81   78   77   76   76   73   70   67   62   58   55   54
   54   55   58   62   64   64   64   64   63   61   60   61   63   64   64   65
   65   64   62   59   57   56   57   61   68   77   84   91   95   97  101  107
  114  123  132  139  145  149  153  158  164
    42.5-180.0 180.0   5.0 450.0                            LAT/LON1/LON2/DLON/H
  171  174  174  171  166  160  154  149  145  141  137  134  132  130  128  123
  115  106   97   89   84   81   82   82   81   78   75   70   65   61   59   59
   60   62   66   69   72   72   71   69   68   65   64   65   67   69   71   72
   73   72   70   67   64   62   64   69   76   85   93   98  101  103  105  111
  119  128  138  147  153  158  163  167  171
    40.0-180.0 180.0   5.0 450.0                            LAT/LON1/LON2/DLON/H
  176  178  178  173  167  162  158  156  153  150  146  142  140  139  137  131
  122  112  101   93   88   85   86   85   85   81   77   71   66   63   62   62
   64   67   71   74   76   77   75   73   70   68   67   69   71   75   77   79
   79   79   77   73   70   68   70   76   84   94  101  107  109  111  113  117
  123  132  143  152  160  166  171  173  176
    37.5-180.0 180.0   5.0 450.0                            LAT/LON1/LON2/DLON/H
  179  180  179  173  167  161  160  161  160  158  155  151  149  148  147  141
  132  121  108  100   94   91   90   88   87   82   77   71   67   65   65   66
   68   71   74   77   79   79   78   76   73   72   71   73   77   80   82   83
   84   83   81   77   73   72   76   83   92  102  109  115  118  119  120  122
  127  136  147  157  168  174  178  179  179
    35.0-180.0 180.0   5.0 450.0                            LAT/LON1/LON2/DLON/H
  184  182  180  173  167  163  161  164  167  168  164  161  160  159  157  152
  144  131  119  110  102   99   94   88   86   83   77   72   69   67   69   71
   72   74   76   79   81   80   80   79   78   77   78   80   83   85   87   88
   87   85   81   76   73   73   78   88   98  108  116  121  125  127  127  128
  132  140  154  166  178  184  187  187  184
    32.5-180.0 180.0   5.0 450.0                            LAT/LON1/LON2/DLON/H
  194  190  186  179  172  169  168  171  174  176  173  171  170  170  167  162
  154  143  132  123  111  105   96   88   85   81   76   73   71   73   75   77
   78   79   80   81   82   83   84   84   84   84   85   85   87   88   89   88
   87   84   79   73   71   73   79   89  101  111  119  125  130  134  135  137
  140  149  165  181  193  199  201  199  194
    30.0-180.0 180.0   5.0 450.0                            LAT/LON1/LON2/DLON/H
  214  209  205  198  190  184  182  186  185  185  183  181  181  182  178  172
  163  153  144  134  120  110  100   88   83   80   77   76   78   80   83   86
   86   86   86   85   86   88   90   90   90   89   89   88   89   89   88   87
   85   81   76   70   67   69   78   89  101  111  120  127  135  141  146  149
  154  165  184  203  216  223  224  220  214
    27.5-180.0 180.0   5.0 450.0                            LAT/LON1/LON2/DLON/H
  246  243  241  234  224  215  211  209  205  199  194  192  193  192  188  181
  171  161  152  140  126  115  105   92   86   84   83   85   88   90   93   96
   96   94   92   92   92   94   96   96   95   93   91   90   89   89   87   85
   82   77   70   65   61   64   74   87   99  111  120  129  139  149  158  165
  175  187  212  232  248  256  254  252  246
    25.0-180.0 180.0   5.0 450.0                            LAT/LON1/LON2/DLON/H
  292  296  296  288  275  262  252  244  234  222  211  204  204  203  197  188
  177  167  157  144  132  123  113  104   99   96   96   99  102  104  106  107
  105  102  100  100   99  101  102  101   99   95   92   89   89   87   84   80
   76   71   64   57   55   59   69   83   97  109  119  129  142  156  171  183
  197  211  243  266  285  296  293  292  292
    22.5-180.0 180.0   5.0 450.0                            LAT/LON1/LON2/DLON/H
  346  357  359  354  338  322  305  289  273  256  238  223  220  217  209  197
  184  172  161  150  140  133  126  125  127  124  119  118  117  117  117  116
  114  111  108  107  105  108  108  105  101   96   90   87   86   83   79   74
   69   64   58   52   49   54   66   81   96  108  118  129  145  166  185  205
  221  240  269  296  323  336  334  335  346
    20.0-180.0 180.0   5.0 450.0                            LAT/LON1/LON2/DLON/H
  390  415  428  425  407  385  362  342  321  295  269  251  240  234  224  211
  194  180  170  159  152  149  147  157  171  167  154  147  134  128  125  124
  122  119  115  113  109  111  110  107  101   94   87   84   81   77   72   67
   63   57   53   47   46   52   64   81   96  108  120  133  150  175  200  225
  246  268  291  319  344  364  367  371  390
    17.5-180.0 180.0   5.0 450.0                            LAT/LON1/LON2/DLON/H
  416  451  477  479  465  443  420  401  374  342  309  284  265  253  242  228
  210  194  183  174  170  173  178  198  220  217  197  179  152  138  131  131
  130  125  120  117  112  113  111  106   99   91   83   79   76   71   65   60
   56   53   49   45   44   51   65   82   98  111  124  139  157  182  212  240
  264  286  305  326  342  365  378  389  416
    15.0-180.0 180.0   5.0 450.0                            LAT/LON1/LON2/DLON/H
  420  460  493  507  502  485  467  450  426  390  354  322  294  274  262  248
  230  214  203  196  194  206  220  237  254  254  233  205  170  152  141  137
  137  132  127  125  118  115  111  106   97   88   80   75   71   66   60   55
   52   50   47   44   44   52   66   85  101  116  130  146  165  190  221  252
  277  297  312  326  339  354  371  388  420
    12.5-180.0 180.0   5.0 450.0                            LAT/LON1/LON2/DLON/H
  405  445  480  503  509  502  492  482  466  435  399  362  328  302  286  271
  256  242  227  220  222  239  254  259  264  260  239  205  174  157  146  146
  145  139  135  130  122  117  112  105   96   87   79   73   69   64   59   54
   51   49   46   44   45   53   69   88  106  122  137  153  172  197  227  257
  284  302  316  325  332  341  354  374  405
    10.0-180.0 180.0   5.0 450.0                            LAT/LON1/LON2/DLON/H
  378  412  447  473  487  492  493  492  487  465  438  400  362  336  316  299
  285  270  257  250  250  259  265  264  257  242  213  178  155  144  142  150
  153  149  145  140  129  121  113  105   96   86   78   73   70   65   59   55
   51   49   46   44   45   54   70   90  110  127  143  159  178  201  230  259
  284  303  315  322  326  330  338  353  378
     7.5-180.0 180.0   5.0 450.0                            LAT/LON1/LON2/DLON/H
  351  376  403  428  446  459  470  481  486  479  459  430  398  368  349  330
  315  300  288  281  276  276  271  259  240  213  178  148  132  132  145  161
  167  164  159  149  136  125  115  106   96   88   81   76   72   67   61   56
   53   49   46   43   44   54   71   91  112  130  146  162  181  203  230  256
  281  299  311  318  323  324  326  334  351
     5.0-180.0 180.0   5.0 450.0                            LAT/LON1/LON2/DLON/H
  335  347  363  381  399  417  434  451  464  471  465  446  419  395  377  358
  344  330  314  304  297  292  275  250  221  183  153  131  124  136  163  184
  191  185  173  158  144  131  119  108   99   92   85   78   75   70   65   59
   55   50   45   42   43   54   71   92  115  132  146  161  180  202  227  252
  276  294  306  317  325  328  326  327  335
     2.5-180.0 180.0   5.0 450.0                            LAT/LON1/LON2/DLON/H
  338  336  339  348  362  379  397  417  433  447  452  443  426  410  396  380
  366  352  335  321  309  294  266  235  199  168  144  130  134  152  184  207
  216  206  189  167  151  137  124  111  102   97   89   82   78   74   68   62
   56   51   45   41   43   54   72   94  115  132  144  159  177  199  223  247
  268  291  307  323  338  344  341  338  338
