data/IONEX/CVBB2850.21i
     1.0            IONOSPHERE MAPS     MIX                 IONEX VERSION / TYPE
cmpcmb v1.2          GRL/UWM            28-oct-21 01:36     PGM / RUN BY / DATE 
ionex file containing IGS COMBINED Ionosphere maps          COMMENT             
global ionosphere maps for day 285, 2021                    DESCRIPTION         
IONEX file containing the COMBINED IGS TEC MAPS and DCBs    DESCRIPTION         
      IONEX files of the following IAACs were combined: cod DESCRIPTION         
                                                        esa DESCRIPTION         
                                                        jpl DESCRIPTION         
                                                        upc DESCRIPTION         
Contact address: Andrzej Krankowski                         DESCRIPTION
                 Geodynamics Research Laboratory            DESCRIPTION
                 University of Warmia and Mazury (GRL/UWM)  DESCRIPTION
                 Oczapowski St. 1                           DESCRIPTION
                 10-957-Olsztyn, POLAND                     DESCRIPTION
                 e-mail:  kand@uwm.edu.pl                   DESCRIPTION
                                                            DESCRIPTION         
  2021    10    12     0     0     0                        EPOCH OF FIRST MAP  
  2021    10    13     0     0     0                        EPOCH OF LAST MAP   
  7200                                                      INTERVAL            
    13                                                      # OF MAPS IN FILE   
  COSZ                                                      MAPPING FUNCTION    
     0.0                                                    ELEVATION CUTOFF    
combined TEC calculated as weighted mean of input TEC valuesOBSERVABLES USED    
   358                                                      # OF STATIONS       
    32                                                      # OF SATELLITES     
  6371.0                                                    BASE RADIUS         
     2                                                      MAP DIMENSION       
   450.0 450.0   0.0                                        HGT1 / HGT2 / DHGT  
    87.5 -87.5  -2.5                                        LAT1 / LAT2 / DLAT  
  -180.0 180.0   5.0                                        LON1 / LON2 / DLON  
    -1                                                      EXPONENT            
TEC values in 0.1 tec units;  9999, if no value available   COMMENT             
DCB values in nanoseconds, reference is Sum_of_SatDCBs = 0  COMMENT             
                                                            END OF HEADER       
[from data line 3861]
    10                                                      START OF TEC MAP    
  2021    10    12    18     0     0                        EPOCH OF CURRENT MAP
    87.5-180.0 180.0   5.0 450.0                            LAT/LON1/LON2/DLON/H
   44   44   44   44   44   44   44   44   44   44   44   44   44   44   43   43
   43   43   42   42   42   42   42   41   41   41   41   41   41   41   40   40
   40   39   39   39   39   39   39   39   38   38   38   38   38   38   38   38
   38   38   38   38   38   38   38   39   39   39   40   40   40   41   41   41
   42   42   42   42   43   43   43   43   44
    85.0-180.0 180.0   5.0 450.0                            LAT/LON1/LON2/DLON/H
   47   47   47   48   48   48   48   48   48   48   48   48   48   48   47   48
   48   48   48   47   47   46   45   45   44   44   44   44   44   44   43   43
   43   43   42   42   42   42   42   41   41   41   40   40   39   39   38   38
   38   38   37   38   38   38   38   39   40   40   41   41   42   43   44   44
   45   46   46   46   46   46   47   47   47
    82.5-180.0 180.0   5.0 450.0                            LAT/LON1/LON2/DLON/H
   53   54   54   55   55   55   55   54   54   54   54   53   53   53   52   52
   51   50   49   49   51   51   50   49   49   49   48   49   49   50   50   49
   49   48   49   47   47   46   46   45   45   44   44   43   42   42   41   40
   39   38   38   38   38   39   39   40   41   41   42   43   44   45   47   48
   49   50   51   51   51   52   52   53   53
    80.0-180.0 180.0   5.0 450.0                            LAT/LON1/LON2/DLON/H
   61   61   62   61   61   60   60   61   61   60   60   60   60   60   60   60
   59   58   57   57   55   54   55   56   57   56   56   56   55   54   54   54
   55   54   55   54   53   51   52   51   50   49   49   48   47   45   44   42
   41   40   39   39   39   39   39   40   41   42   43   44   46   48   50   51
   53   54   55   56   57   58   59   60   61
    77.5-180.0 180.0   5.0 450.0                            LAT/LON1/LON2/DLON/H
   67   67   67   66   65   65   64   64   63   63   64   65   64   65   65   65
   65   65   65   65   66   65   66   65   65   65   63   63   62   62   62   60
   58   55   54   56   56   56   57   57   56   55   54   53   51   47   45   43
   42   41   40   39   39   39   39   41   42   43   44   46   47   49   51   53
   55   57   58   60   62   64   65   66   67
    75.0-180.0 180.0   5.0 450.0                            LAT/LON1/LON2/DLON/H
   70   70   70   69   69   67   66   66   66   66   67   68   69   70   71   71
   71   70   72   72   73   73   74   74   73   74   73   72   70   68   68   66
   64   61   58   56   55   56   57   57   57   56   56   54   52   50   47   44
   42   40   39   39   39   39   40   41   42   44   46   47   49   51   52   54
   57   58   60   62   65   66   68   69   70
    72.5-180.0 180.0   5.0 450.0                            LAT/LON1/LON2/DLON/H
   72   72   72   72   71   70   69   68   67   69   70   71   72   74   75   75
   76   78   78   79   80   81   83   84   83   84   83   80   79   76   71   69
   66   63   60   58   55   54   54   55   55   54   53   53   51   49   47   45
   42   40   39   39   39   40   40   42   43   45   47   49   50   51   52   54
   55   57   60   63   65   67   69   70   72
    70.0-180.0 180.0   5.0 450.0                            LAT/LON1/LON2/DLON/H
   71   72   72   73   72   72   70   69   70   70   72   73   75   76   78   79
   81   81   82   84   85   88   91   92   92   92   91   89   85   81   76   69
   65   61   57   54   53   52   50   49   49   49   49   48   47   46   45   43
   41   39   38   38   38   40   40   42   44   47   48   49   50   50   51   51
   52   54   57   60   63   66   68   70   71
    67.5-180.0 180.0   5.0 450.0                            LAT/LON1/LON2/DLON/H
   68   69   70   71   71   71   69   69   69   71   73   74   77   78   79   80
   81   82   85   86   89   93   97   97   99   98   95   92   89   83   77   70
   63   58   54   50   48   47   45   44   43   43   43   44   43   43   42   41
   39   38   38   38   38   39   40   42   44   46   47   48   48   48   48   47
   47   49   51   54   58   62   64   67   68
    65.0-180.0 180.0   5.0 450.0                            LAT/LON1/LON2/DLON/H
   62   64   65   67   68   67   67   67   68   70   72   75   77   77   79   79
   80   81   83   86   91   95  100  101  102  101   98   94   89   84   77   69
   61   56   51   47   44   43   41   40   39   39   39   40   41   41   41   40
   38   38   38   37   37   38   39   40   42   43   44   45   45   44   43   42
   42   43   44   47   51   54   58   60   62
    62.5-180.0 180.0   5.0 450.0                            LAT/LON1/LON2/DLON/H
   54   56   59   62   63   64   65   66   67   69   71   74   75   76   77   77
   77   77   78   82   88   94   99  102  103  101   98   93   87   82   76   69
   61   56   52   48   44   42   40   39   37   36   36   37   38   39   40   41
   40   40   39   38   37   37   38   38   39   40   41   41   41   39   39   38
   37   37   38   40   43   46   50   53   54
    60.0-180.0 180.0   5.0 450.0                            LAT/LON1/LON2/DLON/H
   47   50   53   57   60   62   63   64   66   67   70   73   74   75   75   74
   73   73   73   78   84   90   96   99  101  100   97   92   86   80   75   70
   65   60   55   52   48   45   43   41   39   38   37   39   40   41   42   43
   43   42   41   39   38   37   36   37   37   37   38   38   37   37   36   35
   34   33   33   35   37   40   43   45   47
    57.5-180.0 180.0   5.0 450.0                            LAT/LON1/LON2/DLON/H
   41   45   49   53   57   60   61   63   64   66   69   72   74   75   74   72
   70   69   69   73   79   85   91   96   98   98   95   91   86   82   78   75
   71   66   63   60   56   53   50   48   46   45   45   46   47   48   48   48
   48   46   44   42   40   39   38   37   37   37   37   37   37   37   37   36
   35   34   33   33   34   35   37   39   41
    55.0-180.0 180.0   5.0 450.0                            LAT/LON1/LON2/DLON/H
   39   42   46   51   55   59   62   63   65   66   69   72   74   75   74   72
   69   67   67   69   74   80   86   92   95   96   95   92   89   85   84   82
   79   76   73   71   67   64   62   60   58   56   58   58   58   58   57   56
   55   53   50   47   46   44   42   41   41   41   41   41   40   41   40   41
   40   38   36   35   35   35   35   36   39
    52.5-180.0 180.0   5.0 450.0                            LAT/LON1/LON2/DLON/H
   39   42   46   52   57   62   65   66   67   68   70   73   75   76   75   74
   71   68   66   68   71   77   84   90   93   95   96   95   93   90   90   90
   88   86   85   82   80   78   76   74   72   72   72   72   70   69   67   65
   63   62   59   57   54   53   51   50   49   49   47   47   47   47   48   48
   48   46   44   42   39   38   37   38   39
    50.0-180.0 180.0   5.0 450.0                            LAT/LON1/LON2/DLON/H
   42   45   50   56   62   68   71   72   72   72   73   74   77   78   78   77
   74   71   69   68   71   76   82   89   93   95   97   97   97   97   97   98
   97   97   96   95   94   93   90   89   88   88   87   85   84   82   79   77
   74   71   69   68   66   65   63   61   59   58   57   56   56   55   56   58
   58   57   54   51   48   45   43   41   42
    47.5-180.0 180.0   5.0 450.0                            LAT/LON1/LON2/DLON/H
   48   51   56   62   70   75   79   79   78   77   77   78   80   82   83   83
   80   77   73   72   73   78   83   89   93   97  100  101  103  104  106  106
  105  106  107  108  107  107  105  104  102  102  101   99   97   94   91   88
   85   82   80   80   79   78   76   72   70   68   67   66   65   66   66   67
   68   67   65   62   57   53   49   48   48
    45.0-180.0 180.0   5.0 450.0                            LAT/LON1/LON2/DLON/H
   55   59   64   71   78   84   88   88   87   85   83   84   86   88   90   92
   89   85   80   78   78   81   85   91   96  100  105  108  110  112  113  114
  114  116  118  120  121  120  119  117  116  115  113  110  107  105  101   99
   96   93   92   92   92   90   88   84   80   77   76   75   74   74   75   75
   75   74   73   70   65   60   57   55   55
    42.5-180.0 180.0   5.0 450.0                            LAT/LON1/LON2/DLON/H
   63   67   72   80   87   94   98   98   97   95   93   93   95   97  101  103
  102   97   91   88   86   88   91   96  101  106  112  116  118  120  121  121
  122  126  130  133  134  134  132  130  128  125  122  119  115  113  110  107
  105  103  101  102  102  101   99   93   89   85   83   81   80   80   80   79
   80   79   77   74   70   65   62   61   63
    40.0-180.0 180.0   5.0 450.0                            LAT/LON1/LON2/DLON/H
   69   75   82   89   97  104  108  109  109  108  105  105  106  110  114  117
  117  113  106  102   99  100  102  105  110  115  120  126  128  129  129  130
  133  139  145  148  149  147  145  141  138  134  129  125  121  118  115  113
  111  109  108  107  108  108  107  102   98   93   90   87   85   83   81   80
   79   78   76   73   70   67   65   66   69
    37.5-180.0 180.0   5.0 450.0                            LAT/LON1/LON2/DLON/H
   75   83   90   98  106  112  117  120  122  122  120  119  121  125  130  134
  135  133  126  122  118  119  119  121  124  129  133  138  140  139  140  144
  149  157  164  167  167  163  157  151  146  140  135  130  125  121  118  116
  114  111  109  109  110  111  111  108  104   99   96   92   89   85   83   79
   76   74   72   69   68   66   66   70   75
    35.0-180.0 180.0   5.0 450.0                            LAT/LON1/LON2/DLON/H
   81   91   99  106  114  120  126  131  136  137  138  137  139  144  149  156
  157  155  151  146  144  144  145  146  148  149  153  156  156  155  158  164
  174  184  190  193  189  181  170  161  152  145  138  132  128  123  120  117
  114  111  108  108  110  112  113  110  107  103  100   96   92   88   83   79
   75   72   68   66   65   65   67   73   81
    32.5-180.0 180.0   5.0 450.0                            LAT/LON1/LON2/DLON/H
   89  100  107  114  121  127  134  141  148  153  157  159  162  167  173  178
  182  181  177  176  177  178  180  181  182  179  179  180  178  179  183  192
  206  218  226  224  216  202  185  170  159  150  144  137  132  127  122  119
  115  110  107  108  111  113  114  112  109  106  104  100   96   91   86   81
   76   72   69   66   65   66   70   79   89
    30.0-180.0 180.0   5.0 450.0                            LAT/LON1/LON2/DLON/H
   99  109  116  122  128  135  142  150  159  168  176  182  189  193  197  204
  209  208  210  216  218  222  225  228  226  219  217  214  209  211  217  229
  246  261  267  267  252  228  202  183  170  158  152  147  140  133  127  123
  118  112  110  112  113  114  115  113  112  110  107  104  100   95   91   86
   82   79   74   71   69   70   75   86   99
    27.5-180.0 180.0   5.0 450.0                            LAT/LON1/LON2/DLON/H
  107  119  127  133  137  143  150  160  172  185  195  206  214  220  224  231
  235  242  245  258  265  270  277  281  278  269  264  258  250  253  259  273
  294  313  319  318  293  258  222  196  182  170  164  157  151  144  137  132
  125  119  116  117  117  116  116  114  113  111  110  108  106  102   98   96
   93   91   87   82   79   78   83   93  107
    25.0-180.0 180.0   5.0 450.0                            LAT/LON1/LON2/DLON/H
  116  128  138  143  147  153  160  172  186  200  214  227  239  248  251  256
  263  274  277  290  304  314  324  329  327  321  313  304  294  300  309  324
  350  371  379  376  346  295  247  211  190  180  172  168  162  158  152  146
  138  131  127  125  123  121  121  117  116  115  114  114  113  111  108  108
  108  107  103   97   91   89   93  102  116
    22.5-180.0 180.0   5.0 450.0                            LAT/LON1/LON2/DLON/H
  123  137  148  155  159  165  173  187  201  217  232  246  261  272  275  279
  284  294  304  317  334  349  361  368  369  365  356  350  343  350  365  385
  410  432  437  430  394  329  272  227  198  188  182  182  180  177  175  167
  157  149  141  137  133  129  127  123  120  118  119  120  121  121  119  121
  121  123  119  112  105  101  102  109  123
    20.0-180.0 180.0   5.0 450.0                            LAT/LON1/LON2/DLON/H
  131  147  159  166  171  177  189  204  219  234  250  265  280  292  297  298
  300  308  324  337  355  372  388  398  403  405  395  392  391  404  424  439
  466  476  477  460  416  354  295  244  214  205  201  201  204  205  203  195
  184  174  163  156  149  141  137  130  125  124  125  128  130  130  128  129
  131  132  129  123  115  108  108  116  131
    17.5-180.0 180.0   5.0 450.0                            LAT/LON1/LON2/DLON/H
  137  156  170  177  183  190  203  221  238  252  268  282  297  309  315  315
  316  321  335  348  364  384  404  421  431  436  430  429  434  450  471  484
  497  501  491  463  424  362  305  264  238  232  231  229  235  238  238  230
  217  204  189  176  166  155  148  137  132  130  131  135  136  135  133  133
  134  134  131  127  119  111  110  119  137
    15.0-180.0 180.0   5.0 450.0                            LAT/LON1/LON2/DLON/H
  138  161  178  188  194  202  218  238  256  270  284  299  313  325  331  329
  329  333  341  354  369  389  413  435  450  458  456  455  461  481  498  502
  504  502  485  456  410  358  308  278  265  263  263  261  269  272  274  266
  251  233  214  197  182  167  158  144  137  135  135  139  139  137  134  133
  132  130  127  125  118  109  107  118  138
    12.5-180.0 180.0   5.0 450.0                            LAT/LON1/LON2/DLON/H
  137  162  182  194  203  215  232  254  273  286  299  313  326  337  342  340
  338  340  347  357  370  390  415  441  460  471  469  469  473  489  502  499
  493  483  468  440  400  357  319  301  294  292  292  293  299  303  302  293
  278  258  234  212  191  173  162  145  137  134  133  136  138  135  131  128
  125  122  120  118  111  104  102  115  137
    10.0-180.0 180.0   5.0 450.0                            LAT/LON1/LON2/DLON/H
  134  160  182  198  209  225  246  269  289  302  313  325  337  347  349  346
  344  345  351  361  373  391  417  444  465  476  475  474  478  484  492  487
  475  463  449  427  399  367  342  329  322  318  316  316  321  323  319  311
  296  273  247  218  193  172  159  141  135  131  127  129  130  128  125  121
  117  113  111  108  103   97   98  111  134
     7.5-180.0 180.0   5.0 450.0                            LAT/LON1/LON2/DLON/H
  131  158  182  199  214  232  256  282  303  316  327  338  346  352  353  351
  349  350  356  365  376  395  421  448  468  479  479  477  478  478  478  470
  458  446  436  423  405  387  371  359  349  341  333  331  333  332  327  319
  302  277  248  216  186  163  149  134  130  125  121  121  121  119  117  114
  111  107  103  101   96   91   94  108  131
     5.0-180.0 180.0   5.0 450.0                            LAT/LON1/LON2/DLON/H
  128  155  181  200  216  237  263  290  311  326  339  348  353  356  356  354
  354  357  362  371  382  402  428  453  472  482  483  479  476  471  468  460
  450  440  433  427  416  405  396  383  370  356  342  334  334  331  326  318
  299  273  241  207  175  150  136  126  122  119  116  114  112  111  111  109
  107  105  100   97   92   87   90  106  128
     2.5-180.0 180.0   5.0 450.0                            LAT/LON1/LON2/DLON/H
  129  155  180  199  216  237  264  292  315  332  346  355  359  360  358  358
  360  366  372  381  393  413  435  458  477  487  489  484  476  468  463  459
  452  443  438  434  428  421  411  397  380  360  340  327  324  320  313  303
  284  259  228  196  165  139  127  119  115  114  112  109  107  106  107  106
  105  104  101   97   92   87   90  107  129
