data/IONEX/CVBB2920.21i
     1.0            IONOSPHERE MAPS     MIX                 IONEX VERSION / TYPE
cmpcmb v1.2          GRL/UWM             6-nov-21 02:09     PGM / RUN BY / DATE 
ionex file containing IGS COMBINED Ionosphere maps          COMMENT             
global ionosphere maps for day 292, 2021                    DESCRIPTION         
IONEX file containing the COMBINED IGS TEC MAPS and DCBs    DESCRIPTION         
      IONEX files of the following IAACs were combined: cod DESCRIPTION         
                                                        esa DESCRIPTION         
                                                        jpl DESCRIPTION         
                                                        upc DESCRIPTION         
Contact address: Andrzej Krankowski                         DESCRIPTION
                 Geodynamics Research Laboratory            DESCRIPTION
                 University of Warmia and Mazury (GRL/UWM)  DESCRIPTION
                 Oczapowski St. 1                           DESCRIPTION
                 10-957-Olsztyn, POLAND                     DESCRIPTION
                 e-mail:  kand@uwm.edu.pl                   DESCRIPTION
                                                            DESCRIPTION         
  2021    10    19     0     0     0                        EPOCH OF FIRST MAP  
  2021    10    20     0     0     0                        EPOCH OF LAST MAP   
  7200                                                      INTERVAL            
    13                                                      # OF MAPS IN FILE   
  COSZ                                                      MAPPING FUNCTION    
     0.0                                                    ELEVATION CUTOFF    
combined TEC calculated as weighted mean of input TEC valuesOBSERVABLES USED    
   357                                                      # OF STATIONS       
    32                                                      # OF SATELLITES     
  6371.0                                                    BASE RADIUS         
     2                                                      MAP DIMENSION       
   450.0 450.0   0.0                                        HGT1 / HGT2 / DHGT  
    87.5 -87.5  -2.5                                        LAT1 / LAT2 / DLAT  
  -180.0 180.0   5.0                                        LON1 / LON2 / DLON  
    -1                                                      EXPONENT            
TEC values in 0.1 tec units;  9999, if no value available   COMMENT             
DCB values in nanoseconds, reference is Sum_of_SatDCBs = 0  COMMENT             
                                                            END OF HEADER       
[from data line 1716]
     5                                                      START OF TEC MAP    
  2021    10    19     8     0     0                        EPOCH OF CURRENT MAP
    87.5-180.0 180.0   5.0 450.0                            LAT/LON1/LON2/DLON/H
   48   49   49   49   50   50   50   51   51   52   52   52   52   53   52   53
   53   53   54   53   54   54   54   54   54   55   55   55   55   56   56   56
   56   56   56   56   56   56   56   56   56   55   55   55   55   54   54   53
   53   52   53   52   51   50   50   49   49   49   48   48   47   47   47   47
   47   47   47   47   47   47   48   48   48
    85.0-180.0 180.0   5.0 450.0                            LAT/LON1/LON2/DLON/H
   43   44   45   46   46   47   48   48   49   49   50   50   51   51   51   51
   52   52   52   52   52   52   53   53   54   54   55   55   55   55   56   56
   57   58   58   58   58   58   59   59   58   58   58   58   57   56   56   55
   54   53   53   51   51   50   48   48   47   46   45   44   43   42   41   41
   41   41   41   41   42   42   43   43   43
    82.5-180.0 180.0   5.0 450.0                            LAT/LON1/LON2/DLON/H
   37   39   40   41   42   43   44   45   46   46   47   47   47   47   47   48
   48   48   48   48   48   48   48   49   51   51   52   52   53   54   55   56
   57   57   58   59   59   60   60   60   60   60   61   60   60   60   59   57
   56   55   54   53   52   51   49   48   47   46   45   43   42   40   38   38
   37   36   36   35   36   35   36   37   37
    80.0-180.0 180.0   5.0 450.0                            LAT/LON1/LON2/DLON/H
   32   34   35   36   38   39   40   41   42   43   43   43   43   42   42   42
   42   41   41   41   42   42   42   45   45   46   47   47   48   49   50   51
   52   53   54   55   56   58   59   60   61   62   63   63   63   63   62   61
   60   60   59   57   56   55   54   52   51   49   48   46   43   41   39   37
   35   33   32   31   30   30   30   31   32
    77.5-180.0 180.0   5.0 450.0                            LAT/LON1/LON2/DLON/H
   28   30   31   33   35   37   38   39   40   40   40   40   39   38   37   37
   36   35   35   35   36   37   37   37   40   40   40   41   42   43   44   46
   47   48   50   52   54   56   57   59   61   63   64   66   66   67   67   66
   67   66   66   65   64   63   62   60   58   57   54   52   49   46   43   40
   37   34   31   29   27   27   26   27   28
    75.0-180.0 180.0   5.0 450.0                            LAT/LON1/LON2/DLON/H
   26   27   29   31   34   35   36   37   38   38   37   36   34   33   32   30
   30   30   29   30   31   32   33   34   35   36   38   38   38   39   40   41
   43   45   47   49   52   54   57   59   62   64   66   68   69   70   71   72
   73   74   74   74   73   73   72   71   69   67   65   62   58   54   51   47
   43   39   35   32   28   26   24   25   26
    72.5-180.0 180.0   5.0 450.0                            LAT/LON1/LON2/DLON/H
   25   28   29   30   32   33   34   35   36   36   35   34   31   30   28   27
   25   25   26   27   28   30   32   34   35   35   36   36   37   36   37   38
   40   42   43   46   50   53   56   59   62   65   68   70   72   74   76   78
   80   81   82   83   82   82   82   81   79   77   75   72   68   64   60   56
   51   46   41   37   33   29   26   25   25
    70.0-180.0 180.0   5.0 450.0                            LAT/LON1/LON2/DLON/H
   28   28   29   30   30   31   33   35   35   35   35   34   31   29   27   25
   24   23   24   26   28   31   32   34   36   36   36   36   36   35   35   35
   37   39   42   44   48   52   56   60   63   66   70   73   75   78   80   83
   86   88   89   90   90   90   90   89   87   85   83   80   76   73   69   64
   59   54   48   44   39   34   30   28   28
    67.5-180.0 180.0   5.0 450.0                            LAT/LON1/LON2/DLON/H
   33   32   31   30   30   31   32   33   34   35   35   33   31   29   26   26
   24   24   26   28   31   33   34   36   38   38   37   36   35   34   34   34
   35   37   40   43   48   52   56   60   64   68   72   75   78   81   84   87
   91   92   94   95   95   95   93   93   91   89   87   85   82   79   75   70
   66   60   55   51   46   42   37   34   33
    65.0-180.0 180.0   5.0 450.0                            LAT/LON1/LON2/DLON/H
   40   37   34   31   30   30   30   32   33   35   35   34   32   29   28   27
   26   27   29   31   34   35   37   38   38   38   37   36   34   33   33   33
   34   37   40   44   48   53   58   62   66   70   74   78   81   84   86   89
   93   95   96   97   96   95   94   92   90   89   87   86   84   81   77   74
   68   64   60   56   53   49   45   43   40
    62.5-180.0 180.0   5.0 450.0                            LAT/LON1/LON2/DLON/H
   47   43   39   34   31   29   29   31   32   34   35   34   33   31   30   29
   29   29   31   32   35   36   37   38   38   37   35   34   33   31   32   33
   35   38   42   46   51   55   59   64   69   73   77   81   84   86   89   91
   93   96   97   96   95   93   92   90   88   86   85   84   83   81   78   74
   69   65   62   59   57   55   52   50   47
    60.0-180.0 180.0   5.0 450.0                            LAT/LON1/LON2/DLON/H
   53   49   44   39   34   31   29   30   30   32   33   33   33   32   32   32
   32   32   32   33   34   35   35   35   34   33   32   31   30   30   31   33
   37   41   45   50   54   59   63   68   72   76   80   83   86   88   91   93
   95   96   97   96   94   92   89   87   85   84   84   84   83   82   78   74
   69   65   62   59   58   58   58   56   53
    57.5-180.0 180.0   5.0 450.0                            LAT/LON1/LON2/DLON/H
   58   54   50   44   39   34   31   30   29   30   32   32   33   33   34   34
   33   33   32   32   32   32   31   31   30   28   27   27   27   28   30   34
   39   44   49   54   59   63   67   72   76   80   84   87   89   91   93   94
   95   97   97   96   95   92   90   88   86   86   85   86   86   84   81   75
   70   64   61   59   58   59   60   60   58
    55.0-180.0 180.0   5.0 450.0                            LAT/LON1/LON2/DLON/H
   61   59   55   50   44   39   36   33   31   30   31   32   32   33   34   34
   33   33   31   30   29   28   26   26   25   24   23   23   24   26   29   35
   41   48   55   60   64   69   74   77   81   85   89   91   93   95   95   97
   99  100  101  100   99   97   96   94   93   92   92   93   93   90   86   80
   72   66   61   59   58   59   61   62   61
    52.5-180.0 180.0   5.0 450.0                            LAT/LON1/LON2/DLON/H
   63   62   59   55   51   46   42   39   36   34   33   33   34   33   34   34
   33   32   30   28   26   24   23   22   21   21   21   21   22   25   29   37
   45   53   61   67   72   76   80   84   87   91   94   96   98  100  101  103
  105  106  107  108  108  107  106  105  104  104  104  104  103  100   94   88
   79   72   65   61   59   59   60   62   63
    50.0-180.0 180.0   5.0 450.0                            LAT/LON1/LON2/DLON/H
   64   64   63   60   57   54   51   47   44   41   38   36   36   35   35   35
   34   33   30   28   25   23   22   22   22   23   22   22   23   25   31   40
   49   59   68   74   80   85   88   92   94   97  100  102  104  106  109  111
  113  115  117  118  118  118  118  119  119  118  118  117  115  111  105   98
   89   80   73   66   62   61   61   63   64
    47.5-180.0 180.0   5.0 450.0                            LAT/LON1/LON2/DLON/H
   65   66   66   65   64   63   61   58   54   49   45   42   40   39   39   39
   38   36   34   31   28   27   27   27   27   27   26   25   25   28   34   43
   54   66   75   83   89   94   98  101  103  105  107  109  112  115  118  121
  123  126  127  127  128  129  130  131  132  132  131  128  126  122  116  109
  101   92   83   74   68   65   64   64   65
    45.0-180.0 180.0   5.0 450.0                            LAT/LON1/LON2/DLON/H
   67   67   68   68   69   70   70   68   64   58   53   50   48   47   46   45
   45   43   40   38   36   35   35   35   35   34   32   30   30   32   37   48
   59   72   83   91   98  103  109  111  113  115  117  118  122  126  129  134
  136  137  137  137  138  138  140  141  142  142  140  137  135  130  125  120
  112  103   93   83   75   70   67   66   67
    42.5-180.0 180.0   5.0 450.0                            LAT/LON1/LON2/DLON/H
   68   68   69   70   72   75   76   75   71   67   61   58   56   55   54   54
   53   52   50   48   47   46   46   46   45   43   38   35   34   36   42   52
   65   78   90   99  107  114  120  123  126  127  128  129  133  138  143  147
  150  150  148  147  147  146  148  149  149  147  146  142  139  135  132  128
  121  112  102   91   82   75   71   69   68
    40.0-180.0 180.0   5.0 450.0                            LAT/LON1/LON2/DLON/H
   70   68   68   70   74   77   80   80   78   74   70   66   64   63   63   63
   63   63   61   60   58   57   57   55   53   49   43   40   38   40   46   57
   71   84   97  107  116  125  132  136  139  141  140  142  146  152  158  163
  164  163  160  157  155  154  154  154  154  152  150  145  142  138  135  132
  126  119  108   98   88   81   76   72   70
    37.5-180.0 180.0   5.0 450.0                            LAT/LON1/LON2/DLON/H
   71   68   67   68   72   76   79   82   82   79   76   74   73   72   72   72
   72   72   71   69   68   67   65   62   58   53   47   43   41   43   51   63
   76   89  102  114  124  135  144  151  155  156  156  158  161  168  174  178
  180  177  172  168  165  163  163  162  162  161  158  154  150  144  139  135
  129  121  112  102   93   85   80   76   71
    35.0-180.0 180.0   5.0 450.0                            LAT/LON1/LON2/DLON/H
   73   67   64   65   67   70   74   79   82   82   81   81   81   81   82   81
   81   80   79   77   75   74   71   66   60   54   48   43   42   45   54   68
   82   95  108  120  132  145  158  167  173  175  175  177  179  184  192  198
  199  195  189  182  180  179  179  180  182  180  178  173  165  158  148  141
  133  124  115  105   96   89   84   78   73
    32.5-180.0 180.0   5.0 450.0                            LAT/LON1/LON2/DLON/H
   74   67   62   61   63   65   68   73   77   80   82   85   86   88   90   89
   88   86   84   82   79   77   73   67   59   52   46   43   42   46   56   71
   87  101  114  126  140  156  172  185  193  197  198  199  199  204  215  221
  222  217  209  204  203  206  208  212  215  214  211  205  194  181  167  154
  143  130  120  109  100   92   87   80   74
    30.0-180.0 180.0   5.0 450.0                            LAT/LON1/LON2/DLON/H
   76   69   63   60   60   62   64   67   70   75   80   84   87   90   93   93
   92   90   88   84   80   77   73   66   56   49   44   41   41   48   59   75
   91  106  119  132  148  167  188  205  216  218  220  221  220  227  239  244
  247  242  235  233  236  243  249  258  262  262  259  251  236  218  198  179
  160  144  128  114  104   95   89   84   76
    27.5-180.0 180.0   5.0 450.0                            LAT/LON1/LON2/DLON/H
   80   73   66   62   61   61   61   63   65   70   76   80   85   89   92   92
   92   90   87   83   78   75   70   64   55   49   43   40   41   49   62   79
   96  111  125  140  156  177  202  224  236  241  244  244  244  251  260  265
  270  270  267  270  277  289  302  314  319  320  317  307  289  265  238  214
  188  165  143  125  111  100   93   88   80
    25.0-180.0 180.0   5.0 450.0                            LAT/LON1/LON2/DLON/H
   85   78   72   67   63   61   61   61   62   66   71   76   81   85   88   89
   89   87   84   80   76   72   68   62   55   50   45   42   43   51   64   82
  101  118  132  148  167  190  217  242  258  265  265  265  266  269  276  285
  294  299  302  311  322  341  355  372  382  384  379  368  348  321  289  259
  224  193  164  141  121  107   99   92   85
    22.5-180.0 180.0   5.0 450.0                            LAT/LON1/LON2/DLON/H
   91   85   79   73   68   65   64   63   63   64   68   72   76   79   81   83
   84   83   80   77   73   70   67   62   57   53   48   46   46   53   65   84
  105  124  141  158  179  202  231  257  275  280  280  282  285  287  294  306
  319  329  338  352  367  388  409  429  444  445  436  425  406  379  344  308
  270  229  192  161  136  119  105   97   91
    20.0-180.0 180.0   5.0 450.0                            LAT/LON1/LON2/DLON/H
   98   94   88   81   74   69   68   67   66   66   68   69   72   74   75   77
   79   79   77   74   71   68   66   64   61   58   55   53   51   55   67   86
  110  132  150  170  190  215  242  266  284  290  293  301  306  309  315  327
  343  358  371  390  409  429  449  471  484  484  474  465  448  424  395  358
  321  272  226  188  155  132  115  104   98
    17.5-180.0 180.0   5.0 450.0                            LAT/LON1/LON2/DLON/H
  110  107   99   92   83   77   76   74   73   71   70   70   71   71   71   72
   75   76   74   72   68   66   66   67   67   66   63   62   58   59   69   88
  113  137  159  181  199  221  246  266  286  296  305  317  327  332  338  349
  365  384  398  416  436  453  471  488  495  494  486  478  465  447  423  391
  354  303  255  214  177  150  130  117  110
    15.0-180.0 180.0   5.0 450.0                            LAT/LON1/LON2/DLON/H
  126  121  114  105   94   87   84   83   82   79   76   74   72   71   69   70
   72   73   72   69   66   65   67   71   72   73   71   68   63   64   73   92
  118  144  166  188  208  226  245  265  284  301  317  333  347  354  361  372
  387  402  413  426  441  458  470  479  483  483  478  472  462  450  433  403
  367  323  274  231  198  171  151  135  126
    12.5-180.0 180.0   5.0 450.0                            LAT/LON1/LON2/DLON/H
  144  137  128  117  105   97   95   94   93   90   85   81   78   75   72   70
   72   72   71   68   65   65   69   73   77   79   76   71   66   68   78   98
  125  150  173  194  213  229  246  264  285  306  328  348  364  374  382  392
  401  410  417  426  437  448  455  457  460  461  460  457  451  443  430  406
  370  329  286  248  217  192  172  155  144
    10.0-180.0 180.0   5.0 450.0                            LAT/LON1/LON2/DLON/H
  162  152  143  130  117  110  107  106  105  101   95   90   86   82   78   76
   75   74   72   68   65   66   71   76   81   83   79   73   69   72   84  106
  131  157  178  198  215  231  247  265  287  311  337  360  378  390  398  404
  408  410  414  420  427  432  434  434  436  439  443  442  438  430  417  398
  370  333  296  262  232  209  188  174  162
     7.5-180.0 180.0   5.0 450.0                            LAT/LON1/LON2/DLON/H
  177  166  155  144  133  124  120  120  118  113  107  101   96   92   86   83
   80   78   74   70   67   68   73   80   85   85   80   75   72   76   92  114
  139  162  181  199  217  233  248  267  290  317  345  368  387  400  408  411
  410  407  408  411  415  416  416  416  420  426  433  433  428  417  403  387
  362  329  298  267  242  221  203  188  177
     5.0-180.0 180.0   5.0 450.0                            LAT/LON1/LON2/DLON/H
  189  179  168  156  147  137  134  133  131  126  119  112  107  103   98   93
   87   83   78   74   71   72   78   84   87   86   81   76   75   83   99  121
  145  165  182  200  217  233  248  268  294  321  347  371  391  405  413  413
  409  404  402  402  403  402  402  405  412  422  430  430  423  409  393  375
  350  321  292  265  244  227  211  198  189
     2.5-180.0 180.0   5.0 450.0                            LAT/LON1/LON2/DLON/H
  190  183  176  168  161  153  148  145  144  139  131  125  120  114  110  103
   96   90   84   80   77   79   84   89   90   88   82   78   79   88  105  128
  148  166  182  199  217  232  249  270  296  321  346  369  388  402  408  409
  404  399  396  396  395  392  392  397  407  421  433  434  425  409  388  366
  340  313  284  258  238  224  212  199  190
