data/IONEX/CVBB2790.21i
     1.0            IONOSPHERE MAPS     MIX                 IONEX VERSION / TYPE
cmpcmb v1.2          GRL/UWM            27-oct-21 23:28     PGM / RUN BY / DATE 
ionex file containing IGS COMBINED Ionosphere maps          COMMENT             
global ionosphere maps for day 279, 2021                    DESCRIPTION         
IONEX file containing the COMBINED IGS TEC MAPS and DCBs    DESCRIPTION         
      IONEX files of the following IAACs were combined: cod DESCRIPTION         
                                                        esa DESCRIPTION         
                                                        jpl DESCRIPTION         
                                                        upc DESCRIPTION         
Contact address: Andrzej Krankowski                         DESCRIPTION
                 Geodynamics Research Laboratory            DESCRIPTION
                 University of Warmia and Mazury (GRL/UWM)  DESCRIPTION
                 Oczapowski St. 1                           DESCRIPTION
                 10-957-Olsztyn, POLAND                     DESCRIPTION
                 e-mail:  kand@uwm.edu.pl                   DESCRIPTION
                                                            DESCRIPTION         
  2021    10     6     0     0     0                        EPOCH OF FIRST MAP  
  2021    10     7     0     0     0                        EPOCH OF LAST MAP   
  7200                                                      INTERVAL            
    13                                                      # OF MAPS IN FILE   
  COSZ                                                      MAPPING FUNCTION    
     0.0                                                    ELEVATION CUTOFF    
combined TEC calculated as weighted mean of input TEC valuesOBSERVABLES USED    
   365                                                      # OF STATIONS       
    32                                                      # OF SATELLITES     
  6371.0                                                    BASE RADIUS         
     2                                                      MAP DIMENSION       
   450.0 450.0   0.0                                        HGT1 / HGT2 / DHGT  
    87.5 -87.5  -2.5                                        LAT1 / LAT2 / DLAT  
  -180.0 180.0   5.0                                        LON1 / LON2 / DLON  
    -1                                                      EXPONENT            
TEC values in 0.1 tec units;  9999, if no value available   COMMENT             
DCB values in nanoseconds, reference is Sum_of_SatDCBs = 0  COMMENT             
                                                            END OF HEADER       
[from data line 3861]
    10                                                      START OF TEC MAP    
  2021    10     6    18     0     0                        EPOCH OF CURRENT MAP
    87.5-180.0 180.0   5.0 450.0                            LAT/LON1/LON2/DLON/H
   72   73   73   74   74   75   76   76   76   77   78   78   79   79   79   80
   80   80   81   81   81   81   81   80   80   80   80   80   80   79   79   79
   78   78   78   77   76   76   76   75   75   75   74   74   73   73   73   72
   72   72   71   71   71   70   70   70   70   70   70   70   69   70   70   70
   70   70   70   71   70   71   71   71   72
    85.0-180.0 180.0   5.0 450.0                            LAT/LON1/LON2/DLON/H
   68   69   71   72   74   74   76   78   78   80   81   82   82   83   84   83
   83   83   83   84   84   83   83   83   83   82   82   81   81   81   81   80
   80   79   78   77   77   76   76   75   74   74   73   72   71   71   70   69
   68   68   67   66   65   65   64   64   64   63   63   63   63   63   63   63
   64   63   64   64   65   65   66   67   68
    82.5-180.0 180.0   5.0 450.0                            LAT/LON1/LON2/DLON/H
   64   65   67   68   70   72   74   76   78   79   81   81   83   83   84   85
   85   86   87   87   86   86   84   84   84   84   83   83   82   82   81   81
   80   80   79   79   78   77   76   74   73   72   71   70   69   68   68   67
   66   65   64   63   62   61   60   60   59   59   59   58   58   58   58   58
   58   59   59   60   60   61   62   63   64
    80.0-180.0 180.0   5.0 450.0                            LAT/LON1/LON2/DLON/H
   61   62   64   66   68   70   72   73   75   77   78   80   82   83   85   85
   85   85   86   86   86   86   84   84   83   83   83   82   82   81   81   80
   79   78   78   78   78   77   76   74   73   72   70   69   68   67   66   65
   64   63   61   60   59   58   57   56   56   56   55   55   55   54   54   54
   54   55   55   56   56   57   58   59   61
    77.5-180.0 180.0   5.0 450.0                            LAT/LON1/LON2/DLON/H
   59   60   62   64   66   68   70   71   73   75   78   80   82   84   86   86
   86   86   85   86   86   85   84   83   81   82   82   82   82   81   80   80
   79   78   77   76   75   74   74   73   71   70   68   68   66   65   64   64
   63   61   60   58   57   56   55   54   54   54   53   53   52   51   51   51
   51   51   51   52   53   54   55   57   59
    75.0-180.0 180.0   5.0 450.0                            LAT/LON1/LON2/DLON/H
   57   59   61   62   64   66   67   69   71   74   75   77   79   82   84   85
   85   86   86   85   85   84   84   83   82   81   80   81   80   80   79   77
   77   76   75   74   73   71   71   70   69   68   67   66   65   63   63   62
   61   60   59   58   56   55   54   53   53   52   52   51   50   50   49   48
   48   48   48   49   51   52   54   55   57
    72.5-180.0 180.0   5.0 450.0                            LAT/LON1/LON2/DLON/H
   57   58   60   61   62   63   65   66   68   70   73   75   80   82   84   85
   86   86   86   86   86   85   85   84   82   82   82   81   81   80   78   77
   75   73   72   71   70   69   67   66   65   64   64   63   62   62   61   61
   60   59   58   57   55   54   54   53   53   52   51   50   49   48   47   46
   45   45   45   47   48   51   53   54   57
    70.0-180.0 180.0   5.0 450.0                            LAT/LON1/LON2/DLON/H
   56   58   60   60   61   62   64   65   67   69   72   75   77   82   83   86
   87   89   89   89   89   88   87   87   86   85   84   84   84   83   80   78
   75   73   71   68   67   66   64   63   61   60   60   59   59   59   59   59
   58   57   57   55   54   52   52   51   51   51   51   50   48   47   45   44
   42   42   43   44   46   49   52   54   56
    67.5-180.0 180.0   5.0 450.0                            LAT/LON1/LON2/DLON/H
   57   58   60   61   62   63   64   66   67   69   72   74   77   82   84   87
   91   94   95   96   96   95   94   93   92   92   91   88   88   86   84   81
   77   74   71   68   66   65   63   61   59   57   56   56   56   56   56   57
   56   55   55   53   51   50   49   48   48   49   49   49   47   46   44   41
   40   40   40   42   45   48   51   54   57
    65.0-180.0 180.0   5.0 450.0                            LAT/LON1/LON2/DLON/H
   57   59   61   62   63   64   65   67   68   71   73   76   79   83   87   91
   97  100  103  105  105  104  103  102  101  101   99   98   95   93   91   87
   83   79   75   72   70   67   64   62   60   57   55   53   53   54   54   55
   55   53   52   51   49   46   46   45   45   46   47   47   46   44   42   40
   39   39   39   41   43   47   51   54   57
    62.5-180.0 180.0   5.0 450.0                            LAT/LON1/LON2/DLON/H
   58   60   62   64   66   67   69   71   72   74   76   79   82   86   91   96
  103  108  112  113  114  114  113  113  112  113  111  110  106  105  101   98
   94   89   85   81   78   74   70   66   63   59   55   53   53   53   52   54
   53   52   50   48   46   44   43   42   42   44   45   45   45   44   42   40
   38   38   38   40   42   46   50   54   58
    60.0-180.0 180.0   5.0 450.0                            LAT/LON1/LON2/DLON/H
   57   60   63   67   70   72   75   77   78   80   82   84   87   91   96  101
  107  113  117  121  122  123  123  123  123  124  124  123  121  119  115  112
  108  103   97   93   89   85   79   74   70   65   60   57   55   54   54   55
   54   52   50   48   45   42   41   40   41   42   44   45   45   44   43   41
   39   37   37   38   41   45   49   53   57
    57.5-180.0 180.0   5.0 450.0                            LAT/LON1/LON2/DLON/H
   56   60   65   70   76   79   82   85   87   89   90   92   93   97  102  107
  113  118  122  126  128  129  130  131  132  133  134  135  133  132  129  127
  123  118  113  109  103   97   90   84   79   74   69   65   63   61   59   58
   56   55   52   50   46   43   42   41   42   43   46   47   47   47   45   42
   40   38   37   38   40   43   46   51   56
    55.0-180.0 180.0   5.0 450.0                            LAT/LON1/LON2/DLON/H
   54   60   67   74   82   86   91   95   98   98  100  100  102  105  109  114
  119  124  128  130  133  135  136  138  139  142  143  145  145  143  141  140
  138  134  129  124  116  110  102   95   90   85   80   76   72   70   67   65
   63   61   58   54   51   49   46   46   46   48   50   52   52   51   48   46
   43   40   39   39   39   41   44   49   54
    52.5-180.0 180.0   5.0 450.0                            LAT/LON1/LON2/DLON/H
   53   61   70   79   88   95  101  105  108  109  111  112  112  114  118  122
  127  130  133  136  138  141  143  145  148  151  153  154  154  153  152  151
  150  147  143  137  129  121  114  107  100   95   91   87   83   81   77   74
   71   69   66   63   60   57   56   55   55   57   58   59   58   57   54   51
   47   45   42   41   40   41   43   47   53
    50.0-180.0 180.0   5.0 450.0                            LAT/LON1/LON2/DLON/H
   53   62   72   84   94  103  111  116  120  121  122  123  125  126  129  133
  136  139  141  143  145  148  151  154  158  161  162  163  162  162  161  162
  160  158  154  147  139  131  123  115  109  104  100   96   93   90   87   84
   81   79   77   74   72   70   68   67   68   68   68   68   66   64   60   57
   53   50   47   45   43   43   44   47   53
    47.5-180.0 180.0   5.0 450.0                            LAT/LON1/LON2/DLON/H
   57   66   77   88  101  111  120  126  129  132  135  137  139  141  143  147
  149  151  152  154  155  158  162  165  169  172  172  171  170  169  169  170
  168  166  162  156  147  138  130  122  115  110  107  103  101   98   95   94
   91   90   88   87   85   83   81   82   82   81   80   78   74   70   66   63
   60   56   53   51   49   47   48   50   57
    45.0-180.0 180.0   5.0 450.0                            LAT/LON1/LON2/DLON/H
   62   71   83   95  107  118  127  134  139  143  147  152  155  158  161  164
  165  166  167  168  169  171  175  180  183  185  182  180  176  174  174  175
  175  174  171  164  156  146  137  127  119  113  109  107  105  104  102  102
  100  100   99   98   97   95   94   94   93   91   89   85   81   76   72   69
   65   62   60   58   55   53   53   56   62
    42.5-180.0 180.0   5.0 450.0                            LAT/LON1/LON2/DLON/H
   68   78   89  101  113  125  134  141  147  153  160  166  172  176  179  182
  183  185  185  187  187  189  192  196  199  198  193  188  183  180  180  182
  185  184  181  174  166  155  143  131  121  114  110  108  107  107  107  107
  107  107  107  107  106  104  102  102  100   97   93   89   85   80   77   73
   70   68   65   63   61   59   59   62   68
    40.0-180.0 180.0   5.0 450.0                            LAT/LON1/LON2/DLON/H
   76   85   96  107  118  130  139  148  155  164  172  180  188  194  197  199
  200  203  205  207  207  208  209  213  215  213  206  199  193  189  191  194
  198  200  196  190  179  165  150  135  122  114  108  107  108  109  110  110
  111  111  112  112  110  109  107  106  103   99   95   91   87   83   80   76
   73   70   68   67   65   63   64   68   76
    37.5-180.0 180.0   5.0 450.0                            LAT/LON1/LON2/DLON/H
   81   92  103  113  123  133  144  155  164  175  185  195  202  208  212  214
  217  220  223  225  226  226  227  229  231  227  220  213  207  206  210  215
  219  222  219  211  199  181  160  141  124  113  107  106  107  110  111  111
  111  112  112  112  111  109  107  104  103   99   95   92   88   85   82   78
   74   71   69   68   66   65   67   73   81
    35.0-180.0 180.0   5.0 450.0                            LAT/LON1/LON2/DLON/H
   85   97  108  117  127  137  148  161  175  187  198  207  214  220  224  226
  229  233  237  239  240  241  240  242  243  241  236  230  228  230  238  245
  251  254  252  240  222  200  173  149  128  114  108  106  108  111  111  110
  110  110  109  109  108  105  104  102  100   97   95   92   89   87   83   79
   76   72   70   68   66   66   69   75   85
    32.5-180.0 180.0   5.0 450.0                            LAT/LON1/LON2/DLON/H
   88  100  112  121  129  139  152  167  184  199  211  220  225  230  233  236
  237  242  245  249  251  250  250  251  252  252  251  252  255  262  274  284
  293  297  291  274  251  222  188  158  134  118  111  110  111  113  114  111
  108  105  105  105  104  102  101   99   97   96   94   92   90   88   85   81
   77   73   71   68   66   65   69   76   88
    30.0-180.0 180.0   5.0 450.0                            LAT/LON1/LON2/DLON/H
   89  103  115  124  131  142  157  174  193  209  222  230  234  238  240  242
  244  247  251  254  256  255  255  257  259  264  269  277  288  301  317  330
  341  343  333  314  285  246  208  172  145  124  116  116  116  118  118  112
  106  102  101  101  101  100   99   98   97   96   95   94   92   91   87   84
   80   76   72   69   66   65   67   75   89
    27.5-180.0 180.0   5.0 450.0                            LAT/LON1/LON2/DLON/H
   89  105  119  129  137  146  162  182  202  219  231  238  242  245  246  248
  248  249  252  255  256  257  258  261  267  277  289  305  325  349  365  378
  389  391  378  356  320  272  228  187  156  135  125  124  124  125  123  116
  108  100   98   98   97   98   98   97   96   96   96   96   95   94   91   88
   83   79   75   72   67   64   65   74   89
    25.0-180.0 180.0   5.0 450.0                            LAT/LON1/LON2/DLON/H
   89  108  124  134  141  152  168  189  210  227  239  247  250  253  254  254
  252  251  251  253  256  258  262  267  277  292  310  332  359  393  418  430
  435  437  419  394  355  302  247  201  169  146  135  132  131  132  130  123
  112  100   96   95   95   96   97   98   98   98   99   98   97   97   95   91
   88   84   80   76   70   65   65   73   89
    22.5-180.0 180.0   5.0 450.0                            LAT/LON1/LON2/DLON/H
   90  111  129  140  146  157  173  195  216  234  247  256  261  264  264  263
  260  257  255  256  259  264  270  278  292  312  333  361  395  436  463  474
  475  470  448  418  377  324  259  213  180  154  148  141  139  139  138  131
  117  101   95   94   94   95   98   99  100  100  101  101   99   98   97   95
   94   90   87   82   75   69   67   74   90
    20.0-180.0 180.0   5.0 450.0                            LAT/LON1/LON2/DLON/H
   94  116  134  147  153  163  179  201  222  241  255  265  273  278  278  275
  272  269  265  266  271  278  286  298  314  336  359  390  431  471  497  505
  501  487  458  422  378  325  262  216  188  162  160  156  147  147  147  140
  124  106   97   96   97   98  101  102  102  103  103  102  100   99   99   99
   98   96   93   89   82   75   72   77   94
    17.5-180.0 180.0   5.0 450.0                            LAT/LON1/LON2/DLON/H
   98  121  143  156  163  172  187  207  229  248  263  276  285  293  296  294
  291  286  282  284  290  301  313  326  343  364  387  417  459  492  512  518
  506  491  455  414  370  316  261  219  190  172  170  166  157  156  157  150
  133  116  105  101  102  102  105  106  106  106  105  103  101   99   99  100
  101  100   97   94   88   82   78   83   98
    15.0-180.0 180.0   5.0 450.0                            LAT/LON1/LON2/DLON/H
  106  130  152  167  175  183  196  214  236  255  272  287  299  310  317  318
  315  310  306  309  318  332  346  359  374  391  411  433  471  495  509  511
  497  476  443  404  359  309  261  226  200  185  179  173  168  167  168  160
  145  128  116  110  107  106  109  109  108  107  105  103   99   98   99  100
  101  100   99   96   92   88   86   90  106
    12.5-180.0 180.0   5.0 450.0                            LAT/LON1/LON2/DLON/H
  115  139  162  178  186  193  206  222  243  263  281  297  312  328  338  341
  339  336  334  337  350  365  382  396  408  419  432  449  473  489  497  495
  479  459  432  395  354  309  270  240  217  202  193  184  179  180  179  171
  159  143  129  119  113  110  111  109  108  106  103  101   97   95   97   99
  100  100   99   98   96   93   93   99  115
    10.0-180.0 180.0   5.0 450.0                            LAT/LON1/LON2/DLON/H
  123  146  170  187  196  204  216  232  252  273  291  307  326  344  357  362
  362  362  363  369  382  401  420  433  441  446  452  460  474  482  486  482
  466  449  425  393  356  318  285  259  239  224  214  202  192  191  190  184
  175  157  141  129  120  114  112  107  106  104  101   98   95   93   94   96
   98   98   98   98   97   97   98  107  123
     7.5-180.0 180.0   5.0 450.0                            LAT/LON1/LON2/DLON/H
  130  154  176  195  206  214  227  244  264  283  301  317  337  359  372  379
  382  385  390  398  413  434  455  466  469  469  469  471  475  478  478  472
  460  445  425  396  366  335  308  285  266  249  234  220  209  205  203  201
  193  174  155  141  127  117  112  106  104  102   99   97   93   91   92   94
   95   96   96   96   96   96  101  111  130
     5.0-180.0 180.0   5.0 450.0                            LAT/LON1/LON2/DLON/H
  131  156  180  199  212  224  239  257  277  296  312  328  346  367  383  392
  397  403  411  423  440  462  484  493  491  485  480  479  478  475  471  465
  457  445  428  406  382  357  335  315  295  278  256  237  227  221  220  220
  210  191  171  153  134  119  112  106  104  101   99   96   92   90   91   93
   93   93   93   93   94   95  101  114  131
     2.5-180.0 180.0   5.0 450.0                            LAT/LON1/LON2/DLON/H
  130  155  179  200  216  232  249  269  290  308  323  338  355  373  388  398
  406  414  427  441  459  482  502  507  500  491  484  479  476  473  467  460
  454  446  432  417  398  378  360  340  321  303  279  258  248  241  240  237
  226  206  185  163  142  124  115  108  104  101   98   95   92   90   90   91
   91   91   90   89   90   92   98  112  130
