data/IONEX/CVBB3160.21i
     1.0            IONOSPHERE MAPS     MIX                 IONEX VERSION / TYPE
cmpcmb v1.2          GRL/UWM             6-dec-21 18:41     PGM / RUN BY / DATE 
ionex file containing IGS COMBINED Ionosphere maps          COMMENT             
global ionosphere maps for day 316, 2021                    DESCRIPTION         
IONEX file containing the COMBINED IGS TEC MAPS and DCBs    DESCRIPTION         
      IONEX files of the following IAACs were combined: cod DESCRIPTION         
                                                        esa DESCRIPTION         
                                                        jpl DESCRIPTION         
                                                        upc DESCRIPTION         
Contact address: Andrzej Krankowski                         DESCRIPTION
                 Geodynamics Research Laboratory            DESCRIPTION
                 University of Warmia and Mazury (GRL/UWM)  DESCRIPTION
                 Oczapowski St. 1                           DESCRIPTION
                 10-957-Olsztyn, POLAND                     DESCRIPTION
                 e-mail:  kand@uwm.edu.pl                   DESCRIPTION
                                                            DESCRIPTION         
  2021    11    12     0     0     0                        EPOCH OF FIRST MAP  
  2021    11    13     0     0     0                        EPOCH OF LAST MAP   
  7200                                                      INTERVAL            
    13                                                      # OF MAPS IN FILE   
  COSZ                                                      MAPPING FUNCTION    
     0.0                                                    ELEVATION CUTOFF    
combined TEC calculated as weighted mean of input TEC valuesOBSERVABLES USED    
   353                                                      # OF STATIONS       
    32                                                      # OF SATELLITES     
  6371.0                                                    BASE RADIUS         
     2                                                      MAP DIMENSION       
   450.0 450.0   0.0                                        HGT1 / HGT2 / DHGT  
    87.5 -87.5  -2.5                                        LAT1 / LAT2 / DLAT  
  -180.0 180.0   5.0                                        LON1 / LON2 / DLON  
    -1                                                      EXPONENT            
TEC values in 0.1 tec units;  9999, if no value available   COMMENT             
DCB values in nanoseconds, reference is Sum_of_SatDCBs = 0  COMMENT             
                                                            END OF HEADER       
[from data line 3003]
     8                                                      START OF TEC MAP    
  2021    11    12    14     0     0                        EPOCH OF CURRENT MAP
    87.5-180.0 180.0   5.0 450.0                            LAT/LON1/LON2/DLON/H
   39   38   38   38   38   38   38   38   38   38   38   38   38   38   38   38
   38   38   39   38   38   38   39   39   39   40   41   41   41   40   41   41
   40   41   41   40   41   41   41   41   41   41   41   41   41   41   42   42
   42   42   42   41   42   41   41   41   40   41   40   40   40   40   40   40
   40   39   40   39   39   39   39   39   39
    85.0-180.0 180.0   5.0 450.0                            LAT/LON1/LON2/DLON/H
   35   35   35   35   35   35   35   36   36   36   37   36   37   37   37   37
   37   38   38   38   38   38   38   39   40   40   40   40   39   40   40   40
   40   41   41   41   41   41   41   41   41   40   40   40   40   40   40   41
   41   42   42   43   43   43   42   41   41   41   40   40   40   40   39   39
   38   38   38   37   37   36   36   36   35
    82.5-180.0 180.0   5.0 450.0                            LAT/LON1/LON2/DLON/H
   31   31   32   32   32   33   33   34   35   35   35   36   37   37   37   37
   37   37   38   38   38   37   38   40   40   40   40   40   40   41   41   42
   42   43   43   43   43   43   43   42   42   41   40   39   38   37   37   37
   38   39   40   40   42   42   42   41   41   40   39   38   38   37   37   36
   36   35   34   34   33   32   32   31   31
    80.0-180.0 180.0   5.0 450.0                            LAT/LON1/LON2/DLON/H
   27   28   28   29   29   30   31   32   33   34   35   36   37   37   37   37
   37   37   36   36   36   38   39   41   40   41   42   42   44   45   45   46
   46   47   46   46   44   43   42   41   40   40   38   37   36   35   34   34
   34   35   36   37   38   39   39   38   38   37   37   36   35   34   33   32
   31   31   30   29   28   27   27   27   27
    77.5-180.0 180.0   5.0 450.0                            LAT/LON1/LON2/DLON/H
   23   24   24   25   27   28   30   31   34   35   37   38   39   39   40   40
   40   40   39   40   40   39   42   43   46   46   46   48   50   51   52   53
   53   53   52   51   50   48   46   44   41   39   37   35   34   33   32   32
   32   32   33   34   35   36   36   36   35   34   33   33   32   30   29   28
   27   26   25   24   24   23   23   23   23
    75.0-180.0 180.0   5.0 450.0                            LAT/LON1/LON2/DLON/H
   20   21   22   24   25   27   29   32   35   37   38   39   40   41   42   42
   42   42   43   42   44   45   47   49   51   52   54   56   58   59   60   61
   62   62   61   59   57   55   51   47   44   41   38   36   34   33   32   32
   31   32   32   33   33   33   33   33   32   31   30   29   28   27   25   25
   24   23   22   21   20   20   19   20   20
    72.5-180.0 180.0   5.0 450.0                            LAT/LON1/LON2/DLON/H
   18   19   21   22   24   27   29   32   34   35   37   38   40   42   42   43
   44   45   45   48   49   51   54   57   60   61   64   65   67   70   69   70
   70   71   70   68   65   62   58   54   49   45   41   39   37   35   33   33
   33   33   33   33   33   32   31   31   29   28   27   25   24   23   23   22
   21   21   20   19   18   17   17   18   18
    70.0-180.0 180.0   5.0 450.0                            LAT/LON1/LON2/DLON/H
   17   18   20   21   24   26   28   30   31   33   35   36   38   40   41   42
   44   46   47   51   53   57   61   65   68   71   73   75   76   77   79   80
   80   79   78   76   72   69   65   61   56   51   46   43   40   38   36   35
   35   35   34   34   33   32   31   29   27   26   24   23   22   21   21   21
   20   20   20   19   18   18   17   17   17
    67.5-180.0 180.0   5.0 450.0                            LAT/LON1/LON2/DLON/H
   19   19   20   21   23   25   26   27   28   29   30   32   33   35   36   39
   41   44   48   53   57   62   68   72   75   78   80   82   84   85   87   87
   88   88   86   84   80   77   72   67   61   56   52   49   45   43   40   39
   37   37   36   34   33   32   30   28   25   24   22   21   20   20   21   21
   21   22   22   21   20   19   19   19   19
    65.0-180.0 180.0   5.0 450.0                            LAT/LON1/LON2/DLON/H
   21   21   22   22   23   24   24   25   25   25   26   26   28   28   31   33
   36   41   46   53   60   66   73   78   81   84   86   88   89   90   92   93
   95   95   94   90   88   83   78   72   67   62   57   54   51   48   45   42
   40   38   37   35   33   31   29   27   24   23   21   20   20   20   21   22
   23   24   24   24   23   23   21   21   21
    62.5-180.0 180.0   5.0 450.0                            LAT/LON1/LON2/DLON/H
   23   23   24   24   24   23   23   22   22   22   21   21   22   23   25   28
   33   38   45   54   61   69   75   81   86   89   91   93   93   95   97   99
  101  101  100   98   94   89   83   77   72   67   63   60   57   54   50   46
   42   39   36   34   33   30   28   26   25   23   21   20   20   21   23   24
   26   27   27   27   26   25   24   24   23
    60.0-180.0 180.0   5.0 450.0                            LAT/LON1/LON2/DLON/H
   26   26   26   26   26   25   24   22   21   20   18   18   18   19   21   25
   31   37   45   54   62   70   77   84   89   92   94   96   98   99  102  105
  107  107  107  104  100   95   89   83   77   74   70   66   63   59   54   49
   45   40   36   34   32   30   29   27   26   25   23   22   22   23   24   26
   28   29   29   29   28   27   26   26   26
    57.5-180.0 180.0   5.0 450.0                            LAT/LON1/LON2/DLON/H
   29   29   29   30   30   29   26   24   22   20   18   18   18   18   21   26
   31   39   47   56   63   71   78   85   91   94   97  100  103  105  108  111
  114  115  114  112  107  102   96   90   85   81   77   73   69   64   58   52
   47   41   38   35   33   32   31   30   29   28   27   26   25   26   28   30
   31   31   31   31   30   29   28   28   29
    55.0-180.0 180.0   5.0 450.0                            LAT/LON1/LON2/DLON/H
   32   33   34   35   36   34   32   30   26   23   21   20   20   21   24   29
   35   43   51   60   66   74   81   87   93   97  102  106  109  112  115  118
  121  122  121  119  115  111  105  100   95   90   85   81   75   69   62   55
   49   45   41   39   37   37   37   36   36   35   34   32   31   31   32   33
   34   34   33   33   31   31   31   31   32
    52.5-180.0 180.0   5.0 450.0                            LAT/LON1/LON2/DLON/H
   37   39   40   42   43   42   40   37   34   30   28   26   25   26   29   35
   43   51   58   66   71   77   83   89   95  101  107  111  117  121  123  126
  128  129  129  127  125  121  116  112  106  101   95   88   81   75   67   60
   54   50   48   46   45   46   46   45   45   44   43   42   40   38   38   38
   38   38   37   35   34   34   34   35   37
    50.0-180.0 180.0   5.0 450.0                            LAT/LON1/LON2/DLON/H
   42   44   47   49   50   49   48   47   44   40   37   34   33   34   37   44
   52   61   68   74   79   83   88   93  100  107  112  118  123  130  131  133
  134  135  135  135  134  131  129  125  119  113  105   98   89   81   73   66
   61   58   57   57   57   57   58   57   56   55   53   51   49   48   46   44
   43   42   41   39   38   38   39   40   42
    47.5-180.0 180.0   5.0 450.0                            LAT/LON1/LON2/DLON/H
   48   50   53   54   56   57   56   55   53   51   47   44   43   43   47   54
   64   72   79   84   88   91   95  100  107  114  120  125  129  134  136  136
  138  140  141  142  142  143  141  138  133  127  118  108   98   88   80   74
   70   69   69   70   71   71   71   70   69   66   63   61   59   56   53   51
   49   48   46   45   44   44   44   46   48
    45.0-180.0 180.0   5.0 450.0                            LAT/LON1/LON2/DLON/H
   53   56   58   60   62   63   62   61   61   59   57   54   51   52   56   64
   74   83   90   94   98  101  105  110  116  122  128  131  134  136  136  137
  138  142  145  148  152  155  156  153  149  141  131  119  108   98   90   84
   81   81   82   83   85   84   83   81   79   76   71   68   65   63   60   57
   55   54   52   51   50   49   50   51   53
    42.5-180.0 180.0   5.0 450.0                            LAT/LON1/LON2/DLON/H
   57   59   62   64   65   65   66   65   65   66   64   62   60   60   66   74
   83   92   99  105  108  112  116  121  127  132  135  136  135  135  133  134
  136  142  148  155  163  168  171  170  165  156  146  133  120  109  100   94
   92   93   94   95   96   94   91   88   85   81   76   73   70   67   64   61
   59   58   57   56   55   54   54   56   57
    40.0-180.0 180.0   5.0 450.0                            LAT/LON1/LON2/DLON/H
   59   61   63   65   66   66   66   66   67   69   69   67   66   68   73   81
   91  101  108  114  118  122  127  132  138  141  141  138  134  131  129  129
  134  141  151  164  176  184  189  189  184  174  160  147  133  120  111  105
  102  102  103  103  102   99   95   90   86   81   78   74   72   70   67   64
   62   61   60   59   58   57   57   58   59
    37.5-180.0 180.0   5.0 450.0                            LAT/LON1/LON2/DLON/H
   59   60   62   63   63   63   64   65   67   70   71   71   72   74   79   88
   99  108  115  121  125  130  137  143  147  147  143  137  131  126  124  126
  133  144  159  175  192  203  209  210  204  192  178  162  147  133  121  114
  110  108  107  105  102   99   94   88   84   79   77   74   72   70   68   66
   64   63   62   61   59   58   57   58   59
    35.0-180.0 180.0   5.0 450.0                            LAT/LON1/LON2/DLON/H
   57   58   59   60   59   59   59   61   64   68   71   73   76   79   86   95
  105  114  121  127  132  137  144  150  152  151  145  137  129  124  123  127
  137  152  172  193  213  227  233  233  225  211  198  182  164  146  132  122
  115  110  107  103   99   95   91   86   81   77   75   73   71   69   68   67
   66   65   63   62   60   57   56   57   57
    32.5-180.0 180.0   5.0 450.0                            LAT/LON1/LON2/DLON/H
   54   55   56   56   55   54   53   55   59   64   68   73   78   85   93  102
  111  119  126  132  136  142  149  154  155  152  146  138  130  126  128  135
  150  170  194  219  240  256  260  257  247  235  218  202  181  160  144  128
  118  111  104   99   95   92   88   85   80   76   73   72   71   70   69   69
   68   67   65   63   60   57   55   54   54
    30.0-180.0 180.0   5.0 450.0                            LAT/LON1/LON2/DLON/H
   53   53   53   53   51   50   48   49   53   58   64   70   79   89   98  109
  118  125  131  135  139  145  151  154  154  152  146  140  135  135  141  154
  174  198  225  254  276  285  289  284  269  254  242  224  199  175  157  137
  124  114  104   98   94   93   90   87   83   78   75   73   72   72   72   72
   72   71   68   65   61   57   54   53   53
    27.5-180.0 180.0   5.0 450.0                            LAT/LON1/LON2/DLON/H
   53   53   52   51   49   47   46   46   49   54   60   67   78   90  102  114
  123  130  135  138  141  147  151  153  152  151  147  145  147  154  167  185
  211  240  268  302  320  318  319  308  287  274  264  241  215  189  171  151
  136  121  108  101   98   98   96   93   89   84   80   76   75   75   76   76
   77   76   73   70   65   60   56   54   53
    25.0-180.0 180.0   5.0 450.0                            LAT/LON1/LON2/DLON/H
   56   56   55   52   50   47   45   45   46   51   57   65   76   89  104  117
  127  134  139  142  143  146  150  151  150  151  152  156  164  181  205  230
  261  293  322  356  366  352  344  325  299  291  282  252  226  204  188  172
  151  132  119  112  108  108  107  104   98   92   86   82   80   80   81   82
   82   82   80   76   71   66   61   58   56
    22.5-180.0 180.0   5.0 450.0                            LAT/LON1/LON2/DLON/H
   61   60   58   56   52   49   47   47   47   50   56   63   75   90  105  119
  130  137  142  145  146  147  148  149  152  156  162  175  192  218  249  282
  328  353  377  398  395  376  359  334  309  299  289  258  240  221  206  191
  169  150  137  129  125  123  122  119  113  105   97   90   88   88   87   88
   88   88   87   83   78   73   67   64   61
    20.0-180.0 180.0   5.0 450.0                            LAT/LON1/LON2/DLON/H
   67   65   63   60   56   52   51   50   50   51   56   62   74   90  107  120
  130  139  145  148  148  148  149  152  157  167  181  201  226  259  299  342
  385  399  413  410  403  377  360  340  316  303  291  271  257  245  226  210
  192  175  161  152  148  144  143  139  131  122  111  102   98   96   95   95
   94   94   93   90   86   81   76   71   67
    17.5-180.0 180.0   5.0 450.0                            LAT/LON1/LON2/DLON/H
   74   72   69   64   59   55   52   52   52   53   56   63   75   92  109  122
  131  140  147  151  151  152  153  158  167  183  205  230  261  299  345  389
  421  429  419  399  381  364  350  338  321  309  298  288  281  270  252  236
  218  204  192  181  175  170  168  163  152  139  128  117  110  106  103  102
  100   98   99   96   94   89   84   77   74
    15.0-180.0 180.0   5.0 450.0                            LAT/LON1/LON2/DLON/H
   79   77   74   69   62   56   54   53   53   55   58   65   78   95  111  122
  132  141  149  153  155  157  159  166  180  201  230  259  294  331  371  407
  426  421  401  377  358  345  338  333  325  319  314  310  306  295  281  266
  250  233  222  213  203  195  191  184  172  157  144  132  123  117  113  108
  105  102  103  102  100   97   91   84   79
    12.5-180.0 180.0   5.0 450.0                            LAT/LON1/LON2/DLON/H
   82   79   76   71   63   57   53   52   53   55   59   67   81   97  112  123
  132  141  150  155  159  162  167  177  194  221  253  287  319  348  373  399
  410  398  377  357  342  332  331  334  335  336  338  336  331  322  310  293
  279  264  250  238  226  215  207  198  186  173  160  146  135  127  119  112
  108  105  106  105  104  100   94   87   82
    10.0-180.0 180.0   5.0 450.0                            LAT/LON1/LON2/DLON/H
   82   79   76   70   63   55   51   51   52   55   60   69   83  100  114  125
  133  143  152  159  163  168  176  190  213  244  277  307  333  353  369  384
  390  379  359  344  334  330  337  345  355  364  367  362  355  346  334  318
  303  284  267  252  237  225  214  203  194  183  171  159  147  136  126  116
  110  105  105  105  105  101   94   87   82
     7.5-180.0 180.0   5.0 450.0                            LAT/LON1/LON2/DLON/H
   80   77   74   68   61   53   49   48   50   53   60   71   86  103  117  127
  136  146  156  165  171  177  187  206  234  267  298  324  344  355  364  374
  377  367  352  341  338  344  357  370  383  395  398  390  377  367  354  335
  315  294  274  255  239  226  213  205  197  188  178  170  159  147  136  125
  114  107  105  104  103  100   92   85   80
     5.0-180.0 180.0   5.0 450.0                            LAT/LON1/LON2/DLON/H
   77   74   70   66   58   52   47   45   47   51   59   72   88  106  120  131
  140  150  161  172  180  188  202  224  255  289  317  337  349  353  359  366
  371  365  358  356  359  369  386  403  418  428  426  415  399  385  368  343
  320  296  273  253  236  223  211  204  198  192  184  178  170  160  147  133
  120  110  106  104  103   99   91   82   77
     2.5-180.0 180.0   5.0 450.0                            LAT/LON1/LON2/DLON/H
   76   72   68   64   58   52   47   44   44   49   58   72   90  108  122  134
  144  155  166  179  189  200  217  242  275  306  330  344  349  351  357  365
  376  378  381  388  396  407  423  439  452  456  449  435  416  397  376  348
  321  295  271  250  234  221  211  205  200  195  189  184  180  172  158  143
  127  114  109  106  104   98   89   81   76
