data/IONEX/CVBB3160.21i
     1.0            IONOSPHERE MAPS     MIX                 IONEX VERSION / TYPE
cmpcmb v1.2          GRL/UWM             6-dec-21 18:41     PGM / RUN BY / DATE 
ionex file containing IGS COMBINED Ionosphere maps          COMMENT             
global ionosphere maps for day 316, 2021                    DESCRIPTION         
IONEX file containing the COMBINED IGS TEC MAPS and DCBs    DESCRIPTION         
      IONEX files of the following IAACs were combined: cod DESCRIPTION         
                                                        esa DESCRIPTION         
                                                        jpl DESCRIPTION         
                                                        upc DESCRIPTION         
Contact address: Andrzej Krankowski                         DESCRIPTION
                 Geodynamics Research Laboratory            DESCRIPTION
                 University of Warmia and Mazury (GRL/UWM)  DESCRIPTION
                 Oczapowski St. 1                           DESCRIPTION
                 10-957-Olsztyn, POLAND                     DESCRIPTION
                 e-mail:  kand@uwm.edu.pl                   DESCRIPTION
                                                            DESCRIPTION         
  2021    11    12     0     0     0                        EPOCH OF FIRST MAP  
  2021    11    13     0     0     0                        EPOCH OF LAST MAP   
  7200                                                      INTERVAL            
    13                                                      # OF MAPS IN FILE   
  COSZ                                                      MAPPING FUNCTION    
     0.0                                                    ELEVATION CUTOFF    
combined TEC calculated as weighted mean of input TEC valuesOBSERVABLES USED    
   353                                                      # OF STATIONS       
    32                                                      # OF SATELLITES     
  6371.0                                                    BASE RADIUS         
     2                                                      MAP DIMENSION       
   450.0 450.0   0.0                                        HGT1 / HGT2 / DHGT  
    87.5 -87.5  -2.5                                        LAT1 / LAT2 / DLAT  
  -180.0 180.0   5.0                                        LON1 / LON2 / DLON  
    -1                                                      EXPONENT            
TEC values in 0.1 tec units;  9999, if no value available   COMMENT             
DCB values in nanoseconds, reference is Sum_of_SatDCBs = 0  COMMENT             
                                                            END OF HEADER       
[from data line 2145]
     6                                                      START OF TEC MAP    
  2021    11    12    10     0     0                        EPOCH OF CURRENT MAP
    87.5-180.0 180.0   5.0 450.0                            LAT/LON1/LON2/DLON/H
   40   40   40   40   40   40   40   40   40   40   39   39   39   39   39   39
   38   38   38   38   38   38   38   38   38   38   38   38   38   38   38   38
   38   38   38   38   38   38   38   38   38   38   38   38   38   38   38   38
   38   38   38   38   38   38   38   38   38   38   37   38   38   38   38   39
   39   39   39   39   40   40   40   40   40
    85.0-180.0 180.0   5.0 450.0                            LAT/LON1/LON2/DLON/H
   40   40   40   40   40   40   40   39   39   39   39   38   38   37   37   37
   37   36   36   35   35   35   36   36   36   36   36   36   36   36   37   37
   37   38   38   39   39   40   40   40   39   39   39   39   39   38   38   37
   37   36   36   36   35   35   35   35   35   35   35   35   35   36   36   37
   38   38   39   39   39   40   40   40   40
    82.5-180.0 180.0   5.0 450.0                            LAT/LON1/LON2/DLON/H
   39   40   40   40   41   41   40   40   39   39   38   37   36   35   34   33
   33   32   32   32   32   31   32   33   32   33   32   33   34   34   34   36
   36   37   38   39   39   40   41   41   41   41   41   40   40   39   39   38
   37   36   35   34   33   32   32   32   31   31   32   32   32   32   33   34
   34   35   36   37   37   38   39   39   39
    80.0-180.0 180.0   5.0 450.0                            LAT/LON1/LON2/DLON/H
   38   38   39   40   40   40   40   39   37   36   34   33   31   30   29   29
   28   28   28   28   29   29   29   30   30   31   31   32   33   34   36   37
   39   40   42   43   44   44   44   44   44   44   44   43   42   42   41   40
   39   38   36   35   34   33   32   31   31   30   30   30   30   30   30   30
   31   32   33   33   34   35   36   37   38
    77.5-180.0 180.0   5.0 450.0                            LAT/LON1/LON2/DLON/H
   34   35   36   37   37   37   37   36   34   33   30   28   27   26   25   25
   25   25   26   26   27   27   28   29   29   30   32   33   33   35   36   38
   39   41   43   46   48   49   50   51   51   51   51   50   49   48   47   47
   45   44   42   41   39   38   37   35   34   32   31   30   29   29   28   28
   28   28   29   30   30   31   32   33   34
    75.0-180.0 180.0   5.0 450.0                            LAT/LON1/LON2/DLON/H
   30   32   33   33   34   34   34   32   31   28   27   25   24   23   23   23
   24   25   27   28   29   30   31   32   31   32   32   33   35   36   37   40
   42   44   47   49   52   54   56   57   59   60   59   60   59   59   58   59
   56   55   53   51   49   46   44   42   39   38   35   34   32   31   29   28
   26   26   26   26   26   27   28   29   30
    72.5-180.0 180.0   5.0 450.0                            LAT/LON1/LON2/DLON/H
   26   27   28   29   30   30   30   29   27   26   25   24   23   23   23   24
   26   28   31   33   34   36   36   37   36   34   34   34   35   35   39   41
   44   47   51   54   58   61   63   65   66   67   69   70   70   71   71   72
   71   68   66   62   60   57   53   50   47   44   41   38   36   33   30   28
   27   25   24   23   23   23   24   25   26
    70.0-180.0 180.0   5.0 450.0                            LAT/LON1/LON2/DLON/H
   21   22   23   24   26   26   27   27   26   25   25   23   23   23   24   26
   29   32   35   38   39   41   42   41   40   37   36   35   35   36   39   43
   47   51   55   60   63   66   69   72   73   75   77   78   80   82   83   84
   84   82   78   75   71   66   62   58   53   50   46   42   39   36   33   30
   27   26   24   22   22   21   20   20   21
    67.5-180.0 180.0   5.0 450.0                            LAT/LON1/LON2/DLON/H
   18   18   19   20   21   23   24   24   25   25   24   24   24   24   25   27
   32   35   38   41   43   46   45   43   40   37   35   34   34   37   41   45
   50   55   60   64   68   71   74   77   79   81   84   86   88   91   94   95
   96   93   89   84   79   73   68   63   57   53   49   45   42   38   35   31
   29   27   24   23   21   20   19   18   18
    65.0-180.0 180.0   5.0 450.0                            LAT/LON1/LON2/DLON/H
   17   17   17   17   18   19   21   22   23   24   24   24   24   25   26   28
   32   35   38   41   43   45   44   41   38   35   33   33   34   37   41   47
   54   60   65   70   74   76   79   81   83   86   89   92   96   98  102  104
  104  101   97   91   84   77   70   64   59   53   49   45   42   38   35   32
   29   28   26   24   23   21   20   18   17
    62.5-180.0 180.0   5.0 450.0                            LAT/LON1/LON2/DLON/H
   18   17   17   16   17   17   19   20   22   23   24   24   25   25   27   28
   30   33   36   38   40   40   38   36   34   31   30   30   33   38   43   50
   57   64   70   75   79   81   83   85   87   90   93   97  101  104  108  110
  109  106  100   93   85   77   69   63   57   52   47   43   40   36   33   31
   29   28   27   26   25   24   22   20   18
    60.0-180.0 180.0   5.0 450.0                            LAT/LON1/LON2/DLON/H
   22   20   18   18   17   17   19   19   21   22   24   24   24   25   25   27
   28   30   31   33   34   33   31   29   28   27   27   29   33   40   46   53
   61   69   75   79   83   85   88   90   92   96   99  102  106  110  113  113
  112  108  102   93   85   76   68   62   55   50   45   41   37   34   31   30
   28   28   28   29   29   28   26   24   22
    57.5-180.0 180.0   5.0 450.0                            LAT/LON1/LON2/DLON/H
   28   26   23   22   20   19   20   21   22   23   24   24   24   24   24   25
   25   25   26   26   26   26   25   23   23   23   26   30   36   44   52   59
   66   73   79   83   87   89   92   95   98  102  105  109  112  115  116  116
  114  110  104   94   85   76   69   62   56   50   45   40   36   33   30   28
   28   28   29   31   32   32   31   30   28
    55.0-180.0 180.0   5.0 450.0                            LAT/LON1/LON2/DLON/H
   34   32   30   28   27   25   25   24   25   25   26   26   26   25   25   24
   24   23   22   22   22   21   21   20   21   23   28   33   40   50   59   66
   73   78   82   86   89   92   96  101  105  109  113  117  119  121  120  118
  117  113  106   98   89   81   73   66   59   53   47   43   38   35   31   29
   28   29   31   33   36   37   37   35   34
    52.5-180.0 180.0   5.0 450.0                            LAT/LON1/LON2/DLON/H
   40   39   38   36   34   32   31   29   29   29   29   29   29   27   26   26
   25   24   22   22   21   22   21   21   23   27   32   40   48   59   66   73
   79   82   87   89   92   96  101  107  112  117  121  124  126  126  125  122
  119  116  110  103   96   89   82   74   68   60   54   49   44   39   36   33
   32   32   33   36   38   40   41   41   40
    50.0-180.0 180.0   5.0 450.0                            LAT/LON1/LON2/DLON/H
   46   46   45   44   43   40   38   36   36   35   35   35   34   32   31   31
   29   28   27   26   26   26   26   27   29   33   40   50   59   68   75   81
   84   87   90   93   96  100  107  114  120  126  130  132  132  131  129  126
  123  120  116  110  105   99   93   85   78   71   63   58   53   47   43   39
   37   36   37   39   41   43   45   46   46
    47.5-180.0 180.0   5.0 450.0                            LAT/LON1/LON2/DLON/H
   51   52   52   52   51   49   46   45   43   43   43   42   42   40   39   38
   37   36   34   35   35   35   36   36   38   43   50   60   70   77   83   88
   90   94   96   97  100  106  113  121  128  135  138  139  139  137  134  131
  128  126  123  119  115  111  104   97   90   82   74   69   63   57   52   47
   44   42   41   42   44   46   48   50   51
    45.0-180.0 180.0   5.0 450.0                            LAT/LON1/LON2/DLON/H
   54   56   58   58   58   56   54   52   51   51   52   52   51   50   49   47
   47   46   45   45   46   46   47   47   49   53   60   69   79   85   90   94
   96   99  102  103  106  112  120  128  136  142  146  147  146  143  139  136
  133  131  129  127  125  120  113  106   98   90   82   76   71   66   60   55
   51   48   47   47   47   49   51   52   54
    42.5-180.0 180.0   5.0 450.0                            LAT/LON1/LON2/DLON/H
   56   58   60   62   63   62   60   59   58   59   60   61   61   60   59   58
   58   57   57   57   57   57   57   57   59   64   70   78   86   92   96  100
  103  106  109  112  115  120  128  135  143  149  152  153  152  148  144  142
  139  137  135  135  131  126  119  111  102   93   85   79   75   70   66   62
   57   54   52   51   51   51   53   54   56
    40.0-180.0 180.0   5.0 450.0                            LAT/LON1/LON2/DLON/H
   56   58   61   63   65   64   64   64   64   65   67   69   70   70   69   69
   68   68   67   67   67   66   65   65   66   71   78   86   93   98  102  106
  109  114  117  122  126  131  137  144  150  155  158  159  158  155  152  149
  146  144  142  139  135  129  121  113  102   93   85   80   75   72   68   65
   62   58   56   55   54   54   54   55   56
    37.5-180.0 180.0   5.0 450.0                            LAT/LON1/LON2/DLON/H
   54   56   59   61   62   64   64   66   68   71   74   76   78   78   78   77
   76   75   74   74   72   71   70   69   70   75   83   93  101  105  109  113
  117  122  128  133  139  144  149  154  159  162  165  165  166  163  161  158
  155  153  149  145  139  131  122  113  102   92   84   79   75   72   69   67
   65   62   60   59   57   57   56   54   54
    35.0-180.0 180.0   5.0 450.0                            LAT/LON1/LON2/DLON/H
   52   53   55   57   58   61   61   65   68   73   79   82   85   86   85   84
   82   80   77   76   75   73   71   70   71   78   88   99  108  113  116  119
  124  131  140  147  154  159  163  166  169  170  172  174  174  173  173  170
  167  165  160  155  147  138  128  119  108   97   88   81   76   73   70   69
   67   65   64   62   60   58   55   53   52
    32.5-180.0 180.0   5.0 450.0                            LAT/LON1/LON2/DLON/H
   50   50   51   52   53   55   56   60   66   72   79   85   88   91   91   89
   86   82   78   76   74   72   70   68   72   81   92  104  115  120  124  127
  132  141  152  163  172  177  179  180  180  181  183  188  188  189  190  187
  185  183  179  173  163  154  144  133  121  110   99   91   83   78   74   73
   70   68   67   65   63   60   56   52   50
    30.0-180.0 180.0   5.0 450.0                            LAT/LON1/LON2/DLON/H
   49   47   47   48   49   50   51   55   61   68   75   82   87   92   93   90
   87   83   77   73   70   69   68   67   72   82   95  108  119  127  131  135
  142  153  166  180  190  195  196  195  193  195  199  205  206  206  208  207
  208  210  208  203  192  183  172  159  146  133  120  109   98   89   83   80
   76   74   72   69   67   64   59   53   49
    27.5-180.0 180.0   5.0 450.0                            LAT/LON1/LON2/DLON/H
   51   48   46   45   46   47   48   50   55   62   69   77   84   88   89   87
   85   81   75   71   67   66   66   66   71   83   97  111  124  133  138  142
  151  165  181  198  211  217  215  212  207  210  216  220  223  223  226  230
  237  243  245  242  234  221  209  195  180  166  151  137  123  110   99   92
   87   83   79   76   73   69   64   57   51
    25.0-180.0 180.0   5.0 450.0                            LAT/LON1/LON2/DLON/H
   57   52   48   46   46   46   46   48   51   56   63   71   78   82   83   81
   81   78   72   68   65   64   64   65   72   84   99  114  127  137  143  148
  160  178  198  218  233  239  235  228  223  224  227  230  236  239  246  257
  269  282  287  287  280  266  254  239  223  207  190  174  156  138  122  110
  101   95   88   84   81   77   72   64   57
    22.5-180.0 180.0   5.0 450.0                            LAT/LON1/LON2/DLON/H
   66   60   55   52   50   49   48   48   49   52   58   65   72   76   77   76
   75   72   69   66   64   63   64   66   74   86  101  116  129  138  145  154
  169  190  215  238  256  262  256  245  243  237  238  241  251  257  269  287
  303  321  332  331  327  312  300  286  270  253  235  216  193  171  149  133
  120  110  101   95   91   88   82   75   66
    20.0-180.0 180.0   5.0 450.0                            LAT/LON1/LON2/DLON/H
   78   70   64   60   57   56   55   53   51   52   55   60   65   69   70   69
   69   67   66   64   64   63   65   69   78   90  103  116  128  138  148  160
  179  203  230  252  273  282  274  262  264  255  253  259  272  284  295  313
  333  356  369  369  365  352  341  327  311  295  279  257  234  209  182  161
  142  128  116  108  103  100   93   86   78
    17.5-180.0 180.0   5.0 450.0                            LAT/LON1/LON2/DLON/H
   89   80   75   70   67   66   64   61   58   55   56   57   60   63   63   63
   64   63   63   64   64   65   68   74   83   93  104  116  126  138  151  167
  189  216  242  264  284  293  289  278  282  277  275  282  298  309  317  336
  358  378  393  396  392  381  368  354  340  328  315  295  272  243  212  189
  165  148  134  123  116  112  105   97   89
    15.0-180.0 180.0   5.0 450.0                            LAT/LON1/LON2/DLON/H
   99   90   83   79   77   77   75   72   68   63   60   58   58   58   58   58
   59   60   62   63   64   66   70   77   86   96  106  115  126  140  156  175
  200  228  253  272  289  297  298  295  296  295  299  308  322  330  338  352
  374  392  404  406  402  395  381  367  357  349  340  322  298  268  236  211
  187  167  150  137  128  122  115  106   99
    12.5-180.0 180.0   5.0 450.0                            LAT/LON1/LON2/DLON/H
  105   96   90   87   87   87   86   83   78   72   66   62   59   57   55   53
   54   57   59   60   62   64   70   79   89   99  107  116  127  144  163  184
  211  239  262  279  295  305  310  311  313  318  325  334  340  347  355  367
  383  394  403  405  402  395  383  371  365  360  352  336  312  282  251  223
  199  179  161  148  138  130  122  112  105
    10.0-180.0 180.0   5.0 450.0                            LAT/LON1/LON2/DLON/H
  107   99   94   94   94   95   95   93   88   81   74   68   63   58   54   51
   51   54   57   58   59   62   70   80   92  102  111  120  133  150  170  194
  222  248  269  285  301  314  324  329  332  340  348  354  358  363  367  374
  384  390  396  397  394  388  380  371  367  363  355  340  314  283  254  228
  201  181  165  153  143  134  125  115  107
     7.5-180.0 180.0   5.0 450.0                            LAT/LON1/LON2/DLON/H
  106   98   95   95   98  100  102  101   97   91   82   74   67   62   56   51
   50   51   54   57   58   63   70   81   94  106  117  128  142  159  180  203
  229  254  274  289  305  321  334  344  354  363  368  372  373  375  378  380
  383  386  389  388  385  381  376  371  368  366  357  339  311  279  249  224
  199  180  165  154  145  134  125  116  106
     5.0-180.0 180.0   5.0 450.0                            LAT/LON1/LON2/DLON/H
  105   96   94   96   99  102  104  106  102   96   89   80   72   66   59   53
   50   50   53   56   58   64   72   84   98  112  125  137  152  170  190  212
  236  259  276  292  308  325  342  358  373  382  385  386  386  387  387  385
  384  385  385  382  381  379  377  375  374  372  361  339  309  276  245  218
  196  177  164  154  143  132  123  114  105
     2.5-180.0 180.0   5.0 450.0                            LAT/LON1/LON2/DLON/H
  103   95   93   96   98  101  103  104  102   98   92   84   77   70   62   56
   51   50   52   55   59   65   73   87  103  118  132  147  163  180  199  219
  239  261  277  292  308  326  347  370  387  395  397  399  396  395  394  390
  388  388  386  383  382  384  386  387  387  383  370  344  311  277  244  217
  195  178  162  152  142  131  122  113  103
