data/IONEX/CVBB2910.21i
     1.0            IONOSPHERE MAPS     MIX                 IONEX VERSION / TYPE
cmpcmb v1.2          GRL/UWM             6-nov-21 02:03     PGM / RUN BY / DATE 
ionex file containing IGS COMBINED Ionosphere maps          COMMENT             
global ionosphere maps for day 291, 2021                    DESCRIPTION         
IONEX file containing the COMBINED IGS TEC MAPS and DCBs    DESCRIPTION         
      IONEX files of the following IAACs were combined: cod DESCRIPTION         
                                                        esa DESCRIPTION         
                                                        jpl DESCRIPTION         
                                                        upc DESCRIPTION         
Contact address: Andrzej Krankowski                         DESCRIPTION
                 Geodynamics Research Laboratory            DESCRIPTION
                 University of Warmia and Mazury (GRL/UWM)  DESCRIPTION
                 Oczapowski St. 1                           DESCRIPTION
                 10-957-Olsztyn, POLAND                     DESCRIPTION
                 e-mail:  kand@uwm.edu.pl                   DESCRIPTION
                                                            DESCRIPTION         
  2021    10    18     0     0     0                        EPOCH OF FIRST MAP  
  2021    10    19     0     0     0                        EPOCH OF LAST MAP   
  7200                                                      INTERVAL            
    13                                                      # OF MAPS IN FILE   
  COSZ                                                      MAPPING FUNCTION    
     0.0                                                    ELEVATION CUTOFF    
combined TEC calculated as weighted mean of input TEC valuesOBSERVABLES USED    
   352                                                      # OF STATIONS       
    32                                                      # OF SATELLITES     
  6371.0                                                    BASE RADIUS         
     2                                                      MAP DIMENSION       
   450.0 450.0   0.0                                        HGT1 / HGT2 / DHGT  
    87.5 -87.5  -2.5                                        LAT1 / LAT2 / DLAT  
  -180.0 180.0   5.0                                        LON1 / LON2 / DLON  
    -1                                                      EXPONENT            
TEC values in 0.1 tec units;  9999, if no value available   COMMENT             
DCB values in nanoseconds, reference is Sum_of_SatDCBs = 0  COMMENT             
                                                            END OF HEADER       
[from data line 5148]
    13                                                      START OF TEC MAP    
  2021    10    19     0     0     0                        EPOCH OF CURRENT MAP
    87.5-180.0 180.0   5.0 450.0                            LAT/LON1/LON2/DLON/H
   59   59   59   59   59   59   59   58   58   58   58   57   57   56   56   55
   54   54   53   53   52   51   51   50   50   50   50   50   49   49   49   48
   49   49   48   48   48   48   48   49   49   50   50   50   51   51   52   53
   53   54   55   56   57   57   57   58   58   58   58   58   58   58   58   58
   58   58   58   59   59   59   59   59   59
    85.0-180.0 180.0   5.0 450.0                            LAT/LON1/LON2/DLON/H
   63   64   64   63   63   63   63   63   63   63   62   62   62   61   61   60
   58   57   56   54   52   51   49   48   48   48   46   45   44   43   42   41
   40   39   39   39   38   38   38   39   39   41   41   42   44   45   46   48
   50   52   53   55   56   57   59   60   61   62   62   62   63   62   63   63
   63   64   64   64   64   64   64   63   63
    82.5-180.0 180.0   5.0 450.0                            LAT/LON1/LON2/DLON/H
   66   67   66   66   67   67   67   68   69   69   70   69   69   68   67   65
   64   63   60   57   54   51   49   48   47   45   43   39   38   35   33   32
   31   31   31   31   31   32   32   33   34   36   36   38   40   41   43   45
   48   49   52   54   56   58   59   61   62   64   64   65   65   66   66   67
   67   67   67   67   67   67   67   67   66
    80.0-180.0 180.0   5.0 450.0                            LAT/LON1/LON2/DLON/H
   70   70   69   69   71   72   74   74   74   75   74   74   74   73   71   69
   67   64   62   60   56   54   50   48   45   42   39   37   35   32   31   29
   28   27   26   27   27   27   28   29   31   31   34   36   37   40   42   44
   46   48   51   53   55   57   59   61   62   64   65   66   67   68   68   69
   70   71   71   71   72   71   71   70   70
    77.5-180.0 180.0   5.0 450.0                            LAT/LON1/LON2/DLON/H
   75   76   76   79   80   80   80   80   82   82   81   81   79   77   74   69
   66   63   60   57   55   52   47   45   43   41   38   36   34   32   29   27
   27   26   25   25   25   26   28   28   30   31   33   35   37   39   41   44
   46   47   49   52   54   55   57   59   60   62   63   64   66   68   69   70
   72   73   74   75   76   76   76   76   75
    75.0-180.0 180.0   5.0 450.0                            LAT/LON1/LON2/DLON/H
   82   83   85   86   87   87   88   89   89   88   89   88   84   77   72   69
   65   61   58   53   50   48   45   43   41   40   38   36   35   34   32   29
   28   27   27   28   28   28   29   30   31   32   34   36   37   39   42   43
   45   46   47   49   50   52   53   55   57   58   60   61   63   65   67   69
   71   73   75   78   80   81   81   81   82
    72.5-180.0 180.0   5.0 450.0                            LAT/LON1/LON2/DLON/H
   89   90   91   94   94   97   98   98   99   98   97   93   87   83   76   70
   63   57   52   47   45   42   41   40   39   37   37   36   35   35   34   33
   31   31   30   31   31   31   32   33   34   34   35   36   38   40   41   42
   43   43   44   45   46   47   48   49   51   53   55   56   59   61   64   67
   70   73   76   80   83   86   87   88   89
    70.0-180.0 180.0   5.0 450.0                            LAT/LON1/LON2/DLON/H
   96   97   98   99  101  104  106  109  110  108  106  102   97   88   80   71
   60   54   47   41   41   38   37   36   36   36   36   36   35   35   35   35
   35   34   34   34   33   33   33   35   36   36   37   38   39   40   41   41
   41   41   40   40   41   41   42   43   46   48   50   53   56   59   62   65
   70   73   78   83   88   92   94   95   96
    67.5-180.0 180.0   5.0 450.0                            LAT/LON1/LON2/DLON/H
  103  103  104  104  106  109  113  116  118  118  116  112  104   93   83   71
   60   52   44   39   38   35   34   34   36   36   35   37   36   36   36   35
   35   35   34   35   35   33   33   34   36   37   37   38   39   40   40   39
   38   37   35   35   34   35   36   38   41   44   47   51   54   57   61   66
   71   76   82   89   94   99  101  103  103
    65.0-180.0 180.0   5.0 450.0                            LAT/LON1/LON2/DLON/H
  111  111  111  109  110  113  117  121  124  126  124  117  108   98   86   74
   63   54   46   41   38   36   36   36   37   37   35   37   36   36   35   35
   34   33   33   33   32   31   31   31   33   36   37   37   38   38   37   35
   33   31   29   28   28   29   30   34   37   43   47   52   56   60   64   69
   75   81   88   95  101  106  109  111  111
    62.5-180.0 180.0   5.0 450.0                            LAT/LON1/LON2/DLON/H
  120  119  118  116  115  117  120  124  128  130  130  124  114  104   93   80
   69   58   51   46   43   41   40   39   40   38   36   37   37   36   34   33
   32   31   30   30   29   29   28   28   30   32   34   35   34   34   33   30
   28   25   23   22   22   23   26   31   36   43   49   55   60   65   68   74
   80   87   94  102  108  113  116  119  120
    60.0-180.0 180.0   5.0 450.0                            LAT/LON1/LON2/DLON/H
  129  128  128  124  122  122  124  126  129  132  132  128  120  111  101   89
   78   67   60   54   50   48   46   44   42   41   39   39   38   37   34   33
   30   28   27   28   26   26   25   26   27   30   31   31   31   29   27   25
   22   20   18   17   18   20   24   30   37   46   53   61   66   71   76   81
   87   94  102  110  117  122  125  129  129
    57.5-180.0 180.0   5.0 450.0                            LAT/LON1/LON2/DLON/H
  139  139  138  134  129  127  127  128  130  133  132  130  125  118  109   99
   89   79   71   64   58   55   53   50   47   44   42   41   39   37   35   33
   28   26   25   25   24   24   24   24   25   28   28   28   27   25   23   21
   18   16   15   15   16   18   23   31   39   50   58   67   73   79   84   89
   96  103  112  118  125  131  135  138  139
    55.0-180.0 180.0   5.0 450.0                            LAT/LON1/LON2/DLON/H
  150  153  151  146  139  134  131  131  132  133  132  130  126  122  116  109
  100   91   83   75   67   62   59   56   52   48   44   43   41   38   34   31
   28   25   24   24   24   24   25   25   26   28   28   28   26   24   21   20
   17   16   15   16   17   20   25   33   43   54   63   73   80   86   92   99
  106  114  122  128  134  139  145  148  150
    52.5-180.0 180.0   5.0 450.0                            LAT/LON1/LON2/DLON/H
  162  164  163  158  152  145  139  137  136  134  132  129  127  125  120  115
  108  100   91   83   74   68   64   61   57   53   49   46   43   39   35   31
   28   26   26   26   27   29   30   31   32   33   32   32   29   26   24   22
   21   20   21   21   22   26   31   38   47   58   68   78   85   92   99  108
  117  126  134  139  144  147  153  158  162
    50.0-180.0 180.0   5.0 450.0                            LAT/LON1/LON2/DLON/H
  172  175  175  172  166  158  151  145  142  138  133  130  128  126  122  118
  112  103   95   86   78   72   69   65   62   59   54   51   47   42   38   34
   31   29   30   31   34   37   39   41   42   41   40   38   35   32   30   29
   29   30   31   31   32   34   37   43   52   62   72   82   90   98  107  118
  128  138  146  151  154  157  161  166  172
    47.5-180.0 180.0   5.0 450.0                            LAT/LON1/LON2/DLON/H
  181  185  186  185  180  172  164  157  151  144  138  131  129  127  124  120
  114  105   96   87   80   76   74   71   68   63   59   55   50   45   41   38
   35   34   35   38   41   46   50   52   52   51   48   46   43   41   40   41
   41   43   45   44   44   44   46   51   59   68   78   87   97  105  116  128
  139  150  158  162  165  167  170  175  181
    45.0-180.0 180.0   5.0 450.0                            LAT/LON1/LON2/DLON/H
  189  195  197  196  192  185  177  169  161  153  145  137  133  131  127  122
  114  106   96   88   83   81   79   77   73   68   63   58   52   48   43   41
   39   40   41   46   50   55   59   62   61   59   57   55   53   51   52   54
   55   57   58   58   57   56   56   60   67   77   87   96  105  114  124  137
  149  160  168  174  176  177  180  184  189
    42.5-180.0 180.0   5.0 450.0                            LAT/LON1/LON2/DLON/H
  199  204  207  208  206  199  190  181  172  163  153  145  140  137  132  126
  117  108   99   93   89   86   86   83   78   72   67   60   53   48   45   44
   44   45   48   51   56   62   65   68   67   65   63   62   62   62   65   67
   69   71   70   70   67   66   67   71   79   89   98  107  116  123  134  146
  157  167  177  183  187  188  191  194  199
    40.0-180.0 180.0   5.0 450.0                            LAT/LON1/LON2/DLON/H
  210  215  218  218  216  212  204  194  184  174  164  156  150  146  140  132
  122  112  104  100   96   93   91   88   83   76   69   61   53   48   46   47
   49   51   54   57   61   67   70   71   71   70   69   69   70   73   75   79
   81   83   81   79   76   75   76   82   92  102  111  120  128  137  146  157
  165  174  183  190  196  200  202  205  210
    37.5-180.0 180.0   5.0 450.0                            LAT/LON1/LON2/DLON/H
  222  227  228  227  225  222  216  208  199  188  179  170  163  157  151  142
  130  120  112  109  105  100   95   91   86   79   71   62   54   50   50   52
   55   58   60   63   66   71   74   75   75   75   74   75   79   82   85   88
   89   89   87   84   81   81   84   92  103  115  125  134  142  150  159  167
  174  181  189  196  205  211  215  218  222
    35.0-180.0 180.0   5.0 450.0                            LAT/LON1/LON2/DLON/H
  238  241  241  238  235  232  228  222  214  204  195  185  177  170  163  152
  141  131  124  120  113  106   98   92   87   81   73   65   58   55   56   60
   64   66   68   69   72   76   78   79   79   79   80   81   84   88   90   92
   92   90   87   84   82   83   89  100  113  126  136  145  154  162  170  176
  183  188  195  203  215  224  230  234  238
    32.5-180.0 180.0   5.0 450.0                            LAT/LON1/LON2/DLON/H
  258  261  261  256  251  247  243  238  230  222  213  202  191  183  173  163
  152  143  134  128  119  110   98   91   87   82   77   71   66   64   67   72
   76   77   78   78   79   82   83   84   84   85   85   85   87   89   90   91
   90   87   84   81   80   82   91  104  118  131  142  151  162  170  178  186
  192  197  203  214  227  239  248  254  258
    30.0-180.0 180.0   5.0 450.0                            LAT/LON1/LON2/DLON/H
  287  290  291  286  279  272  265  260  249  240  231  219  206  194  182  170
  160  150  139  130  120  108   96   88   86   85   83   82   79   79   83   86
   90   90   89   88   88   90   90   90   89   88   87   86   86   87   87   87
   85   82   78   75   75   79   90  104  120  134  144  154  165  177  187  197
  202  208  215  228  243  258  270  281  287
    27.5-180.0 180.0   5.0 450.0                            LAT/LON1/LON2/DLON/H
  324  331  333  328  319  309  301  289  276  263  251  237  221  206  190  176
  164  153  141  128  115  102   92   87   88   93   97  100  100  101  102  104
  106  105  102  101   99   99   98   95   93   91   90   88   86   83   83   82
   79   76   71   68   68   75   87  103  120  133  145  156  168  182  197  207
  216  221  233  245  263  284  300  315  324
    25.0-180.0 180.0   5.0 450.0                            LAT/LON1/LON2/DLON/H
  368  383  387  381  370  358  345  328  310  292  275  257  239  219  199  182
  167  154  140  124  109   98   91   92  100  110  119  125  129  129  126  124
  123  117  115  114  111  109  105  100   97   94   91   89   86   82   79   77
   73   69   64   61   62   70   83  101  117  131  142  154  168  185  204  218
  230  237  251  264  285  308  328  352  368
    22.5-180.0 180.0   5.0 450.0                            LAT/LON1/LON2/DLON/H
  411  434  441  439  428  415  395  373  351  329  306  280  256  233  211  189
  171  155  139  123  109  100   99  109  125  140  150  159  161  160  154  149
  139  128  126  124  121  116  110  104  100   97   95   91   86   80   75   71
   68   62   58   56   57   66   81   99  115  127  137  149  165  185  210  230
  245  256  272  285  305  329  352  381  411
    20.0-180.0 180.0   5.0 450.0                            LAT/LON1/LON2/DLON/H
  442  477  496  499  488  471  446  422  399  371  341  311  280  252  227  204
  181  163  146  130  119  114  119  139  162  178  186  190  184  177  173  167
  152  137  133  132  128  121  112  105  101   99   97   93   86   78   70   66
   61   57   53   52   55   63   79   97  113  125  133  145  162  184  214  238
  256  272  286  303  323  347  372  403  442
    17.5-180.0 180.0   5.0 450.0                            LAT/LON1/LON2/DLON/H
  459  502  533  542  537  521  496  472  447  419  385  351  312  278  248  225
  201  181  163  150  142  144  156  180  204  215  216  212  198  182  173  167
  158  143  137  135  130  121  111  104  101   99   97   93   86   76   67   62
   58   54   51   50   53   63   79   97  112  125  133  143  159  183  216  243
  262  278  295  312  330  360  385  417  459
    15.0-180.0 180.0   5.0 450.0                            LAT/LON1/LON2/DLON/H
  462  507  544  563  567  556  536  514  492  466  432  394  352  313  281  259
  233  213  194  183  181  191  209  227  241  241  233  221  202  181  166  157
  154  145  138  134  130  121  110  104  100   98   96   92   85   74   65   60
   56   53   50   50   54   64   80   98  113  126  135  145  160  184  215  244
  267  286  303  317  337  366  389  420  462
    12.5-180.0 180.0   5.0 450.0                            LAT/LON1/LON2/DLON/H
  453  495  531  560  573  571  558  543  527  506  476  438  393  358  325  305
  281  261  240  232  236  249  265  275  271  252  234  216  197  179  164  152
  149  142  136  132  129  120  112  105  100   98   96   92   85   75   66   60
   56   53   51   50   54   65   82  100  115  127  138  149  164  185  214  243
  272  295  313  325  340  362  385  414  453
    10.0-180.0 180.0   5.0 450.0                            LAT/LON1/LON2/DLON/H
  436  471  506  537  559  567  561  553  547  532  509  474  434  406  380  360
  340  320  297  290  297  305  311  311  286  250  223  202  185  170  159  151
  146  140  133  131  129  122  114  110  105  101   97   94   87   77   68   62
   58   54   51   49   53   65   83  102  118  130  142  154  169  188  213  241
  273  300  319  332  342  355  376  403  436
     7.5-180.0 180.0   5.0 450.0                            LAT/LON1/LON2/DLON/H
  421  447  475  506  531  546  548  548  549  543  526  498  470  448  435  419
  400  377  356  347  352  354  349  327  285  236  205  186  173  164  160  154
  148  139  132  133  130  126  121  117  112  104  101   97   90   81   71   65
   60   55   50   48   52   65   84  106  122  134  144  156  170  188  212  239
  270  297  318  333  344  353  369  392  421
     5.0-180.0 180.0   5.0 450.0                            LAT/LON1/LON2/DLON/H
  412  429  448  474  501  519  524  528  533  537  528  506  485  473  469  461
  445  419  399  388  392  391  371  326  269  219  191  176  169  166  167  162
  153  143  140  140  137  133  128  124  115  109  105   99   93   84   75   68
   63   57   51   48   52   66   88  110  127  138  146  157  171  189  210  235
  264  290  312  331  344  355  368  388  412
     2.5-180.0 180.0   5.0 450.0                            LAT/LON1/LON2/DLON/H
  412  423  433  453  478  494  498  502  508  518  515  500  483  477  477  476
  465  443  421  408  405  394  365  316  256  214  184  173  174  178  178  173
  163  157  155  151  146  139  132  126  117  110  107  101   96   88   80   72
   66   59   52   49   55   69   92  114  131  141  149  158  173  190  209  228
  255  283  307  329  345  359  372  391  412
