data/IONEX/CVBB2840.21i
     1.0            IONOSPHERE MAPS     MIX                 IONEX VERSION / TYPE
cmpcmb v1.2          GRL/UWM            28-oct-21 01:30     PGM / RUN BY / DATE 
ionex file containing IGS COMBINED Ionosphere maps          COMMENT             
global ionosphere maps for day 284, 2021                    DESCRIPTION         
IONEX file containing the COMBINED IGS TEC MAPS and DCBs    DESCRIPTION         
      IONEX files of the following IAACs were combined: cod DESCRIPTION         
                                                        esa DESCRIPTION         
                                                        jpl DESCRIPTION         
                                                        upc DESCRIPTION         
Contact address: Andrzej Krankowski                         DESCRIPTION
                 Geodynamics Research Laboratory            DESCRIPTION
                 University of Warmia and Mazury (GRL/UWM)  DESCRIPTION
                 Oczapowski St. 1                           DESCRIPTION
                 10-957-Olsztyn, POLAND                     DESCRIPTION
                 e-mail:  kand@uwm.edu.pl                   DESCRIPTION
                                                            DESCRIPTION         
  2021    10    11     0     0     0                        EPOCH OF FIRST MAP  
  2021    10    12     0     0     0                        EPOCH OF LAST MAP   
  7200                                                      INTERVAL            
    13                                                      # OF MAPS IN FILE   
  COSZ                                                      MAPPING FUNCTION    
     0.0                                                    ELEVATION CUTOFF    
combined TEC calculated as weighted mean of input TEC valuesOBSERVABLES USED    
   354                                                      # OF STATIONS       
    32                                                      # OF SATELLITES     
  6371.0                                                    BASE RADIUS         
     2                                                      MAP DIMENSION       
   450.0 450.0   0.0                                        HGT1 / HGT2 / DHGT  
    87.5 -87.5  -2.5                                        LAT1 / LAT2 / DLAT  
  -180.0 180.0   5.0                                        LON1 / LON2 / DLON  
    -1                                                      EXPONENT            
TEC values in 0.1 tec units;  9999, if no value available   COMMENT             
DCB values in nanoseconds, reference is Sum_of_SatDCBs = 0  COMMENT             
                                                            END OF HEADER       
[from data line 4719]
    12                                                      START OF TEC MAP    
  2021    10    11    22     0     0                        EPOCH OF CURRENT MAP
    87.5-180.0 180.0   5.0 450.0                            LAT/LON1/LON2/DLON/H
   68   70   70   71   72   74   75   75   75   75   75   75   76   76   76   75
   74   73   72   72   71   70   69   69   68   66   66   65   64   63   61   61
   60   59   59   57   57   56   55   55   54   52   51   51   50   49   49   48
   48   47   47   47   47   48   48   48   49   50   51   52   53   55   55   56
   58   58   61   62   62   65   66   67   68
    85.0-180.0 180.0   5.0 450.0                            LAT/LON1/LON2/DLON/H
   73   75   77   77   78   80   81   83   83   85   86   86   87   87   87   87
   87   86   86   84   82   81   79   78   75   73   71   69   65   61   58   56
   55   52   51   50   48   47   46   45   44   44   44   43   43   42   41   40
   41   41   41   41   41   42   43   44   45   46   47   49   50   52   54   55
   58   59   61   63   65   67   69   71   73
    82.5-180.0 180.0   5.0 450.0                            LAT/LON1/LON2/DLON/H
   71   73   75   78   82   85   89   92   95   97   99  100  102  102  102  102
  101   99   96   93   89   87   85   84   80   75   70   69   66   63   61   58
   56   53   51   48   47   45   44   44   42   42   42   40   38   38   38   37
   37   37   37   38   39   39   41   42   43   44   45   46   48   49   51   53
   54   57   58   60   63   65   67   69   71
    80.0-180.0 180.0   5.0 450.0                            LAT/LON1/LON2/DLON/H
   68   72   76   81   85   90   93   97  100  104  106  109  110  110  108  107
  105  103  101   98   98   96   90   82   81   79   75   73   69   66   63   60
   57   54   52   49   47   44   43   42   41   40   39   39   38   38   37   36
   36   36   36   37   37   38   39   40   41   42   43   44   45   46   47   49
   51   53   55   57   59   61   63   66   68
    77.5-180.0 180.0   5.0 450.0                            LAT/LON1/LON2/DLON/H
   66   71   75   81   87   92   97  103  108  112  114  115  117  117  116  112
  109  104  100   97   95   92   89   83   82   80   75   74   72   70   68   64
   62   57   53   50   49   49   47   45   44   43   42   40   39   38   38   37
   36   36   36   36   36   36   37   37   38   39   40   41   42   43   44   45
   47   48   50   52   54   57   60   63   66
    75.0-180.0 180.0   5.0 450.0                            LAT/LON1/LON2/DLON/H
   66   70   76   82   88   94  101  109  115  120  124  126  125  121  115  109
  103   98   94   90   88   84   85   82   82   79   81   78   74   71   69   66
   61   57   56   54   51   49   47   47   46   45   45   43   42   41   40   40
   39   38   37   36   35   36   35   35   35   36   37   38   38   39   41   42
   43   45   47   49   52   55   58   61   66
    72.5-180.0 180.0   5.0 450.0                            LAT/LON1/LON2/DLON/H
   67   72   77   83   89   97  106  114  121  129  132  129  125  120  112  104
   98   91   85   82   80   77   79   78   78   78   76   76   74   71   65   62
   61   56   53   53   51   50   47   46   46   45   45   44   44   43   43   42
   40   39   38   38   36   35   34   33   33   33   33   34   34   35   37   39
   41   43   46   49   52   56   59   63   67
    70.0-180.0 180.0   5.0 450.0                            LAT/LON1/LON2/DLON/H
   71   75   79   85   91   99  107  118  126  132  134  132  127  120  111  102
   92   83   78   74   69   68   70   71   71   72   71   69   68   65   61   56
   52   51   50   49   48   48   47   46   46   46   45   44   43   42   41   40
   39   38   37   36   35   34   32   31   30   29   29   30   30   32   34   37
   40   44   47   51   56   60   63   67   71
    67.5-180.0 180.0   5.0 450.0                            LAT/LON1/LON2/DLON/H
   76   78   82   87   92   99  108  116  124  131  136  134  131  123  111  101
   88   78   71   65   61   62   62   63   65   64   65   62   60   58   53   48
   45   43   43   42   43   43   44   44   44   43   42   42   41   40   38   38
   36   35   34   33   32   31   30   28   27   26   26   26   28   30   32   36
   41   45   51   56   61   66   69   73   76
    65.0-180.0 180.0   5.0 450.0                            LAT/LON1/LON2/DLON/H
   82   84   87   89   93   98  105  112  120  129  137  138  138  131  118  102
   89   77   67   62   58   58   57   57   58   58   56   54   51   47   44   39
   35   34   35   36   36   38   39   40   39   39   38   39   38   37   36   35
   33   32   31   30   29   27   26   25   24   23   23   24   26   28   32   37
   42   49   55   61   68   72   76   79   82
    62.5-180.0 180.0   5.0 450.0                            LAT/LON1/LON2/DLON/H
   89   91   92   94   95   98  103  109  116  126  136  142  144  139  125  110
   96   82   72   65   60   57   55   54   54   53   49   47   44   39   36   33
   30   30   30   31   32   33   35   36   36   36   36   36   36   35   33   32
   31   30   29   28   27   25   24   23   22   21   22   23   26   29   34   40
   46   53   60   68   74   79   83   87   89
    60.0-180.0 180.0   5.0 450.0                            LAT/LON1/LON2/DLON/H
   96   99   99  100   99  100  103  107  113  121  131  140  145  144  135  122
  109   95   83   74   66   61   57   54   52   49   47   43   40   37   33   32
   31   30   31   31   31   33   33   34   35   36   36   36   36   35   33   32
   31   30   29   28   27   26   25   24   23   23   24   26   28   32   37   44
   52   58   66   73   79   85   89   94   96
    57.5-180.0 180.0   5.0 450.0                            LAT/LON1/LON2/DLON/H
  104  107  108  108  107  105  105  107  111  118  127  137  146  149  146  137
  126  113  101   90   80   73   65   60   54   50   48   46   44   41   39   37
   37   36   35   36   36   36   37   37   38   39   39   39   38   37   36   35
   34   33   31   30   29   29   29   28   28   27   28   30   33   37   43   50
   57   64   71   79   84   90   95   99  104
    55.0-180.0 180.0   5.0 450.0                            LAT/LON1/LON2/DLON/H
  112  116  118  119  116  115  113  111  113  119  128  138  147  153  155  151
  144  133  123  111   99   88   80   72   64   61   60   59   57   55   52   50
   48   47   46   45   45   45   45   45   46   46   46   46   44   44   43   42
   40   39   37   37   36   36   37   37   37   36   36   37   40   44   50   56
   63   71   77   83   88   94  100  105  112
    52.5-180.0 180.0   5.0 450.0                            LAT/LON1/LON2/DLON/H
  120  127  130  131  131  130  124  120  120  123  131  140  149  156  161  161
  158  152  142  132  120  108   99   89   81   78   77   77   75   74   71   67
   64   61   59   58   57   57   57   57   56   56   56   55   53   53   52   50
   48   46   45   46   47   49   49   50   49   48   48   48   49   53   57   63
   69   76   82   88   93   99  106  113  120
    50.0-180.0 180.0   5.0 450.0                            LAT/LON1/LON2/DLON/H
  130  139  144  147  147  144  139  134  132  133  136  142  150  159  166  170
  169  165  157  149  138  127  117  107  100   96   95   96   95   93   89   83
   77   73   71   70   69   68   68   68   67   66   66   64   64   62   61   58
   57   55   55   57   59   62   63   65   64   62   60   59   60   62   66   71
   76   82   88   93   99  105  113  121  130
    47.5-180.0 180.0   5.0 450.0                            LAT/LON1/LON2/DLON/H
  143  152  158  163  163  160  156  150  148  146  146  148  154  163  171  177
  178  175  168  161  152  141  132  123  117  113  112  113  111  108  102   93
   85   81   79   78   78   78   77   76   76   75   75   75   73   72   70   68
   65   65   64   67   71   75   78   79   78   75   71   69   69   71   74   78
   84   89   95  100  106  113  121  132  143
    45.0-180.0 180.0   5.0 450.0                            LAT/LON1/LON2/DLON/H
  155  165  173  177  179  176  172  169  165  162  160  158  162  170  177  183
  184  182  176  169  160  152  144  136  129  126  124  124  121  114  105   96
   87   82   81   82   83   84   83   82   81   81   81   81   81   80   79   77
   75   75   76   78   82   87   90   91   89   85   80   77   76   78   81   86
   91   96  102  109  115  122  132  143  155
    42.5-180.0 180.0   5.0 450.0                            LAT/LON1/LON2/DLON/H
  167  178  185  190  191  190  188  186  183  181  177  173  173  178  185  189
  190  187  181  174  166  160  154  147  141  136  131  127  121  112  101   91
   82   79   80   83   85   86   86   85   85   85   86   86   88   88   87   86
   84   84   85   88   91   95   98   99   97   92   87   83   81   84   89   94
   99  105  111  118  125  133  142  153  167
    40.0-180.0 180.0   5.0 450.0                            LAT/LON1/LON2/DLON/H
  177  190  196  200  201  201  201  201  200  198  195  190  186  189  193  197
  196  193  186  180  172  166  161  156  149  142  134  125  115  103   93   83
   77   76   79   83   86   88   89   87   87   88   89   91   93   93   94   93
   92   92   92   94   97  101  103  103  101   95   90   87   87   90   96  102
  108  114  120  127  134  142  152  165  177
    37.5-180.0 180.0   5.0 450.0                            LAT/LON1/LON2/DLON/H
  188  198  205  207  208  209  211  213  214  215  212  207  204  203  205  206
  204  200  194  187  179  172  166  161  154  145  134  122  107   95   86   79
   77   78   82   87   90   92   92   91   90   91   93   95   98   99   99   98
   97   96   95   95   96  100  103  103  100   95   91   89   91   97  102  109
  115  122  129  135  143  151  161  174  188
    35.0-180.0 180.0   5.0 450.0                            LAT/LON1/LON2/DLON/H
  195  204  211  213  213  215  218  222  226  229  228  224  221  220  219  219
  215  210  205  196  186  179  172  164  157  146  133  119  103   91   86   84
   85   88   91   95   98   99   98   97   96   96   97  100  103  103  102   99
   97   95   93   91   93   95   99  100   97   92   89   89   93  101  109  116
  122  129  137  144  151  159  168  180  195
    32.5-180.0 180.0   5.0 450.0                            LAT/LON1/LON2/DLON/H
  200  211  217  220  221  221  224  229  234  239  242  241  239  238  237  234
  231  225  217  206  196  187  178  168  161  149  133  118  104   96   96  100
  104  107  109  110  110  109  106  105  104  104  105  107  108  106  102   98
   95   92   89   87   87   89   92   93   91   88   86   87   94  104  113  121
  128  136  145  152  159  167  174  185  200
    30.0-180.0 180.0   5.0 450.0                            LAT/LON1/LON2/DLON/H
  207  219  226  229  230  230  232  236  242  248  253  254  254  256  254  251
  249  242  233  220  208  198  183  173  166  155  138  125  115  112  119  129
  135  138  135  131  125  121  117  114  114  113  113  115  114  109  103   97
   92   88   84   81   80   82   84   86   85   83   83   86   94  105  116  125
  133  142  152  160  168  176  183  194  207
    27.5-180.0 180.0   5.0 450.0                            LAT/LON1/LON2/DLON/H
  220  232  240  242  243  243  243  245  250  256  262  265  269  272  272  271
  266  260  250  234  220  206  188  180  175  165  150  140  136  141  155  169
  181  179  167  155  143  135  127  123  123  123  122  124  120  113  105   97
   90   85   79   74   74   75   77   78   78   78   79   83   94  106  118  128
  138  148  160  168  178  187  196  208  220
    25.0-180.0 180.0   5.0 450.0                            LAT/LON1/LON2/DLON/H
  238  249  256  260  260  259  258  257  260  264  271  276  283  289  289  289
  282  277  267  249  230  211  195  191  188  181  170  165  167  182  206  219
  230  220  209  184  161  149  137  133  130  130  129  133  127  118  107   97
   90   83   75   70   68   70   71   72   72   72   75   82   92  106  119  131
  142  154  167  177  190  201  212  225  238
    22.5-180.0 180.0   5.0 450.0                            LAT/LON1/LON2/DLON/H
  259  270  276  281  281  280  277  274  273  277  281  289  298  306  308  308
  300  293  284  266  242  220  205  205  207  205  200  198  207  235  268  275
  280  270  245  214  183  161  145  140  136  137  136  141  134  122  109   98
   90   82   74   68   65   66   67   67   67   68   71   79   91  106  121  133
  146  160  174  188  204  217  231  246  259
    20.0-180.0 180.0   5.0 450.0                            LAT/LON1/LON2/DLON/H
  283  292  298  303  305  305  302  298  294  293  296  304  314  324  326  326
  319  313  303  284  258  236  221  226  233  236  235  234  251  286  319  321
  316  295  269  228  194  173  152  140  137  145  146  147  138  126  112  101
   93   85   76   70   67   67   66   65   64   65   69   77   91  108  122  136
  149  165  182  200  218  235  251  270  283
    17.5-180.0 180.0   5.0 450.0                            LAT/LON1/LON2/DLON/H
  307  314  319  325  329  331  329  325  318  314  316  323  333  343  346  346
  340  335  323  304  278  256  245  253  263  269  268  268  280  308  334  334
  314  285  258  216  184  165  145  133  133  149  152  147  139  128  116  106
   99   91   82   76   73   71   69   66   64   63   67   78   93  110  126  140
  155  171  190  210  231  251  272  293  307
    15.0-180.0 180.0   5.0 450.0                            LAT/LON1/LON2/DLON/H
  327  333  340  345  351  355  355  351  343  338  340  347  356  365  368  367
  363  358  346  326  301  282  273  279  289  295  293  293  298  306  313  301
  280  246  222  189  158  144  132  125  128  142  146  141  138  130  121  113
  107  100   92   86   81   78   73   69   64   63   68   79   95  114  131  147
  163  180  199  220  244  267  292  314  327
    12.5-180.0 180.0   5.0 450.0                            LAT/LON1/LON2/DLON/H
  342  348  354  361  369  376  378  375  369  365  368  374  382  391  394  392
  388  382  370  350  326  309  302  304  309  311  305  299  292  284  273  260
  229  207  185  162  145  135  132  126  125  131  135  136  136  131  125  121
  116  110  101   94   89   83   78   71   65   64   69   81   98  118  137  155
  173  192  210  232  255  279  305  328  342
    10.0-180.0 180.0   5.0 450.0                            LAT/LON1/LON2/DLON/H
  350  358  363  372  383  392  395  394  392  391  394  400  410  419  423  419
  413  407  397  377  354  336  329  329  328  320  308  290  271  252  233  219
  201  183  171  160  152  147  144  136  130  128  130  132  135  133  128  126
  123  115  106   99   92   87   81   73   67   65   69   82  100  122  144  164
  183  202  221  243  265  289  314  336  350
     7.5-180.0 180.0   5.0 450.0                            LAT/LON1/LON2/DLON/H
  356  364  371  378  391  402  409  411  413  414  418  426  435  445  452  448
  440  433  422  405  382  364  356  350  342  327  304  279  251  223  202  192
  183  179  180  180  176  172  165  154  143  136  133  133  133  132  130  128
  123  114  105   97   91   86   81   75   69   66   70   83  102  127  151  171
  191  210  230  251  274  296  320  342  356
     5.0-180.0 180.0   5.0 450.0                            LAT/LON1/LON2/DLON/H
  361  370  376  384  395  407  416  423  428  432  437  445  453  464  474  473
  465  456  443  429  410  393  380  367  352  331  301  270  238  208  189  184
  186  197  216  218  212  210  201  181  163  150  143  134  131  129  127  124
  117  108   99   91   85   82   79   74   69   67   71   84  104  129  155  177
  197  218  238  260  280  301  324  346  361
     2.5-180.0 180.0   5.0 450.0                            LAT/LON1/LON2/DLON/H
  365  375  380  388  397  409  419  427  436  442  447  453  461  472  485  489
  483  473  460  449  432  417  398  380  360  334  302  269  237  210  199  199
  212  236  264  265  257  253  236  209  188  165  152  135  131  125  121  116
  107   98   88   81   76   75   74   72   69   68   71   84  104  130  156  179
  201  222  244  264  284  303  328  349  365
