data/IONEX/CVBB2870.21i
     1.0            IONOSPHERE MAPS     MIX                 IONEX VERSION / TYPE
cmpcmb v1.2          GRL/UWM            28-oct-21 01:48     PGM / RUN BY / DATE 
ionex file containing IGS COMBINED Ionosphere maps          COMMENT             
global ionosphere maps for day 287, 2021                    DESCRIPTION         
IONEX file containing the COMBINED IGS TEC MAPS and DCBs    DESCRIPTION         
      IONEX files of the following IAACs were combined: cod DESCRIPTION         
                                                        esa DESCRIPTION         
                                                        jpl DESCRIPTION         
                                                        upc DESCRIPTION         
Contact address: Andrzej Krankowski                         DESCRIPTION
                 Geodynamics Research Laboratory            DESCRIPTION
                 University of Warmia and Mazury (GRL/UWM)  DESCRIPTION
                 Oczapowski St. 1                           DESCRIPTION
                 10-957-Olsztyn, POLAND                     DESCRIPTION
                 e-mail:  kand@uwm.edu.pl                   DESCRIPTION
                                                            DESCRIPTION         
  2021    10    14     0     0     0                        EPOCH OF FIRST MAP  
  2021    10    15     0     0     0                        EPOCH OF LAST MAP   
  7200                                                      INTERVAL            
    13                                                      # OF MAPS IN FILE   
  COSZ                                                      MAPPING FUNCTION    
     0.0                                                    ELEVATION CUTOFF    
combined TEC calculated as weighted mean of input TEC valuesOBSERVABLES USED    
   357                                                      # OF STATIONS       
    32                                                      # OF SATELLITES     
  6371.0                                                    BASE RADIUS         
     2                                                      MAP DIMENSION       
   450.0 450.0   0.0                                        HGT1 / HGT2 / DHGT  
    87.5 -87.5  -2.5                                        LAT1 / LAT2 / DLAT  
  -180.0 180.0   5.0                                        LON1 / LON2 / DLON  
    -1                                                      EXPONENT            
TEC values in 0.1 tec units;  9999, if no value available   COMMENT             
DCB values in nanoseconds, reference is Sum_of_SatDCBs = 0  COMMENT             
                                                            END OF HEADER       
[from data line 2574]
     7                                                      START OF TEC MAP    
  2021    10    14    12     0     0                        EPOCH OF CURRENT MAP
    87.5-180.0 180.0   5.0 450.0                            LAT/LON1/LON2/DLON/H
   67   68   68   68   68   68   69   69   69   69   69   69   69   69   69   70
   70   70   70   70   70   70   70   70   69   69   69   69   68   68   67   67
   67   67   66   66   65   65   65   65   64   64   64   63   63   63   63   63
   64   64   64   64   64   64   64   63   64   64   64   64   64   64   65   65
   65   66   66   66   66   66   66   67   67
    85.0-180.0 180.0   5.0 450.0                            LAT/LON1/LON2/DLON/H
   65   66   66   67   67   67   68   68   69   69   69   70   70   70   70   69
   69   69   70   70   71   70   70   70   70   70   70   69   68   67   66   65
   65   64   64   63   62   62   61   61   61   60   59   59   59   58   59   58
   58   58   59   59   60   59   59   59   58   58   58   59   59   60   60   60
   61   61   62   63   63   64   64   65   65
    82.5-180.0 180.0   5.0 450.0                            LAT/LON1/LON2/DLON/H
   60   60   61   62   62   63   64   65   65   66   67   67   68   68   69   69
   69   69   69   70   69   69   69   70   71   70   69   68   68   67   67   66
   65   64   63   62   61   59   59   58   58   57   56   55   55   54   54   54
   54   54   54   55   55   55   54   54   53   53   53   54   54   54   55   55
   55   56   56   57   57   58   58   59   60
    80.0-180.0 180.0   5.0 450.0                            LAT/LON1/LON2/DLON/H
   53   53   54   56   57   58   59   60   61   62   62   63   63   63   62   62
   62   63   63   63   66   69   68   69   70   70   70   69   69   68   67   67
   66   65   64   62   61   60   58   57   56   55   55   54   53   52   51   51
   51   51   51   51   51   51   51   50   50   49   49   48   48   48   48   48
   48   49   49   49   49   50   51   51   53
    77.5-180.0 180.0   5.0 450.0                            LAT/LON1/LON2/DLON/H
   46   47   49   50   52   53   55   56   58   58   58   57   56   57   58   59
   60   62   63   64   65   68   70   70   71   72   73   73   74   74   72   71
   70   70   69   67   66   64   62   61   58   57   56   55   53   52   52   51
   50   50   50   50   49   49   48   48   47   47   45   44   44   43   42   42
   42   41   41   41   42   42   43   44   46
    75.0-180.0 180.0   5.0 450.0                            LAT/LON1/LON2/DLON/H
   40   42   44   45   47   49   50   51   52   51   50   50   50   50   52   53
   53   55   58   61   65   66   70   71   73   75   76   78   79   80   81   81
   80   79   78   77   75   74   71   68   66   63   61   59   57   57   55   55
   54   53   52   52   51   50   49   49   47   45   43   42   41   39   38   37
   36   35   35   34   35   36   37   38   40
    72.5-180.0 180.0   5.0 450.0                            LAT/LON1/LON2/DLON/H
   37   39   40   42   43   45   45   46   46   45   45   45   45   46   47   47
   48   51   54   59   62   64   69   72   75   79   82   84   86   88   89   90
   91   90   89   88   87   85   82   79   76   73   71   69   66   65   64   63
   61   60   59   57   56   55   53   51   49   46   43   41   39   37   35   33
   32   31   30   30   31   31   33   34   37
    70.0-180.0 180.0   5.0 450.0                            LAT/LON1/LON2/DLON/H
   34   36   37   39   41   42   43   43   42   42   41   41   41   41   42   43
   44   46   50   53   59   63   68   72   78   83   87   91   93   95   96   98
   99   99   99   98   97   95   93   90   87   84   82   80   78   76   74   73
   71   68   66   64   62   60   58   55   52   48   44   41   38   36   34   32
   31   29   29   29   29   29   31   33   34
    67.5-180.0 180.0   5.0 450.0                            LAT/LON1/LON2/DLON/H
   32   33   35   37   39   41   41   41   41   41   40   39   39   40   39   39
   40   42   45   49   55   61   67   74   80   87   91   96   99  100  102  104
  105  107  107  106  105  103  101   99   96   94   92   90   88   86   85   83
   80   77   74   71   68   65   62   59   55   51   46   42   39   36   34   32
   31   30   29   30   30   30   30   31   32
    65.0-180.0 180.0   5.0 450.0                            LAT/LON1/LON2/DLON/H
   31   32   33   34   36   38   40   40   40   40   40   39   38   37   37   37
   37   39   42   46   51   58   66   74   81   89   94   98  101  103  106  107
  109  111  112  111  110  108  106  104  103  102  101   99   98   96   94   92
   88   84   79   76   72   69   65   61   57   53   48   44   40   37   35   33
   32   31   31   31   31   31   31   31   31
    62.5-180.0 180.0   5.0 450.0                            LAT/LON1/LON2/DLON/H
   30   30   30   31   33   34   37   37   38   38   38   37   37   36   36   35
   36   37   40   44   49   56   65   74   82   89   95   99  101  104  107  109
  110  113  114  113  112  111  110  109  108  108  107  107  107  105  103   99
   95   89   84   79   75   70   66   62   59   55   51   46   42   38   35   34
   33   33   34   33   33   32   32   31   30
    60.0-180.0 180.0   5.0 450.0                            LAT/LON1/LON2/DLON/H
   28   27   26   27   28   30   32   33   34   35   35   35   35   36   35   34
   34   35   37   42   47   55   64   74   82   88   94   98  102  105  108  110
  112  114  115  114  114  112  111  111  111  113  114  114  114  112  109  105
  100   93   88   81   76   71   67   64   61   58   54   49   44   40   37   35
   35   35   36   36   35   34   32   30   28
    57.5-180.0 180.0   5.0 450.0                            LAT/LON1/LON2/DLON/H
   27   25   24   24   24   25   27   28   30   31   32   32   33   33   33   33
   32   32   34   40   47   55   64   74   81   87   93   98  102  106  109  112
  115  117  116  115  114  113  113  113  115  118  120  122  121  119  116  110
  105   98   91   84   78   72   68   65   63   60   57   53   48   45   41   38
   37   37   38   38   38   36   33   30   27
    55.0-180.0 180.0   5.0 450.0                            LAT/LON1/LON2/DLON/H
   28   25   24   23   23   23   23   24   25   27   27   28   29   29   30   29
   30   30   32   38   46   55   65   73   81   87   92   98  104  108  113  117
  119  119  119  117  116  114  115  117  120  123  127  129  128  126  123  116
  111  104   96   89   82   76   72   69   67   65   62   59   55   51   45   41
   40   39   40   41   41   38   36   32   28
    52.5-180.0 180.0   5.0 450.0                            LAT/LON1/LON2/DLON/H
   30   26   25   24   23   22   21   21   23   24   24   26   27   27   28   27
   28   28   32   38   47   57   66   74   82   88   93   99  106  112  118  122
  123  122  121  120  118  118  119  122  125  130  134  137  136  135  130  124
  118  111  103   96   89   84   79   76   74   72   69   67   63   59   52   46
   43   42   43   43   43   42   39   35   30
    50.0-180.0 180.0   5.0 450.0                            LAT/LON1/LON2/DLON/H
   35   31   28   26   25   23   22   22   23   23   24   25   26   26   26   26
   26   29   33   41   50   61   69   77   83   89   95  101  109  116  123  127
  127  126  124  123  122  122  125  129  133  138  143  145  146  143  139  133
  126  120  113  105   99   93   89   85   83   80   78   76   73   68   61   54
   49   47   47   47   48   47   44   39   35
    47.5-180.0 180.0   5.0 450.0                            LAT/LON1/LON2/DLON/H
   43   40   36   33   30   28   27   26   25   26   26   26   27   27   27   27
   27   30   35   44   55   65   74   80   86   91   97  105  113  121  128  131
  130  129  127  126  127  129  132  137  142  148  152  154  155  153  148  143
  137  131  124  117  112  106   99   95   90   87   86   85   82   77   69   62
   56   53   52   52   52   51   49   47   43
    45.0-180.0 180.0   5.0 450.0                            LAT/LON1/LON2/DLON/H
   51   50   46   42   39   36   33   32   31   30   30   30   31   31   31   31
   31   33   39   49   60   71   79   85   90   96  102  110  119  126  131  134
  133  132  131  130  133  137  142  147  152  157  161  163  163  162  157  153
  147  142  137  133  126  119  111  104   97   93   92   91   89   84   77   70
   63   60   58   58   57   56   55   54   51
    42.5-180.0 180.0   5.0 450.0                            LAT/LON1/LON2/DLON/H
   60   59   56   53   49   45   41   39   38   37   36   37   37   37   37   36
   36   39   45   55   66   76   84   90   96  102  108  115  123  129  134  136
  135  134  135  137  142  148  154  159  164  168  170  171  172  170  167  163
  159  156  152  147  141  132  121  112  103   97   94   94   92   89   82   75
   69   65   63   62   61   60   60   60   60
    40.0-180.0 180.0   5.0 450.0                            LAT/LON1/LON2/DLON/H
   66   66   64   61   57   52   49   47   45   44   44   44   44   45   45   44
   43   45   51   60   71   81   89   96  101  108  114  120  127  132  136  138
  137  138  141  146  153  161  168  173  177  180  181  180  180  178  176  174
  171  169  165  161  154  143  130  117  104   97   93   93   92   89   84   78
   73   69   67   65   63   63   63   64   66
    37.5-180.0 180.0   5.0 450.0                            LAT/LON1/LON2/DLON/H
   67   68   68   66   61   57   54   52   51   52   52   53   54   54   53   52
   50   51   56   65   76   86   94  100  106  113  120  126  131  135  138  140
  142  146  151  159  169  178  185  191  194  194  194  192  190  187  186  185
  184  182  177  172  163  151  137  121  105   94   89   89   89   87   83   79
   75   71   69   66   64   62   63   64   67
    35.0-180.0 180.0   5.0 450.0                            LAT/LON1/LON2/DLON/H
   63   65   66   65   61   58   55   55   55   58   59   61   63   64   62   60
   56   56   61   70   81   90   98  105  111  119  125  132  136  140  142  145
  150  157  165  177  189  200  208  212  216  216  210  208  203  201  198  197
  196  194  188  181  171  159  145  126  108   93   86   85   85   84   81   78
   74   72   69   67   62   60   59   61   63
    32.5-180.0 180.0   5.0 450.0                            LAT/LON1/LON2/DLON/H
   58   60   61   60   58   56   54   55   56   60   64   67   69   71   69   65
   62   60   64   74   85   94  103  109  116  124  131  137  141  145  149  155
  163  174  186  201  214  224  233  238  242  241  236  231  224  219  214  212
  211  208  200  192  181  168  153  134  113   98   88   84   84   83   80   77
   73   70   69   66   62   58   56   56   58
    30.0-180.0 180.0   5.0 450.0                            LAT/LON1/LON2/DLON/H
   54   55   55   55   53   52   52   52   55   58   63   68   71   74   73   69
   65   63   67   77   89   98  107  114  121  128  135  141  146  152  160  171
  183  199  214  232  246  258  264  269  269  269  264  258  251  243  236  232
  229  225  216  205  194  181  166  146  124  106   96   91   89   87   83   80
   75   72   70   68   65   60   56   54   54
    27.5-180.0 180.0   5.0 450.0                            LAT/LON1/LON2/DLON/H
   54   53   52   50   49   48   49   49   51   55   59   65   70   73   71   67
   64   64   68   79   92  102  111  118  125  132  138  146  154  163  176  191
  209  230  248  269  283  293  296  299  295  294  292  287  279  269  260  255
  253  247  236  224  212  199  184  163  141  123  112  107  103   99   94   88
   82   77   75   74   71   67   62   58   54
    25.0-180.0 180.0   5.0 450.0                            LAT/LON1/LON2/DLON/H
   60   55   52   50   48   47   46   47   48   51   55   61   66   68   67   63
   61   63   69   81   95  107  116  122  129  136  143  153  164  179  196  216
  240  262  291  311  325  332  330  325  320  316  318  313  309  297  287  285
  280  272  261  247  235  221  206  185  165  148  139  133  126  119  111  103
   94   88   85   84   83   80   74   67   60
    22.5-180.0 180.0   5.0 450.0                            LAT/LON1/LON2/DLON/H
   72   63   57   53   51   48   47   47   47   48   51   56   60   62   60   57
   56   60   70   85   99  111  121  128  135  142  150  162  178  197  219  244
  275  303  329  354  363  364  359  348  354  342  342  339  339  329  323  321
  311  302  290  275  262  249  235  217  197  183  175  169  160  150  137  126
  113  105  100   99  100   98   92   82   72
    20.0-180.0 180.0   5.0 450.0                            LAT/LON1/LON2/DLON/H
   89   76   68   62   58   55   52   50   48   47   48   51   54   54   53   51
   51   57   70   88  103  116  126  134  141  149  159  174  194  218  245  276
  311  339  360  377  386  385  376  365  379  371  367  369  375  368  361  356
  347  334  322  307  293  282  271  254  238  225  220  213  201  188  172  158
  141  130  122  121  121  119  113  102   89
    17.5-180.0 180.0   5.0 450.0                            LAT/LON1/LON2/DLON/H
  109   92   82   75   69   65   61   56   51   48   47   48   49   48   46   45
   48   56   71   90  107  121  132  141  149  158  169  187  212  242  275  309
  343  366  376  377  379  381  378  374  389  391  393  400  409  403  394  385
  376  367  353  337  325  316  304  289  276  268  263  254  243  228  211  194
  174  161  150  144  142  142  133  122  109
    15.0-180.0 180.0   5.0 450.0                            LAT/LON1/LON2/DLON/H
  126  109   98   89   82   76   70   63   56   51   47   46   46   45   42   41
   45   55   71   91  110  125  137  147  156  167  181  204  233  265  302  335
  359  376  377  371  371  375  377  380  393  405  418  431  433  426  417  406
  398  387  374  361  351  342  330  314  304  297  292  283  272  259  243  225
  205  190  176  167  163  163  155  139  126
    12.5-180.0 180.0   5.0 450.0                            LAT/LON1/LON2/DLON/H
  143  125  113  103   95   87   79   70   62   54   50   47   46   44   40   39
   43   55   72   92  111  126  140  153  164  178  194  220  252  284  318  346
  359  372  370  368  372  378  382  390  403  422  441  451  450  441  428  416
  405  395  385  376  366  357  344  327  316  309  303  294  285  275  262  246
  229  210  194  184  179  177  169  154  143
    10.0-180.0 180.0   5.0 450.0                            LAT/LON1/LON2/DLON/H
  155  137  126  115  107   97   87   77   68   59   53   50   48   45   42   40
   44   56   73   93  111  128  143  158  174  190  209  235  268  299  329  350
  360  368  369  369  375  384  393  404  419  440  458  465  458  446  430  416
  403  393  387  379  371  361  345  326  313  305  298  292  286  278  267  256
  241  221  204  193  187  183  175  163  155
     7.5-180.0 180.0   5.0 450.0                            LAT/LON1/LON2/DLON/H
  160  145  135  125  115  104   94   84   73   64   57   54   51   48   44   42
   46   58   76   95  113  130  146  165  183  202  224  251  281  311  336  353
  364  371  374  377  384  395  408  424  440  457  470  470  459  442  423  406
  393  383  377  371  365  354  337  319  304  293  285  280  277  273  265  258
  245  225  211  199  191  185  176  166  160
     5.0-180.0 180.0   5.0 450.0                            LAT/LON1/LON2/DLON/H
  159  149  139  129  119  108   98   87   76   67   61   57   55   51   48   46
   49   61   79   97  114  132  150  171  193  215  238  265  293  319  339  356
  369  378  384  391  400  413  428  444  458  469  473  468  453  431  408  390
  377  368  362  356  350  342  328  311  296  283  271  264  263  260  258  255
  245  229  215  203  193  183  174  164  159
     2.5-180.0 180.0   5.0 450.0                            LAT/LON1/LON2/DLON/H
  156  147  139  130  120  109   99   88   78   68   62   59   57   54   51   49
   52   64   80   99  116  134  154  177  201  224  248  274  300  322  340  358
  375  386  396  407  419  435  449  461  469  471  467  456  438  413  388  372
  358  351  343  339  333  327  318  303  287  272  256  246  246  245  247  247
  241  230  214  202  193  183  171  160  156
