data/IONEX/CVBB2860.21i
     1.0            IONOSPHERE MAPS     MIX                 IONEX VERSION / TYPE
cmpcmb v1.2          GRL/UWM            28-oct-21 01:42     PGM / RUN BY / DATE 
ionex file containing IGS COMBINED Ionosphere maps          COMMENT             
global ionosphere maps for day 286, 2021                    DESCRIPTION         
IONEX file containing the COMBINED IGS TEC MAPS and DCBs    DESCRIPTION         
      IONEX files of the following IAACs were combined: cod DESCRIPTION         
                                                        esa DESCRIPTION         
                                                        jpl DESCRIPTION         
                                                        upc DESCRIPTION         
Contact address: Andrzej Krankowski                         DESCRIPTION
                 Geodynamics Research Laboratory            DESCRIPTION
                 University of Warmia and Mazury (GRL/UWM)  DESCRIPTION
                 Oczapowski St. 1                           DESCRIPTION
                 10-957-Olsztyn, POLAND                     DESCRIPTION
                 e-mail:  kand@uwm.edu.pl                   DESCRIPTION
                                                            DESCRIPTION         
  2021    10    13     0     0     0                        EPOCH OF FIRST MAP  
  2021    10    14     0     0     0                        EPOCH OF LAST MAP   
  7200                                                      INTERVAL            
    13                                                      # OF MAPS IN FILE   
  COSZ                                                      MAPPING FUNCTION    
     0.0                                                    ELEVATION CUTOFF    
combined TEC calculated as weighted mean of input TEC valuesOBSERVABLES USED    
   362                                                      # OF STATIONS       
    32                                                      # OF SATELLITES     
  6371.0                                                    BASE RADIUS         
     2                                                      MAP DIMENSION       
   450.0 450.0   0.0                                        HGT1 / HGT2 / DHGT  
    87.5 -87.5  -2.5                                        LAT1 / LAT2 / DLAT  
  -180.0 180.0   5.0                                        LON1 / LON2 / DLON  
    -1                                                      EXPONENT            
TEC values in 0.1 tec units;  9999, if no value available   COMMENT             
DCB values in nanoseconds, reference is Sum_of_SatDCBs = 0  COMMENT             
                                                            END OF HEADER       
[from data line 3861]
    10                                                      START OF TEC MAP    
  2021    10    13    18     0     0                        EPOCH OF CURRENT MAP
    87.5-180.0 180.0   5.0 450.0                            LAT/LON1/LON2/DLON/H
   68   69   69   70   70   71   71   72   72   72   73   73   73   74   74   74
   73   73   73   72   72   71   71   70   69   68   68   67   66   65   65   64
   64   63   62   62   61   61   61   60   60   60   60   60   60   60   60   60
   61   61   60   61   61   62   62   62   62   63   63   63   64   64   64   65
   65   65   65   66   66   67   67   67   68
    85.0-180.0 180.0   5.0 450.0                            LAT/LON1/LON2/DLON/H
   66   68   69   71   72   73   75   76   77   79   80   80   79   80   81   80
   80   79   79   78   77   75   74   72   70   68   67   65   64   62   60   59
   58   56   55   54   53   53   52   52   52   51   51   51   51   52   52   53
   53   54   54   55   55   56   56   57   57   58   58   59   59   59   60   60
   60   60   61   61   62   63   63   65   66
    82.5-180.0 180.0   5.0 450.0                            LAT/LON1/LON2/DLON/H
   62   63   66   66   68   70   72   74   76   78   80   82   83   84   85   85
   85   85   84   83   81   79   77   74   71   68   64   62   60   58   56   53
   52   50   48   46   45   44   43   43   43   43   43   43   43   44   45   45
   46   47   47   48   49   50   51   51   52   52   53   53   54   54   54   54
   54   55   55   55   56   57   59   60   62
    80.0-180.0 180.0   5.0 450.0                            LAT/LON1/LON2/DLON/H
   54   55   56   59   61   64   66   69   72   75   78   81   83   85   87   88
   88   89   88   87   86   83   79   75   73   70   66   63   59   55   53   50
   47   44   42   41   39   38   37   37   37   37   37   37   38   38   39   39
   40   41   41   42   43   44   44   45   46   47   47   48   48   48   48   48
   48   48   49   49   50   50   52   53   54
    77.5-180.0 180.0   5.0 450.0                            LAT/LON1/LON2/DLON/H
   45   46   49   51   54   56   60   64   68   73   77   81   84   87   89   91
   92   92   92   90   89   86   83   80   75   71   67   62   59   55   51   46
   43   40   38   37   35   35   34   34   33   33   33   33   33   33   34   34
   35   35   36   37   38   38   39   40   40   41   42   43   43   43   42   42
   42   42   42   42   42   43   44   44   45
    75.0-180.0 180.0   5.0 450.0                            LAT/LON1/LON2/DLON/H
   39   40   42   45   48   52   56   62   68   72   76   79   83   87   90   92
   93   93   94   93   91   89   85   82   77   73   68   64   59   55   51   48
   44   41   38   36   35   33   32   32   32   31   31   30   30   30   31   31
   31   31   32   33   33   34   34   35   36   36   37   38   38   37   37   37
   37   37   36   36   36   37   36   37   39
    72.5-180.0 180.0   5.0 450.0                            LAT/LON1/LON2/DLON/H
   34   36   38   41   45   50   55   60   65   69   73   78   82   86   88   91
   93   94   95   95   94   92   89   85   81   76   72   67   63   59   54   52
   49   46   43   41   39   37   35   33   32   32   30   29   29   29   29   29
   29   29   30   30   30   30   31   31   32   32   33   33   33   33   32   32
   32   32   32   31   32   31   31   33   34
    70.0-180.0 180.0   5.0 450.0                            LAT/LON1/LON2/DLON/H
   32   34   37   41   45   50   54   59   63   68   72   77   81   84   87   89
   93   95   97   96   97   95   92   90   85   81   77   73   69   65   61   59
   56   53   51   48   45   42   40   38   36   34   32   31   30   30   30   30
   29   29   29   28   28   28   28   28   28   29   29   29   29   29   28   28
   28   27   27   28   28   28   29   30   32
    67.5-180.0 180.0   5.0 450.0                            LAT/LON1/LON2/DLON/H
   32   34   38   42   46   51   55   60   64   68   72   76   80   83   85   88
   92   95   97   98   99   98   97   94   91   88   84   80   76   73   70   67
   64   62   60   57   53   50   46   43   40   38   36   34   33   33   32   32
   32   31   30   29   28   27   27   26   26   26   26   26   26   25   25   24
   24   24   24   25   25   26   28   30   32
    65.0-180.0 180.0   5.0 450.0                            LAT/LON1/LON2/DLON/H
   34   37   41   45   49   54   58   62   66   69   73   76   79   82   85   87
   91   95   98  100  101  101  101   99   96   93   90   87   84   81   78   75
   73   70   67   63   59   56   52   48   44   41   39   38   37   36   36   35
   35   33   32   31   29   27   27   25   25   24   24   24   24   23   22   21
   21   21   21   22   24   26   28   31   34
    62.5-180.0 180.0   5.0 450.0                            LAT/LON1/LON2/DLON/H
   37   40   44   48   52   56   61   64   68   71   74   76   79   81   84   88
   92   96   99  102  104  105  104  103  101   98   95   92   90   87   84   82
   79   77   73   68   65   60   56   52   48   45   43   42   41   40   39   39
   38   36   34   32   30   28   27   26   25   24   24   24   23   22   21   20
   19   19   20   21   23   26   29   32   37
    60.0-180.0 180.0   5.0 450.0                            LAT/LON1/LON2/DLON/H
   38   42   47   51   55   60   64   67   70   73   76   78   80   83   86   90
   94   99  103  106  108  108  107  106  103  102   99   96   94   91   89   86
   84   80   76   72   68   64   60   56   53   50   48   46   45   44   44   42
   41   39   37   34   31   29   28   27   27   27   27   26   25   23   22   21
   20   19   20   21   24   26   30   34   38
    57.5-180.0 180.0   5.0 450.0                            LAT/LON1/LON2/DLON/H
   39   44   49   53   58   63   67   70   73   76   78   80   82   85   89   93
   99  104  107  111  111  111  110  108  106  105  103  100   97   95   92   90
   86   83   79   75   71   67   64   61   59   57   55   52   51   49   48   47
   45   42   40   36   33   31   31   30   30   31   31   31   29   27   25   24
   23   22   22   23   25   28   31   35   39
    55.0-180.0 180.0   5.0 450.0                            LAT/LON1/LON2/DLON/H
   40   45   50   56   61   66   69   73   76   79   81   83   86   89   93   99
  104  109  112  114  114  113  111  109  108  107  106  103  101   99   96   93
   89   85   81   78   74   71   69   68   67   64   62   60   57   55   53   51
   49   46   43   40   37   35   35   35   36   37   37   37   36   34   32   30
   29   27   26   26   27   29   32   36   40
    52.5-180.0 180.0   5.0 450.0                            LAT/LON1/LON2/DLON/H
   41   46   52   58   64   69   73   77   80   83   86   88   91   94   99  105
  110  114  117  117  116  114  112  111  111  111  110  108  106  104  100   97
   94   90   85   81   78   76   75   75   74   73   71   67   63   60   58   56
   54   51   48   45   43   42   42   42   43   44   45   45   45   43   42   39
   37   34   32   30   30   32   34   37   41
    50.0-180.0 180.0   5.0 450.0                            LAT/LON1/LON2/DLON/H
   43   48   54   61   68   74   78   82   85   88   91   94   97  101  106  111
  116  120  121  120  118  116  114  114  114  115  115  114  113  111  107  104
  101   96   91   87   84   82   82   83   83   81   79   75   70   66   64   62
   60   57   55   53   51   50   50   51   52   53   53   53   53   52   51   48
   46   42   39   37   35   35   37   40   43
    47.5-180.0 180.0   5.0 450.0                            LAT/LON1/LON2/DLON/H
   46   51   57   64   72   79   83   87   90   94   97  100  103  107  112  117
  121  124  125  123  121  118  117  118  120  122  122  122  120  118  115  114
  110  105  100   95   91   89   89   89   90   89   86   81   76   72   70   68
   67   64   62   61   60   60   59   60   60   61   61   60   60   60   59   56
   54   51   48   44   42   41   41   42   46
    45.0-180.0 180.0   5.0 450.0                            LAT/LON1/LON2/DLON/H
   49   55   62   70   78   84   89   92   96  100  103  106  109  113  117  123
  127  130  129  128  125  123  123  124  128  131  132  131  129  128  126  124
  121  117  111  105  100   96   95   95   95   94   91   86   81   78   75   74
   74   73   71   71   70   69   69   68   68   67   67   66   66   66   64   63
   61   59   56   52   48   47   46   47   49
    42.5-180.0 180.0   5.0 450.0                            LAT/LON1/LON2/DLON/H
   54   60   67   76   83   89   94   97  101  105  108  111  115  119  123  128
  132  135  135  134  132  131  132  135  139  141  142  141  138  137  136  135
  133  130  124  117  110  104  101   99   99   97   94   90   86   82   80   79
   80   80   80   79   79   77   76   75   72   71   69   68   68   68   67   66
   66   65   62   59   55   52   51   51   54
    40.0-180.0 180.0   5.0 450.0                            LAT/LON1/LON2/DLON/H
   59   66   73   82   88   94   99  102  105  110  113  116  119  123  127  132
  137  140  142  143  142  142  143  146  150  153  152  150  147  145  145  147
  147  145  139  130  121  113  106  103  100   98   96   93   89   86   84   84
   84   85   85   85   83   83   81   79   76   73   70   69   68   68   67   67
   68   68   66   64   60   57   56   56   59
    37.5-180.0 180.0   5.0 450.0                            LAT/LON1/LON2/DLON/H
   64   71   79   88   95   99  103  107  110  115  118  121  124  127  131  136
  141  145  148  151  153  155  154  156  160  163  163  160  157  154  156  160
  163  162  156  147  136  125  113  106  101   99   97   95   91   89   87   86
   87   87   87   86   84   84   82   79   76   74   71   69   68   67   67   67
   68   69   68   67   64   61   60   61   64
    35.0-180.0 180.0   5.0 450.0                            LAT/LON1/LON2/DLON/H
   69   77   85   93   99  104  108  112  116  120  125  127  129  132  135  140
  144  149  155  160  164  166  165  166  168  171  172  170  167  165  170  176
  181  182  177  168  155  138  123  111  103   99   97   96   94   92   89   87
   86   85   84   83   81   80   79   79   77   75   73   72   71   69   68   68
   69   69   69   69   67   64   64   65   69
    32.5-180.0 180.0   5.0 450.0                            LAT/LON1/LON2/DLON/H
   74   81   91   98  104  109  112  116  121  127  133  135  137  138  141  145
  149  155  162  168  173  175  173  173  175  178  180  180  179  180  187  194
  204  207  204  193  176  156  134  118  106  101   99   99   98   95   91   87
   84   81   79   79   77   78   78   80   80   80   80   79   78   75   72   71
   71   71   72   71   70   68   67   69   74
    30.0-180.0 180.0   5.0 450.0                            LAT/LON1/LON2/DLON/H
   77   86   96  105  110  114  118  123  128  135  141  144  147  147  148  151
  156  162  170  177  182  182  179  178  180  184  189  192  195  199  208  219
  231  238  235  225  205  178  151  128  114  106  105  106  105  100   94   87
   82   78   76   76   76   78   80   84   87   89   90   90   89   85   81   77
   75   75   75   74   72   70   70   72   77
    27.5-180.0 180.0   5.0 450.0                            LAT/LON1/LON2/DLON/H
   80   91  102  111  116  120  125  131  138  145  151  156  159  160  159  161
  165  172  180  188  190  189  185  183  186  193  201  209  217  225  236  250
  264  273  272  262  237  203  169  142  125  115  115  118  117  110  101   92
   84   78   75   75   78   82   87   93   98  103  107  107  105  100   93   87
   82   80   78   76   73   71   71   73   80
    25.0-180.0 180.0   5.0 450.0                            LAT/LON1/LON2/DLON/H
   84   96  108  117  123  128  134  142  151  159  166  171  175  176  174  173
  176  183  191  197  199  197  194  193  198  209  221  234  245  258  273  288
  303  313  314  303  274  231  192  160  141  132  133  136  132  124  115  102
   90   82   79   81   85   91   97  111  116  122  128  128  125  119  109  100
   91   86   82   78   75   71   71   75   84
    22.5-180.0 180.0   5.0 450.0                            LAT/LON1/LON2/DLON/H
   86   99  113  123  131  137  145  156  167  176  183  189  195  197  193  190
  191  196  204  210  211  210  209  211  220  234  249  267  282  299  316  333
  346  358  356  345  315  260  218  185  159  150  151  155  152  143  133  120
  104   93   91   95  100  109  116  130  134  141  148  148  145  139  126  115
  103   93   86   81   76   72   71   75   86
    20.0-180.0 180.0   5.0 450.0                            LAT/LON1/LON2/DLON/H
   86  102  117  130  140  149  161  174  185  196  205  211  217  221  218  214
  213  217  222  229  231  230  231  238  250  269  287  309  327  347  364  376
  395  399  395  379  348  290  243  207  179  169  167  170  171  165  156  142
  125  114  113  118  124  131  137  147  152  157  162  162  161  156  141  128
  111   97   89   82   77   72   70   74   86
    17.5-180.0 180.0   5.0 450.0                            LAT/LON1/LON2/DLON/H
   85  104  121  137  150  162  177  192  205  216  227  235  243  246  246  243
  241  245  250  257  259  261  266  276  291  314  331  355  376  397  411  419
  434  432  419  395  364  307  259  226  200  192  188  189  191  189  183  169
  155  146  144  147  151  153  157  163  168  170  172  172  171  166  152  136
  115   98   89   82   76   72   70   73   85
    15.0-180.0 180.0   5.0 450.0                            LAT/LON1/LON2/DLON/H
   86  105  126  144  160  175  192  208  225  237  249  261  270  276  278  277
  275  279  285  289  295  303  314  326  341  359  380  402  422  440  449  450
  455  450  430  398  358  316  274  241  223  216  212  209  213  210  207  198
  190  183  180  177  177  176  176  177  178  177  176  175  173  166  153  137
  115   96   86   79   75   71   69   73   86
    12.5-180.0 180.0   5.0 450.0                            LAT/LON1/LON2/DLON/H
   88  109  131  151  169  187  206  225  242  256  269  284  296  306  312  313
  313  319  324  330  339  353  367  380  392  405  424  442  458  468  469  462
  456  446  422  390  354  321  288  260  245  237  232  229  229  227  225  222
  220  214  208  204  198  193  188  183  178  174  170  168  166  159  148  132
  110   92   82   76   73   70   70   75   88
    10.0-180.0 180.0   5.0 450.0                            LAT/LON1/LON2/DLON/H
   92  112  136  158  176  196  218  239  257  271  286  303  319  335  342  350
  350  357  365  372  386  402  419  430  436  443  457  471  480  480  472  460
  447  431  408  380  353  329  304  281  264  252  244  240  238  236  237  238
  240  237  227  218  208  199  191  180  170  164  158  154  151  145  136  120
  102   87   78   73   71   70   71   78   92
     7.5-180.0 180.0   5.0 450.0                            LAT/LON1/LON2/DLON/H
   95  117  141  163  184  204  228  252  269  284  300  318  336  356  367  379
  383  392  401  415  431  450  466  471  468  469  474  482  485  478  467  453
  438  420  397  375  356  339  320  301  282  266  252  243  240  241  245  250
  253  245  233  221  207  193  183  169  158  149  142  137  133  128  120  108
   94   81   74   71   70   70   73   81   95
     5.0-180.0 180.0   5.0 450.0                            LAT/LON1/LON2/DLON/H
   98  120  145  168  190  214  238  261  279  294  310  328  348  368  383  397
  408  420  432  449  468  490  504  501  489  483  480  481  481  472  460  446
  432  415  396  378  364  352  337  319  299  277  257  243  239  243  250  256
  256  244  230  214  197  180  168  154  144  134  125  119  116  113  108  100
   89   78   72   70   69   70   73   83   98
     2.5-180.0 180.0   5.0 450.0                            LAT/LON1/LON2/DLON/H
   99  122  147  172  196  221  246  269  288  302  317  334  354  374  391  406
  422  438  454  474  496  517  525  516  499  485  479  477  475  467  454  440
  428  412  397  385  372  362  349  333  309  280  255  241  236  240  249  255
  251  236  220  202  182  164  152  139  129  120  111  105  101  100   99   93
   85   77   72   70   69   70   74   83   99
