data/IONEX/CVBB2900.21i
     1.0            IONOSPHERE MAPS     MIX                 IONEX VERSION / TYPE
cmpcmb v1.2          GRL/UWM             6-nov-21 01:57     PGM / RUN BY / DATE 
ionex file containing IGS COMBINED Ionosphere maps          COMMENT             
global ionosphere maps for day 290, 2021                    DESCRIPTION         
IONEX file containing the COMBINED IGS TEC MAPS and DCBs    DESCRIPTION         
      IONEX files of the following IAACs were combined: cod DESCRIPTION         
                                                        esa DESCRIPTION         
                                                        jpl DESCRIPTION         
                                                        upc DESCRIPTION         
Contact address: Andrzej Krankowski                         DESCRIPTION
                 Geodynamics Research Laboratory            DESCRIPTION
                 University of Warmia and Mazury (GRL/UWM)  DESCRIPTION
                 Oczapowski St. 1                           DESCRIPTION
                 10-957-Olsztyn, POLAND                     DESCRIPTION
                 e-mail:  kand@uwm.edu.pl                   DESCRIPTION
                                                            DESCRIPTION         
  2021    10    17     0     0     0                        EPOCH OF FIRST MAP  
  2021    10    18     0     0     0                        EPOCH OF LAST MAP   
  7200                                                      INTERVAL            
    13                                                      # OF MAPS IN FILE   
  COSZ                                                      MAPPING FUNCTION    
     0.0                                                    ELEVATION CUTOFF    
combined TEC calculated as weighted mean of input TEC valuesOBSERVABLES USED    
   355                                                      # OF STATIONS       
    32                                                      # OF SATELLITES     
  6371.0                                                    BASE RADIUS         
     2                                                      MAP DIMENSION       
   450.0 450.0   0.0                                        HGT1 / HGT2 / DHGT  
    87.5 -87.5  -2.5                                        LAT1 / LAT2 / DLAT  
  -180.0 180.0   5.0                                        LON1 / LON2 / DLON  
    -1                                                      EXPONENT            
TEC values in 0.1 tec units;  9999, if no value available   COMMENT             
DCB values in nanoseconds, reference is Sum_of_SatDCBs = 0  COMMENT             
                                                            END OF HEADER       
[from data line 4719]
    12                                                      START OF TEC MAP    
  2021    10    17    22     0     0                        EPOCH OF CURRENT MAP
    87.5-180.0 180.0   5.0 450.0                            LAT/LON1/LON2/DLON/H
   56   57   58   58   59   60   60   61   61   62   62   62   62   62   62   62
   62   61   61   60   59   59   57   57   56   55   54   54   53   52   51   51
   50   50   49   48   47   47   47   46   45   44   44   44   43   43   43   42
   42   43   41   41   42   42   43   43   43   44   45   46   46   47   48   49
   50   50   52   52   53   54   54   55   56
    85.0-180.0 180.0   5.0 450.0                            LAT/LON1/LON2/DLON/H
   57   58   59   59   59   60   61   62   62   64   65   65   67   67   69   69
   69   68   68   67   65   64   63   61   60   58   55   54   49   47   45   44
   43   42   41   40   40   39   39   39   38   38   38   36   35   35   34   34
   35   36   36   36   35   36   37   38   38   39   40   41   42   43   44   46
   47   48   49   50   51   53   55   56   57
    82.5-180.0 180.0   5.0 450.0                            LAT/LON1/LON2/DLON/H
   53   54   56   58   62   64   69   71   75   76   79   80   82   83   84   83
   83   82   79   78   74   70   67   64   61   59   56   55   53   51   48   46
   44   42   41   41   39   39   38   36   36   35   35   33   33   32   32   32
   32   33   33   34   36   36   36   36   36   36   37   38   39   40   41   43
   44   45   46   48   49   50   51   52   53
    80.0-180.0 180.0   5.0 450.0                            LAT/LON1/LON2/DLON/H
   51   53   57   61   64   67   70   72   75   76   78   80   81   83   84   84
   85   84   84   83   81   79   73   68   68   65   59   56   52   48   46   43
   40   39   37   36   36   35   34   35   35   35   35   35   34   34   34   35
   35   36   37   39   40   40   40   39   38   38   37   37   37   38   39   40
   42   43   44   45   46   47   48   49   51
    77.5-180.0 180.0   5.0 450.0                            LAT/LON1/LON2/DLON/H
   51   53   56   60   63   67   69   72   76   79   82   84   87   89   92   91
   90   88   86   85   84   80   78   72   71   66   63   60   57   54   52   50
   48   46   43   41   40   40   39   38   37   37   38   38   37   37   37   38
   38   40   42   43   44   44   43   43   42   40   39   38   37   38   39   40
   41   42   43   44   45   46   47   49   51
    75.0-180.0 180.0   5.0 450.0                            LAT/LON1/LON2/DLON/H
   53   55   58   61   65   68   72   78   81   84   88   91   93   94   92   91
   88   86   86   87   80   80   78   74   71   68   65   59   56   54   51   47
   46   46   47   46   44   43   43   44   43   42   42   43   43   42   42   42
   42   43   45   45   45   44   44   43   42   41   40   39   38   38   38   39
   41   42   43   44   46   47   49   51   53
    72.5-180.0 180.0   5.0 450.0                            LAT/LON1/LON2/DLON/H
   55   57   60   64   69   74   80   84   90   93   94   95   92   92   93   91
   83   80   84   80   78   78   76   72   70   69   65   61   57   52   51   49
   46   45   46   47   47   48   47   47   47   45   45   45   45   44   44   45
   46   47   46   46   44   43   42   41   40   40   39   38   37   38   38   39
   41   42   44   46   47   49   51   53   55
    70.0-180.0 180.0   5.0 450.0                            LAT/LON1/LON2/DLON/H
   58   61   64   68   73   79   84   92   96   97   97   94   93   94   93   84
   77   77   77   75   74   74   72   69   69   66   63   59   56   53   48   47
   48   47   46   47   49   50   50   48   47   47   46   46   45   44   44   45
   46   46   46   44   43   41   40   39   38   37   36   36   36   36   38   39
   41   44   46   48   50   52   54   56   58
    67.5-180.0 180.0   5.0 450.0                            LAT/LON1/LON2/DLON/H
   61   64   67   72   77   82   88   94   98  100  100   97   97   97   92   84
   79   75   72   71   71   70   67   67   65   61   59   56   52   50   47   45
   46   48   47   47   48   49   49   47   45   46   45   44   44   43   42   43
   42   43   42   40   38   37   35   34   34   33   33   33   33   35   37   39
   42   45   48   50   53   55   57   59   61
    65.0-180.0 180.0   5.0 450.0                            LAT/LON1/LON2/DLON/H
   66   68   72   76   80   84   89   94   98  103  104  102  102  102   95   86
   80   72   70   69   69   66   64   63   60   55   53   52   48   45   45   44
   44   45   46   47   46   46   45   44   43   42   42   41   41   40   38   38
   37   36   34   33   32   31   30   30   29   29   29   30   31   33   35   39
   42   46   49   53   56   58   61   64   66
    62.5-180.0 180.0   5.0 450.0                            LAT/LON1/LON2/DLON/H
   73   76   80   81   84   87   90   94   98  103  105  105  106  105   96   89
   82   75   71   70   69   65   63   59   56   52   48   46   44   42   42   42
   43   43   44   44   43   42   40   39   39   39   39   38   37   36   35   33
   31   30   28   27   27   26   27   26   26   26   26   27   29   31   34   38
   43   48   52   55   59   63   66   70   73
    60.0-180.0 180.0   5.0 450.0                            LAT/LON1/LON2/DLON/H
   82   86   88   90   91   92   93   95   97  101  104  105  107  105   99   94
   88   82   76   73   70   66   63   59   53   50   45   44   44   43   41   41
   43   43   42   40   38   38   36   36   36   37   37   37   37   35   33   31
   29   26   25   24   24   23   24   24   24   24   24   26   27   31   35   40
   46   50   55   59   64   68   72   77   82
    57.5-180.0 180.0   5.0 450.0                            LAT/LON1/LON2/DLON/H
   94   98  100  101  102  101  100   98   98   99  101  102  104  103  101  100
   96   91   86   81   74   70   65   60   53   50   47   47   48   47   45   43
   43   42   40   37   35   35   34   35   36   38   39   40   39   37   36   33
   30   27   26   24   24   24   24   25   25   25   25   26   29   33   38   43
   50   55   60   66   70   75   81   87   94
    55.0-180.0 180.0   5.0 450.0                            LAT/LON1/LON2/DLON/H
  108  113  115  116  119  116  110  106  102  101  100  100  100  100  101  103
  103  101   97   91   84   79   74   65   59   57   54   54   56   55   50   47
   45   42   39   37   36   36   36   38   40   43   45   45   45   44   42   38
   36   33   31   29   28   28   29   29   29   29   29   30   33   37   43   49
   56   63   68   74   79   85   92  100  108
    52.5-180.0 180.0   5.0 450.0                            LAT/LON1/LON2/DLON/H
  124  131  134  136  139  136  128  119  112  106  101   99   99   99  101  104
  108  109  108  105   99   92   87   79   75   73   69   70   70   66   59   55
   51   46   44   42   41   42   43   45   47   50   52   52   52   52   51   48
   45   42   40   37   36   36   37   37   37   36   35   36   39   43   49   57
   64   72   79   85   92   98  107  116  124
    50.0-180.0 180.0   5.0 450.0                            LAT/LON1/LON2/DLON/H
  144  153  157  162  163  160  151  139  129  118  108  103   99   99  101  106
  112  116  119  118  114  108  102   96   94   94   89   89   87   81   71   64
   58   54   51   51   51   51   52   54   56   58   60   60   61   61   60   57
   54   53   51   49   47   47   48   48   46   44   43   43   46   50   57   66
   74   83   92   98  106  115  124  134  144
    47.5-180.0 180.0   5.0 450.0                            LAT/LON1/LON2/DLON/H
  168  177  181  187  189  187  179  165  153  136  123  112  106  104  106  111
  119  125  129  130  128  124  119  114  112  112  108  106  102   93   82   73
   65   62   60   60   61   62   62   62   64   66   67   68   69   68   67   65
   64   63   63   62   60   60   58   57   54   52   51   51   54   59   66   77
   87   96  106  115  123  133  145  157  168
    45.0-180.0 180.0   5.0 450.0                            LAT/LON1/LON2/DLON/H
  190  200  206  212  216  215  208  196  178  162  144  129  120  115  116  122
  130  136  140  142  141  138  134  130  129  128  123  119  114  101   90   80
   72   69   69   70   71   71   71   71   71   71   73   73   74   73   73   73
   73   73   73   72   71   70   67   65   62   59   57   58   62   68   76   88
   99  110  121  132  141  153  167  178  190
    42.5-180.0 180.0   5.0 450.0                            LAT/LON1/LON2/DLON/H
  211  221  228  234  240  240  235  224  208  189  168  150  137  133  132  136
  144  149  152  154  153  151  148  145  142  140  133  126  119  106   93   84
   77   75   76   79   80   79   77   76   75   76   76   76   77   78   78   79
   80   81   81   81   79   77   74   72   68   65   64   65   69   77   85   97
  111  124  136  147  160  174  189  200  211
    40.0-180.0 180.0   5.0 450.0                            LAT/LON1/LON2/DLON/H
  229  240  247  253  258  260  258  250  235  214  193  174  161  154  150  154
  159  164  164  166  165  163  161  156  152  148  139  128  118  106   95   87
   82   80   83   85   86   85   82   80   79   78   79   79   81   82   83   84
   85   86   87   86   84   83   80   77   73   70   69   71   76   85   95  107
  121  136  149  161  175  192  206  218  229
    37.5-180.0 180.0   5.0 450.0                            LAT/LON1/LON2/DLON/H
  244  255  264  269  275  279  278  271  259  241  219  199  186  176  173  173
  176  178  178  178  176  174  171  165  160  152  141  128  115  105   96   89
   87   86   88   90   91   89   86   83   81   80   81   83   85   86   87   87
   88   88   88   88   87   86   84   81   77   74   74   76   82   92  103  116
  131  146  160  173  190  207  222  233  244
    35.0-180.0 180.0   5.0 450.0                            LAT/LON1/LON2/DLON/H
  257  268  278  285  290  295  294  289  278  262  241  222  209  200  195  195
  194  193  190  188  185  183  178  170  163  154  141  126  113  104   98   95
   93   94   95   97   96   93   91   88   86   85   86   88   89   90   89   88
   88   88   87   87   86   87   86   83   80   76   76   80   87   98  111  125
  140  156  170  185  200  217  234  246  257
    32.5-180.0 180.0   5.0 450.0                            LAT/LON1/LON2/DLON/H
  269  282  294  302  307  308  307  303  292  277  260  243  232  224  218  216
  213  207  201  197  193  189  181  173  165  155  142  128  115  108  105  104
  104  105  105  105  103  100   98   97   96   94   94   95   95   93   91   89
   87   86   85   84   85   86   86   84   81   77   77   81   90  103  117  133
  149  165  180  194  209  226  242  257  269
    30.0-180.0 180.0   5.0 450.0                            LAT/LON1/LON2/DLON/H
  283  297  312  321  325  325  321  315  305  292  277  262  251  245  239  235
  229  221  212  204  199  193  183  175  167  158  146  135  125  119  118  119
  121  121  119  118  114  111  108  108  107  104  103  104  101   98   95   91
   88   86   84   83   83   84   84   82   80   77   76   81   92  106  123  139
  157  173  188  202  217  234  251  270  283
    27.5-180.0 180.0   5.0 450.0                            LAT/LON1/LON2/DLON/H
  301  318  335  343  346  344  337  327  318  307  295  280  268  260  255  249
  243  233  221  211  203  194  184  178  170  162  154  147  142  137  139  141
  145  141  136  134  130  124  118  119  119  116  113  112  108  103   98   93
   88   85   84   81   80   79   79   78   76   74   74   79   91  108  127  147
  166  182  199  213  228  246  265  284  301
    25.0-180.0 180.0   5.0 450.0                            LAT/LON1/LON2/DLON/H
  325  344  361  370  372  367  360  348  338  328  315  298  283  273  267  261
  252  241  228  217  206  196  186  181  175  171  167  165  163  163  168  170
  173  162  156  152  146  139  132  132  131  127  122  118  113  107  101   94
   88   84   81   78   74   73   72   72   70   68   69   75   89  109  129  151
  172  192  210  225  242  260  280  303  325
    22.5-180.0 180.0   5.0 450.0                            LAT/LON1/LON2/DLON/H
  348  370  389  401  402  396  388  378  368  356  340  321  301  286  276  270
  261  249  236  225  212  200  191  187  187  189  189  191  193  194  200  202
  199  187  174  170  163  153  148  149  145  136  130  123  117  111  104   95
   87   83   78   73   68   66   65   64   62   60   62   70   85  107  130  154
  177  199  219  238  258  276  298  323  348
    20.0-180.0 180.0   5.0 450.0                            LAT/LON1/LON2/DLON/H
  368  393  415  429  431  429  423  418  409  394  373  348  321  300  286  279
  270  258  246  235  222  210  202  202  206  212  216  219  226  225  227  225
  216  201  189  183  174  164  162  162  157  141  135  125  121  115  107   96
   88   82   76   69   63   59   57   56   55   53   55   65   81  104  129  153
  178  203  226  248  271  293  315  341  368
    17.5-180.0 180.0   5.0 450.0                            LAT/LON1/LON2/DLON/H
  384  410  434  450  456  458  459  461  454  437  410  378  343  316  297  287
  278  269  257  247  234  223  218  222  229  237  244  248  249  243  237  228
  217  203  193  188  178  167  162  162  155  138  132  123  121  117  109   98
   90   82   74   66   60   55   52   51   48   47   50   61   78  102  128  153
  178  204  231  257  284  308  333  358  384
    15.0-180.0 180.0   5.0 450.0                            LAT/LON1/LON2/DLON/H
  394  420  444  462  471  478  487  497  495  476  446  408  367  332  310  298
  288  279  269  258  248  240  239  245  253  260  267  269  263  245  229  213
  205  195  189  186  176  163  154  151  145  129  123  120  119  115  110  101
   92   82   73   67   60   54   51   47   44   44   48   59   78  103  128  153
  177  204  234  265  293  320  345  369  394
    12.5-180.0 180.0   5.0 450.0                            LAT/LON1/LON2/DLON/H
  398  421  444  461  473  484  499  515  520  506  476  434  388  352  326  312
  302  293  281  270  262  258  260  267  274  279  282  277  262  234  207  193
  188  184  181  181  174  160  146  138  132  120  115  114  113  112  108  101
   92   82   75   69   62   56   51   46   43   43   47   59   79  103  129  152
  176  204  237  271  302  328  353  376  398
    10.0-180.0 180.0   5.0 450.0                            LAT/LON1/LON2/DLON/H
  396  416  433  448  460  474  493  514  524  514  489  452  410  372  346  330
  320  311  297  286  279  278  282  288  294  297  289  271  247  214  185  174
  175  176  177  179  174  157  141  126  117  107  103  108  109  108  106  100
   91   82   76   72   66   59   53   49   45   45   49   60   81  105  130  153
  177  205  238  273  306  331  354  376  396
     7.5-180.0 180.0   5.0 450.0                            LAT/LON1/LON2/DLON/H
  389  409  421  429  437  452  473  495  508  507  489  459  423  390  367  352
  341  331  318  308  301  300  304  309  312  309  293  266  232  195  168  164
  173  179  182  183  175  156  136  118  103   97   95  104  107  107  106  100
   91   83   80   76   70   63   59   54   49   48   52   64   85  109  135  157
  178  205  237  271  303  328  350  369  389
     5.0-180.0 180.0   5.0 450.0                            LAT/LON1/LON2/DLON/H
  382  402  411  413  417  428  445  466  480  484  475  456  429  404  386  373
  362  352  341  331  324  323  326  329  327  317  296  262  221  186  166  169
  181  189  194  193  179  156  135  115   99   95   95  104  107  109  107  102
   94   88   83   80   75   69   65   60   55   53   58   70   90  115  140  161
  181  207  236  268  296  320  342  362  382
     2.5-180.0 180.0   5.0 450.0                            LAT/LON1/LON2/DLON/H
  379  403  412  410  408  412  423  436  447  453  451  443  429  414  402  392
  382  374  363  354  347  346  349  348  342  325  297  259  221  192  183  191
  197  206  213  207  185  161  139  118  104  101  103  108  111  112  111  107
  101   92   88   82   80   74   69   64   59   57   61   74   95  120  145  165
  185  208  235  264  289  310  334  354  379
