data/IONEX/CVBB2890.21i
     1.0            IONOSPHERE MAPS     MIX                 IONEX VERSION / TYPE
cmpcmb v1.2          GRL/UWM            28-oct-21 02:00     PGM / RUN BY / DATE 
ionex file containing IGS COMBINED Ionosphere maps          COMMENT             
global ionosphere maps for day 289, 2021                    DESCRIPTION         
IONEX file containing the COMBINED IGS TEC MAPS and DCBs    DESCRIPTION         
      IONEX files of the following IAACs were combined: cod DESCRIPTION         
                                                        esa DESCRIPTION         
                                                        jpl DESCRIPTION         
                                                        upc DESCRIPTION         
Contact address: Andrzej Krankowski                         DESCRIPTION
                 Geodynamics Research Laboratory            DESCRIPTION
                 University of Warmia and Mazury (GRL/UWM)  DESCRIPTION
                 Oczapowski St. 1                           DESCRIPTION
                 10-957-Olsztyn, POLAND                     DESCRIPTION
                 e-mail:  kand@uwm.edu.pl                   DESCRIPTION
                                                            DESCRIPTION         
  2021    10    16     0     0     0                        EPOCH OF FIRST MAP  
  2021    10    17     0     0     0                        EPOCH OF LAST MAP   
  7200                                                      INTERVAL            
    13                                                      # OF MAPS IN FILE   
  COSZ                                                      MAPPING FUNCTION    
     0.0                                                    ELEVATION CUTOFF    
combined TEC calculated as weighted mean of input TEC valuesOBSERVABLES USED    
   354                                                      # OF STATIONS       
    32                                                      # OF SATELLITES     
  6371.0                                                    BASE RADIUS         
     2                                                      MAP DIMENSION       
   450.0 450.0   0.0                                        HGT1 / HGT2 / DHGT  
    87.5 -87.5  -2.5                                        LAT1 / LAT2 / DLAT  
  -180.0 180.0   5.0                                        LON1 / LON2 / DLON  
    -1                                                      EXPONENT            
TEC values in 0.1 tec units;  9999, if no value available   COMMENT             
DCB values in nanoseconds, reference is Sum_of_SatDCBs = 0  COMMENT             
                                                            END OF HEADER       
[from data line 2145]
     6                                                      START OF TEC MAP    
  2021    10    16    10     0     0                        EPOCH OF CURRENT MAP
    87.5-180.0 180.0   5.0 450.0                            LAT/LON1/LON2/DLON/H
   43   43   43   43   43   43   43   43   43   43   42   42   42   42   42   41
   41   41   42   41   41   41   41   41   41   41   42   42   42   42   43   43
   43   43   43   44   43   43   43   44   43   44   44   44   44   44   43   43
   43   43   43   43   43   42   42   42   42   42   42   42   41   41   42   42
   42   42   42   42   43   43   43   42   43
    85.0-180.0 180.0   5.0 450.0                            LAT/LON1/LON2/DLON/H
   46   47   47   48   48   48   48   48   47   47   46   46   45   44   44   43
   42   42   41   40   40   40   39   39   40   41   41   41   42   42   43   43
   44   45   45   47   46   47   47   48   47   48   48   48   48   48   47   48
   47   46   46   45   44   44   43   42   42   41   41   41   41   41   41   41
   42   42   42   43   44   44   45   45   46
    82.5-180.0 180.0   5.0 450.0                            LAT/LON1/LON2/DLON/H
   50   50   51   52   52   52   52   51   50   48   48   46   44   42   41   39
   38   37   38   37   37   37   37   37   38   39   39   40   42   43   44   46
   47   48   49   51   52   54   55   56   56   56   56   55   54   54   53   53
   52   52   51   50   48   48   46   45   44   43   42   42   41   41   41   41
   41   41   42   43   44   45   47   48   50
    80.0-180.0 180.0   5.0 450.0                            LAT/LON1/LON2/DLON/H
   51   52   54   56   57   57   57   57   56   54   52   49   46   43   39   37
   34   32   30   30   29   32   34   36   37   39   40   42   44   46   49   52
   55   58   60   61   64   65   66   67   66   67   66   65   64   63   62   61
   61   60   58   57   56   54   53   51   50   48   46   45   43   42   41   41
   41   41   41   43   44   46   47   49   51
    77.5-180.0 180.0   5.0 450.0                            LAT/LON1/LON2/DLON/H
   51   54   57   60   61   63   64   64   63   60   56   51   45   40   37   33
   31   29   27   27   28   29   30   35   37   39   42   46   49   53   56   60
   63   67   71   73   76   78   79   80   80   79   79   78   76   75   74   73
   72   72   70   68   67   66   63   61   59   56   53   51   48   46   45   43
   43   42   41   42   42   44   46   48   51
    75.0-180.0 180.0   5.0 450.0                            LAT/LON1/LON2/DLON/H
   49   53   57   61   64   66   67   67   65   60   55   49   45   40   36   32
   30   28   27   26   28   30   32   36   41   44   47   51   53   57   61   66
   70   74   78   81   85   87   90   92   92   92   91   91   90   89   88   87
   86   86   85   83   81   79   76   74   71   66   63   60   56   53   50   47
   45   43   42   41   41   42   43   46   49
    72.5-180.0 180.0   5.0 450.0                            LAT/LON1/LON2/DLON/H
   45   49   54   58   62   65   67   65   63   60   56   51   47   41   37   33
   31   28   27   28   31   34   36   40   45   48   53   56   59   64   66   70
   74   79   84   87   91   95   98  101  104  103  102  102  101  101  101  100
  100   99   99   97   95   93   89   86   82   78   73   69   65   60   56   52
   49   46   43   41   40   39   40   43   45
    70.0-180.0 180.0   5.0 450.0                            LAT/LON1/LON2/DLON/H
   39   43   48   52   57   61   64   64   63   60   55   52   47   42   38   36
   32   31   31   32   35   38   41   45   48   52   56   59   62   65   69   73
   77   81   87   91   95  100  104  108  110  111  111  110  110  110  110  110
  110  110  110  109  106  103  100   95   91   86   81   76   71   66   62   57
   53   50   46   42   39   38   37   38   39
    67.5-180.0 180.0   5.0 450.0                            LAT/LON1/LON2/DLON/H
   33   35   39   44   48   53   57   59   59   56   54   51   46   43   40   38
   36   35   35   37   39   42   44   47   50   53   57   60   63   65   69   73
   77   82   87   93   97  103  108  112  114  115  116  116  116  116  117  117
  117  117  117  116  113  108  104   99   95   90   84   80   74   69   65   61
   57   52   47   43   39   37   34   33   33
    65.0-180.0 180.0   5.0 450.0                            LAT/LON1/LON2/DLON/H
   28   27   29   33   38   43   47   52   53   52   51   49   46   43   41   40
   39   38   39   40   42   44   44   46   48   51   55   57   61   64   67   71
   76   82   87   94  100  106  111  115  118  119  120  120  120  120  121  121
  121  120  119  117  113  108  104   99   94   89   83   79   74   70   65   62
   58   54   50   45   41   37   32   29   28
    62.5-180.0 180.0   5.0 450.0                            LAT/LON1/LON2/DLON/H
   25   22   22   24   28   33   37   42   44   46   46   45   44   42   41   40
   40   40   40   41   41   42   42   42   44   46   50   54   58   62   67   71
   76   82   88   95  103  110  114  118  121  122  123  123  123  123  123  123
  122  121  118  115  110  105  100   95   90   85   80   76   71   68   64   61
   58   54   50   46   42   37   33   29   25
    60.0-180.0 180.0   5.0 450.0                            LAT/LON1/LON2/DLON/H
   25   22   19   20   22   25   29   34   36   38   39   40   40   40   39   39
   40   39   38   38   37   36   36   36   38   40   45   50   56   61   67   73
   78   83   90   98  106  113  118  122  124  126  126  127  127  127  126  125
  125  121  117  111  106  100   95   91   86   82   77   74   70   66   62   59
   56   54   51   48   44   39   35   30   25
    57.5-180.0 180.0   5.0 450.0                            LAT/LON1/LON2/DLON/H
   29   25   22   21   22   23   25   27   29   31   32   34   34   35   35   36
   37   36   34   33   32   30   29   30   32   35   42   49   57   63   70   77
   82   89   95  102  110  117  122  127  129  130  131  131  131  131  129  128
  126  122  117  110  104   99   94   90   85   83   78   75   71   67   62   58
   56   54   52   49   46   43   38   33   29
    55.0-180.0 180.0   5.0 450.0                            LAT/LON1/LON2/DLON/H
   35   31   28   27   26   24   24   25   25   26   27   28   29   30   31   31
   32   30   29   28   26   25   24   25   28   33   42   50   60   69   76   82
   88   93  100  106  114  121  128  132  135  136  137  137  137  135  134  133
  130  126  120  112  107  102   98   94   91   89   85   82   77   71   66   61
   58   55   53   51   49   46   42   39   35
    52.5-180.0 180.0   5.0 450.0                            LAT/LON1/LON2/DLON/H
   42   39   36   34   32   30   29   27   26   25   25   25   26   27   28   27
   27   26   25   24   23   22   22   24   28   35   45   55   65   75   83   90
   95  100  106  112  119  126  133  138  141  143  144  145  145  143  141  139
  136  132  126  121  115  110  107  104  102  100   96   92   86   80   73   67
   62   58   55   53   52   49   47   44   42
    50.0-180.0 180.0   5.0 450.0                            LAT/LON1/LON2/DLON/H
   48   46   44   42   40   37   34   33   31   29   27   26   27   26   27   27
   26   25   25   25   24   24   25   27   32   41   51   62   73   83   91   98
  104  108  112  118  124  131  138  145  148  150  153  153  153  152  150  148
  145  141  136  131  125  122  119  117  115  113  109  104   98   90   82   74
   67   63   59   57   55   53   51   49   48
    47.5-180.0 180.0   5.0 450.0                            LAT/LON1/LON2/DLON/H
   54   53   51   49   47   44   42   40   38   35   33   31   31   30   30   29
   29   29   29   29   29   30   31   34   40   49   59   71   82   92  100  107
  111  114  118  123  129  136  144  150  155  159  162  163  163  161  159  157
  154  150  145  141  136  133  131  129  126  124  120  114  108   99   90   82
   74   68   65   62   59   57   55   54   54
    45.0-180.0 180.0   5.0 450.0                            LAT/LON1/LON2/DLON/H
   58   58   57   55   54   52   50   48   45   43   41   39   37   36   36   35
   35   36   36   37   38   39   40   43   48   57   68   79   92  101  109  115
  118  121  125  129  134  140  148  155  162  167  171  172  173  171  167  164
  162  158  153  149  145  142  139  137  134  130  125  119  112  104   95   88
   81   75   71   68   64   61   59   58   58
    42.5-180.0 180.0   5.0 450.0                            LAT/LON1/LON2/DLON/H
   61   60   60   59   58   57   56   54   52   51   49   48   46   44   44   43
   44   45   46   47   48   49   49   51   57   65   76   87   99  109  116  122
  126  129  131  135  140  146  153  161  168  175  180  183  182  180  176  173
  170  166  160  156  152  148  145  140  136  130  123  116  109  103   97   90
   85   80   76   73   69   65   63   61   61
    40.0-180.0 180.0   5.0 450.0                            LAT/LON1/LON2/DLON/H
   62   61   61   60   59   60   59   59   59   59   57   55   54   52   51   52
   53   54   55   56   57   57   56   58   62   71   81   93  104  114  123  130
  134  137  139  143  147  153  159  167  175  183  190  193  194  191  187  183
  179  174  167  162  157  153  147  141  135  127  118  108  102   97   93   89
   87   83   79   75   71   67   65   63   62
    37.5-180.0 180.0   5.0 450.0                            LAT/LON1/LON2/DLON/H
   62   61   60   59   59   59   60   63   65   66   65   64   62   60   59   58
   60   61   62   63   63   62   61   61   66   74   84   97  108  118  128  136
  141  145  149  153  156  161  167  174  183  192  200  205  206  204  200  196
  190  184  177  168  162  158  152  144  134  124  112  101   95   91   88   86
   85   84   80   76   72   68   65   63   62
    35.0-180.0 180.0   5.0 450.0                            LAT/LON1/LON2/DLON/H
   62   60   59   57   57   58   59   62   67   70   71   71   69   68   66   65
   66   66   67   67   66   64   62   62   67   76   87  100  112  122  131  139
  146  152  158  164  168  173  178  185  194  203  213  219  221  220  217  211
  206  198  189  181  174  171  165  157  143  129  115  101   93   88   85   84
   84   82   80   76   72   68   65   63   62
    32.5-180.0 180.0   5.0 450.0                            LAT/LON1/LON2/DLON/H
   60   59   57   55   55   54   56   60   66   70   73   74   74   73   72   71
   70   71   69   69   67   64   62   62   66   76   89  102  114  124  133  141
  149  158  168  177  182  188  193  200  207  216  225  234  239  240  238  232
  227  217  209  202  197  196  191  184  168  150  131  115  103   94   88   84
   83   82   78   75   71   67   64   62   60
    30.0-180.0 180.0   5.0 450.0                            LAT/LON1/LON2/DLON/H
   59   56   54   52   51   51   52   57   62   67   71   74   76   76   75   74
   73   72   71   68   65   62   60   61   65   77   92  105  116  126  134  142
  153  165  178  191  199  205  213  219  224  231  243  254  261  266  261  258
  254  246  239  235  234  236  232  226  209  188  165  143  126  111  100   92
   86   83   79   74   70   66   63   61   59
    27.5-180.0 180.0   5.0 450.0                            LAT/LON1/LON2/DLON/H
   58   55   52   50   48   48   49   52   57   62   67   71   74   76   76   75
   74   72   70   66   63   60   59   60   65   79   94  107  117  128  136  145
  159  173  189  205  218  227  236  242  249  259  266  278  285  293  290  288
  287  280  278  278  280  285  284  281  262  238  212  184  162  140  121  107
   97   90   83   77   73   68   64   61   58
    25.0-180.0 180.0   5.0 450.0                            LAT/LON1/LON2/DLON/H
   59   56   53   50   48   47   47   50   53   57   62   67   71   74   74   74
   72   70   67   64   61   60   60   62   69   83   97  108  118  130  140  151
  165  182  200  220  238  250  259  267  279  286  293  306  313  318  321  322
  321  320  322  326  331  340  342  341  323  297  267  236  206  178  151  131
  116  105   95   88   81   75   69   63   59
    22.5-180.0 180.0   5.0 450.0                            LAT/LON1/LON2/DLON/H
   64   59   57   54   51   49   49   50   51   54   59   63   68   71   72   72
   70   68   65   62   61   60   61   66   75   87  100  110  120  133  144  156
  173  192  212  237  258  276  281  291  305  307  319  332  340  342  347  352
  355  361  367  375  388  393  402  399  382  356  323  290  257  225  187  163
  142  128  115  106   95   87   78   70   64
    20.0-180.0 180.0   5.0 450.0                            LAT/LON1/LON2/DLON/H
   72   66   63   60   57   54   53   52   52   53   56   61   65   68   70   69
   68   66   64   62   61   62   64   70   79   91  102  112  124  136  149  163
  180  201  225  254  275  295  305  310  317  323  337  353  358  361  368  377
  385  396  406  415  430  438  444  440  423  398  368  336  304  270  230  201
  175  156  141  131  117  106   92   81   72
    17.5-180.0 180.0   5.0 450.0                            LAT/LON1/LON2/DLON/H
   85   77   72   69   65   61   59   57   55   55   56   59   62   65   66   66
   65   64   62   61   61   62   66   72   82   93  105  116  127  141  155  170
  191  214  238  267  295  310  319  323  326  340  353  365  370  375  383  394
  403  416  428  438  449  459  460  452  437  415  390  367  339  308  271  239
  213  189  172  161  145  130  112   95   85
    15.0-180.0 180.0   5.0 450.0                            LAT/LON1/LON2/DLON/H
  103   93   86   82   77   71   67   64   61   58   57   59   60   62   62   62
   61   61   60   59   61   62   66   73   83   95  108  120  132  147  163  180
  202  230  252  279  304  318  327  332  338  353  363  371  377  383  392  403
  412  422  433  442  451  458  453  442  429  413  395  377  355  329  301  274
  246  223  205  191  174  156  135  115  103
    12.5-180.0 180.0   5.0 450.0                            LAT/LON1/LON2/DLON/H
  123  111  102   97   91   84   79   73   68   63   61   60   59   58   57   57
   57   57   57   57   58   60   65   73   83   97  110  124  139  155  174  193
  215  243  264  287  308  324  335  342  347  360  366  373  380  386  395  403
  411  420  428  435  441  443  436  423  411  399  387  372  354  333  313  293
  266  244  230  215  198  180  158  139  123
    10.0-180.0 180.0   5.0 450.0                            LAT/LON1/LON2/DLON/H
  141  128  119  112  105   97   92   83   77   70   66   62   58   56   53   53
   53   54   55   55   55   57   62   71   83   98  113  129  145  164  186  207
  229  255  274  293  312  328  343  351  356  364  370  377  381  386  393  400
  406  414  420  425  428  427  419  406  393  383  373  362  346  327  308  293
  271  255  242  228  214  198  177  158  141
     7.5-180.0 180.0   5.0 450.0                            LAT/LON1/LON2/DLON/H
  156  143  134  126  118  110  104   94   86   78   71   65   60   55   51   50
   50   53   54   53   53   55   60   70   85  102  119  136  153  174  196  220
  241  263  281  299  315  333  349  360  367  373  378  381  383  386  391  396
  403  411  416  419  422  418  409  394  382  372  364  355  338  318  299  281
  268  255  244  233  223  209  191  174  156
     5.0-180.0 180.0   5.0 450.0                            LAT/LON1/LON2/DLON/H
  164  151  143  136  129  121  115  104   94   85   76   69   62   56   51   50
   50   51   53   53   52   54   60   72   87  106  125  143  161  182  205  229
  248  269  286  301  317  335  353  369  379  383  386  386  385  388  392  397
  404  410  415  418  420  416  407  393  382  372  365  354  336  312  292  273
  260  249  240  231  222  211  197  180  164
     2.5-180.0 180.0   5.0 450.0                            LAT/LON1/LON2/DLON/H
  166  155  148  141  136  128  122  111  100   90   81   72   64   58   53   51
   51   52   53   54   54   56   63   75   92  111  131  150  169  189  211  232
  252  271  288  302  318  337  356  376  390  394  395  391  388  389  393  400
  405  411  416  420  421  419  413  403  393  383  374  361  339  312  287  265
  249  239  231  224  217  206  193  179  166
