data/IONEX/CVBB3160.21i
     1.0            IONOSPHERE MAPS     MIX                 IONEX VERSION / TYPE
cmpcmb v1.2          GRL/UWM             6-dec-21 18:41     PGM / RUN BY / DATE 
ionex file containing IGS COMBINED Ionosphere maps          COMMENT             
global ionosphere maps for day 316, 2021                    DESCRIPTION         
IONEX file containing the COMBINED IGS TEC MAPS and DCBs    DESCRIPTION         
      IONEX files of the following IAACs were combined: cod DESCRIPTION         
                                                        esa DESCRIPTION         
                                                        jpl DESCRIPTION         
                                                        upc DESCRIPTION         
Contact address: Andrzej Krankowski                         DESCRIPTION
                 Geodynamics Research Laboratory            DESCRIPTION
                 University of Warmia and Mazury (GRL/UWM)  DESCRIPTION
                 Oczapowski St. 1                           DESCRIPTION
                 10-957-Olsztyn, POLAND                     DESCRIPTION
                 e-mail:  kand@uwm.edu.pl                   DESCRIPTION
                                                            DESCRIPTION         
  2021    11    12     0     0     0                        EPOCH OF FIRST MAP  
  2021    11    13     0     0     0                        EPOCH OF LAST MAP   
  7200                                                      INTERVAL            
    13                                                      # OF MAPS IN FILE   
  COSZ                                                      MAPPING FUNCTION    
     0.0                                                    ELEVATION CUTOFF    
combined TEC calculated as weighted mean of input TEC valuesOBSERVABLES USED    
   353                                                      # OF STATIONS       
    32                                                      # OF SATELLITES     
  6371.0                                                    BASE RADIUS         
     2                                                      MAP DIMENSION       
   450.0 450.0   0.0                                        HGT1 / HGT2 / DHGT  
    87.5 -87.5  -2.5                                        LAT1 / LAT2 / DLAT  
  -180.0 180.0   5.0                                        LON1 / LON2 / DLON  
    -1                                                      EXPONENT            
TEC values in 0.1 tec units;  9999, if no value available   COMMENT             
DCB values in nanoseconds, reference is Sum_of_SatDCBs = 0  COMMENT             
                                                            END OF HEADER       
[from data line 3432]
     9                                                      START OF TEC MAP    
  2021    11    12    16     0     0                        EPOCH OF CURRENT MAP
    87.5-180.0 180.0   5.0 450.0                            LAT/LON1/LON2/DLON/H
   37   37   37   38   38   39   40   40   40   41   41   41   42   42   42   43
   43   43   44   44   44   44   44   44   44   44   43   43   43   42   42   41
   41   41   40   40   40   39   39   39   38   38   38   38   37   37   37   37
   36   37   36   36   36   36   36   35   36   35   35   35   35   36   35   35
   36   36   35   36   36   36   36   36   37
    85.0-180.0 180.0   5.0 450.0                            LAT/LON1/LON2/DLON/H
   34   34   35   36   37   38   39   40   41   42   43   44   45   45   46   47
   47   48   48   48   48   48   48   47   46   45   45   44   43   42   42   42
   41   40   40   39   39   38   37   37   37   36   36   36   35   35   35   35
   34   33   33   33   33   32   32   32   32   32   31   31   31   31   31   31
   31   31   31   31   31   32   32   33   34
    82.5-180.0 180.0   5.0 450.0                            LAT/LON1/LON2/DLON/H
   30   32   33   36   37   39   41   42   44   45   46   47   48   49   49   50
   50   50   50   50   50   50   50   49   48   48   48   48   47   45   44   43
   42   42   41   40   40   39   38   37   35   34   33   32   32   32   32   32
   31   31   30   30   29   29   29   28   28   28   28   28   27   27   26   26
   26   26   26   26   27   28   28   29   30
    80.0-180.0 180.0   5.0 450.0                            LAT/LON1/LON2/DLON/H
   27   29   31   33   35   37   39   41   43   45   47   49   50   52   54   55
   56   56   55   55   53   51   52   55   54   52   51   50   48   47   45   44
   43   41   40   39   38   37   35   34   34   33   32   31   30   29   28   28
   28   27   27   27   26   26   26   25   26   25   25   25   24   24   23   22
   22   22   22   22   23   23   24   26   27
    77.5-180.0 180.0   5.0 450.0                            LAT/LON1/LON2/DLON/H
   24   26   27   29   30   32   35   38   41   44   47   49   51   53   55   57
   59   59   59   59   60   59   61   62   59   58   57   54   52   51   49   46
   43   42   42   40   38   36   34   32   31   30   29   28   27   26   26   25
   25   25   25   24   23   23   23   23   24   24   23   23   22   21   20   20
   19   19   19   19   20   20   21   23   24
    75.0-180.0 180.0   5.0 450.0                            LAT/LON1/LON2/DLON/H
   22   23   24   25   27   28   31   34   37   40   44   47   50   54   57   59
   60   62   64   65   65   66   68   67   66   64   63   60   59   56   53   51
   48   45   43   41   39   37   34   32   30   28   27   26   25   24   23   23
   22   22   23   22   22   22   22   22   23   23   23   22   22   20   19   19
   18   18   18   18   18   19   19   21   22
    72.5-180.0 180.0   5.0 450.0                            LAT/LON1/LON2/DLON/H
   22   22   23   23   24   25   27   29   32   35   39   43   48   52   56   59
   63   66   69   71   73   77   77   75   75   73   71   67   64   61   59   56
   54   51   48   45   42   40   36   33   31   28   27   25   24   23   23   22
   21   21   20   21   21   21   21   22   23   23   23   22   21   20   20   19
   19   18   18   18   18   19   20   21   22
    70.0-180.0 180.0   5.0 450.0                            LAT/LON1/LON2/DLON/H
   23   23   23   23   22   22   23   25   27   30   33   38   44   49   54   59
   65   69   73   78   82   85   86   84   84   82   80   75   72   68   65   62
   59   56   53   50   46   43   39   35   32   29   28   26   25   24   23   22
   22   21   21   21   20   21   22   22   23   24   23   23   22   21   21   20
   20   20   20   20   20   21   22   22   23
    67.5-180.0 180.0   5.0 450.0                            LAT/LON1/LON2/DLON/H
   25   25   25   24   22   21   21   21   23   25   29   35   40   46   52   59
   66   72   78   83   88   91   93   93   92   91   88   84   79   75   72   68
   64   61   58   53   49   45   41   37   34   31   29   28   28   26   25   24
   23   22   22   21   21   21   22   23   24   24   24   24   23   23   22   22
   22   22   22   23   23   24   25   25   25
    65.0-180.0 180.0   5.0 450.0                            LAT/LON1/LON2/DLON/H
   29   28   27   25   23   21   19   20   20   22   27   32   38   45   53   60
   67   74   80   86   91   95   97   99   99   98   95   91   87   81   77   73
   68   65   61   56   51   46   42   38   35   33   32   32   30   29   28   27
   26   24   23   22   22   22   22   23   24   25   25   25   24   24   24   23
   23   24   24   25   26   27   28   28   29
    62.5-180.0 180.0   5.0 450.0                            LAT/LON1/LON2/DLON/H
   32   31   29   27   24   22   21   20   21   23   27   33   39   47   55   62
   69   76   82   88   93   98  100  102  102  101   98   95   90   86   81   77
   73   68   63   57   51   46   42   39   36   35   34   34   34   33   32   30
   28   27   25   23   22   22   22   23   25   26   26   26   26   25   25   25
   25   25   26   26   28   29   30   31   32
    60.0-180.0 180.0   5.0 450.0                            LAT/LON1/LON2/DLON/H
   34   33   32   30   27   25   23   23   23   26   31   37   44   51   59   65
   72   78   84   90   95   99  102  104  104  103  100   97   94   90   86   82
   78   73   66   58   52   47   43   40   39   38   38   38   38   37   35   33
   32   30   27   25   24   23   24   25   27   28   28   28   28   27   27   26
   26   26   27   27   29   30   32   33   34
    57.5-180.0 180.0   5.0 450.0                            LAT/LON1/LON2/DLON/H
   36   36   35   34   32   29   28   27   28   32   37   43   51   58   65   71
   76   81   86   92   96   99  103  104  105  104  102  101   98   95   92   89
   84   77   69   61   54   48   45   44   44   43   44   44   43   42   40   37
   36   34   31   29   27   26   27   29   30   32   33   32   31   30   30   29
   28   27   27   28   30   32   33   35   36
    55.0-180.0 180.0   5.0 450.0                            LAT/LON1/LON2/DLON/H
   38   39   39   39   37   35   33   33   35   39   45   52   59   67   73   78
   82   86   90   94   98  101  103  105  106  105  105  104  103  102  100   97
   92   84   75   66   58   52   50   49   50   50   50   50   49   47   45   43
   41   39   37   35   33   33   34   36   37   38   38   37   37   35   35   33
   32   30   30   31   31   33   35   36   38
    52.5-180.0 180.0   5.0 450.0                            LAT/LON1/LON2/DLON/H
   40   42   43   44   44   43   41   41   43   48   54   61   69   75   80   85
   89   92   95   97  100  103  105  106  108  108  109  109  111  110  109  106
  100   92   83   73   64   59   56   56   57   58   59   57   56   53   51   50
   47   46   45   44   43   44   44   46   46   46   45   45   44   43   41   39
   37   35   34   34   34   36   37   39   40
    50.0-180.0 180.0   5.0 450.0                            LAT/LON1/LON2/DLON/H
   44   45   47   49   51   50   50   50   53   58   63   71   77   83   88   92
   95   98  100  102  104  106  108  109  111  112  115  117  119  120  118  116
  109  101   91   80   72   67   64   65   66   67   66   66   64   61   59   58
   56   55   55   56   56   57   57   57   57   56   55   54   53   51   49   46
   44   41   40   39   40   40   41   43   44
    47.5-180.0 180.0   5.0 450.0                            LAT/LON1/LON2/DLON/H
   48   49   51   53   56   57   58   58   62   67   73   79   85   89   94   99
  102  104  106  107  109  111  112  114  116  119  122  125  128  129  128  125
  118  110  100   89   82   76   73   73   74   74   74   73   72   70   68   67
   67   67   68   70   70   71   71   71   69   68   66   64   62   59   56   53
   51   48   46   46   46   47   47   48   48
    45.0-180.0 180.0   5.0 450.0                            LAT/LON1/LON2/DLON/H
   53   53   54   56   59   61   63   65   68   74   80   85   90   95  100  105
  108  110  112  113  114  116  118  121  124  127  131  135  137  137  135  132
  126  119  109  101   93   86   82   80   80   80   80   79   79   79   78   78
   79   81   82   83   84   84   83   82   79   77   75   72   70   66   63   60
   57   55   54   53   53   53   54   54   53
    42.5-180.0 180.0   5.0 450.0                            LAT/LON1/LON2/DLON/H
   57   56   56   57   60   62   64   68   72   78   84   90   95   99  104  110
  114  117  118  119  120  122  125  128  132  135  139  141  143  143  141  138
  133  129  123  115  107   98   90   87   85   84   85   86   87   88   88   89
   90   93   94   95   94   94   92   90   86   83   80   77   75   72   69   65
   62   60   58   58   59   59   59   58   57
    40.0-180.0 180.0   5.0 450.0                            LAT/LON1/LON2/DLON/H
   59   57   56   57   58   60   64   68   74   81   88   93   99  104  109  116
  120  123  124  125  126  128  131  135  138  142  144  147  148  148  147  144
  143  143  141  134  125  113  102   94   90   88   90   92   94   96   97   98
  101  102  103  103  101   99   97   93   90   85   82   80   78   75   72   68
   65   62   61   61   62   63   63   61   59
    37.5-180.0 180.0   5.0 450.0                            LAT/LON1/LON2/DLON/H
   58   56   54   54   54   56   60   67   75   83   92   98  104  109  115  120
  125  128  129  131  132  133  136  140  142  145  147  149  151  152  153  156
  159  164  165  160  149  133  117  104   96   95   95   98  101  103  104  106
  107  107  106  105  102   99   95   91   89   85   83   81   79   76   72   69
   66   64   62   63   64   64   64   62   58
    35.0-180.0 180.0   5.0 450.0                            LAT/LON1/LON2/DLON/H
   57   54   51   50   49   49   54   63   74   86   96  104  112  118  122  127
  131  133  134  135  136  138  139  142  144  145  147  149  152  156  162  170
  181  192  197  194  182  160  139  120  108  103  103  106  108  110  110  110
  109  107  105  102   98   95   90   86   85   83   82   80   78   76   73   69
   66   64   62   63   63   64   63   60   57
    32.5-180.0 180.0   5.0 450.0                            LAT/LON1/LON2/DLON/H
   54   51   48   46   45   45   49   60   73   86  100  111  120  127  132  135
  138  140  140  141  141  142  143  142  143  143  145  148  154  163  175  192
  210  229  239  237  222  199  167  143  126  118  115  115  115  115  114  112
  109  104  101   97   93   89   86   82   81   81   81   80   78   75   72   69
   67   65   63   63   63   62   61   57   54
    30.0-180.0 180.0   5.0 450.0                            LAT/LON1/LON2/DLON/H
   52   49   46   44   42   43   47   58   72   87  103  117  128  135  140  143
  146  147  147  148  148  147  145  142  140  141  145  152  161  176  195  220
  247  273  287  289  272  249  207  175  150  137  129  126  123  118  115  112
  107  101   97   94   89   85   82   79   79   80   81   80   78   75   72   70
   69   67   65   64   64   62   59   55   52
    27.5-180.0 180.0   5.0 450.0                            LAT/LON1/LON2/DLON/H
   51   48   46   44   42   42   47   58   72   88  105  121  134  143  148  150
  152  154  154  155  154  152  147  143  141  143  149  162  176  198  225  256
  290  325  344  347  330  307  253  211  182  159  146  138  129  122  115  112
  106  100   96   92   88   84   81   79   79   80   81   81   79   76   73   72
   71   70   69   68   66   64   59   55   51
    25.0-180.0 180.0   5.0 450.0                            LAT/LON1/LON2/DLON/H
   52   49   47   46   44   46   51   61   75   90  107  124  137  148  154  155
  157  158  159  160  159  156  151  147  148  153  164  181  203  231  265  299
  339  374  394  402  381  353  304  249  215  183  165  151  132  122  115  112
  107  103   98   94   91   87   83   82   81   82   82   81   80   76   75   75
   75   74   73   72   71   68   63   57   52
    22.5-180.0 180.0   5.0 450.0                            LAT/LON1/LON2/DLON/H
   55   52   49   48   48   50   57   68   82   96  111  126  140  151  157  160
  162  164  165  165  163  160  157  157  163  175  191  212  244  275  317  349
  387  418  432  434  417  384  337  278  235  205  184  158  134  123  118  115
  111  108  105  102   97   93   90   88   87   85   84   83   81   78   78   78
   79   79   79   78   76   73   67   61   55
    20.0-180.0 180.0   5.0 450.0                            LAT/LON1/LON2/DLON/H
   58   54   51   50   51   55   64   77   90  103  115  127  140  151  158  163
  167  170  171  170  169  166  167  174  188  207  231  261  288  330  371  397
  425  442  443  434  418  385  337  284  246  225  196  161  140  130  124  121
  119  117  116  114  110  105  102   98   95   92   89   86   84   82   81   82
   83   84   83   83   82   78   72   64   58
    17.5-180.0 180.0   5.0 450.0                            LAT/LON1/LON2/DLON/H
   60   55   52   51   53   59   70   84   98  109  118  129  140  151  159  166
  172  177  178  177  176  176  182  196  220  249  279  315  341  375  406  425
  440  443  431  415  398  364  319  281  254  239  204  170  151  141  136  133
  131  132  133  133  128  123  119  112  107  101   95   90   88   86   86   86
   86   86   86   87   86   83   76   67   60
    15.0-180.0 180.0   5.0 450.0                            LAT/LON1/LON2/DLON/H
   62   56   53   51   53   61   74   90  104  114  123  132  141  152  161  170
  178  184  185  186  185  189  202  225  257  292  327  360  382  404  421  429
  432  432  413  391  369  340  307  283  261  245  215  188  167  157  153  150
  150  154  154  153  149  144  137  128  119  110  102   96   94   91   90   90
   89   88   88   88   88   84   78   69   62
    12.5-180.0 180.0   5.0 450.0                            LAT/LON1/LON2/DLON/H
   61   56   52   51   53   62   77   94  108  119  127  136  144  155  165  176
  186  193  196  197  198  206  225  255  291  329  363  390  403  411  414  415
  414  412  395  373  353  331  311  295  274  255  233  209  190  179  173  170
  170  175  175  173  169  163  154  142  130  118  108  101   98   94   93   92
   91   89   88   88   87   84   77   69   61
    10.0-180.0 180.0   5.0 450.0                            LAT/LON1/LON2/DLON/H
   60   54   50   49   52   63   79   96  112  123  132  141  150  161  173  185
  196  205  210  214  217  227  249  283  318  353  383  402  406  401  397  395
  393  391  379  364  350  339  329  317  300  282  259  236  219  204  194  189
  189  192  191  190  185  177  168  154  140  127  115  107  102   96   95   94
   93   90   88   87   85   80   74   66   60
     7.5-180.0 180.0   5.0 450.0                            LAT/LON1/LON2/DLON/H
   58   52   48   47   51   62   79   98  114  127  137  146  157  168  183  196
  208  220  227  235  240  252  275  306  338  367  388  397  395  385  378  378
  379  380  377  370  365  362  358  349  336  315  292  267  246  228  215  205
  203  203  201  198  194  187  178  167  152  138  124  113  106   99   97   96
   94   91   88   85   82   77   70   64   58
     5.0-180.0 180.0   5.0 450.0                            LAT/LON1/LON2/DLON/H
   57   52   47   46   50   62   79   98  115  129  141  153  164  178  193  207
  222  236  246  258  266  279  301  327  351  373  385  385  378  368  365  369
  377  386  393  397  401  401  397  390  377  351  323  295  271  251  232  219
  211  208  204  202  199  192  186  177  165  150  134  120  111  103  100   98
   96   93   90   87   82   76   69   62   57
     2.5-180.0 180.0   5.0 450.0                            LAT/LON1/LON2/DLON/H
   58   53   49   47   52   64   81   99  115  131  145  159  173  187  203  218
  235  252  267  280  290  304  322  341  359  373  379  373  364  358  361  371
  390  407  425  437  448  449  443  433  415  384  350  319  291  268  248  229
  218  210  206  203  200  195  192  186  177  161  144  127  117  106  103  102
  100   96   94   90   86   79   70   64   58
