data/IONEX/CVBB2930.21i
     1.0            IONOSPHERE MAPS     MIX                 IONEX VERSION / TYPE
cmpcmb v1.2          GRL/UWM             6-nov-21 02:14     PGM / RUN BY / DATE 
ionex file containing IGS COMBINED Ionosphere maps          COMMENT             
global ionosphere maps for day 293, 2021                    DESCRIPTION         
IONEX file containing the COMBINED IGS TEC MAPS and DCBs    DESCRIPTION         
      IONEX files of the following IAACs were combined: cod DESCRIPTION         
                                                        esa DESCRIPTION         
                                                        jpl DESCRIPTION         
                                                        upc DESCRIPTION         
Contact address: Andrzej Krankowski                         DESCRIPTION
                 Geodynamics Research Laboratory            DESCRIPTION
                 University of Warmia and Mazury (GRL/UWM)  DESCRIPTION
                 Oczapowski St. 1                           DESCRIPTION
                 10-957-Olsztyn, POLAND                     DESCRIPTION
                 e-mail:  kand@uwm.edu.pl                   DESCRIPTION
                                                            DESCRIPTION         
  2021    10    20     0     0     0                        EPOCH OF FIRST MAP  
  2021    10    21     0     0     0                        EPOCH OF LAST MAP   
  7200                                                      INTERVAL            
    13                                                      # OF MAPS IN FILE   
  COSZ                                                      MAPPING FUNCTION    
     0.0                                                    ELEVATION CUTOFF    
combined TEC calculated as weighted mean of input TEC valuesOBSERVABLES USED    
   359                                                      # OF STATIONS       
    32                                                      # OF SATELLITES     
  6371.0                                                    BASE RADIUS         
     2                                                      MAP DIMENSION       
   450.0 450.0   0.0                                        HGT1 / HGT2 / DHGT  
    87.5 -87.5  -2.5                                        LAT1 / LAT2 / DLAT  
  -180.0 180.0   5.0                                        LON1 / LON2 / DLON  
    -1                                                      EXPONENT            
TEC values in 0.1 tec units;  9999, if no value available   COMMENT             
DCB values in nanoseconds, reference is Sum_of_SatDCBs = 0  COMMENT             
                                                            END OF HEADER       
[from data line 3003]
     8                                                      START OF TEC MAP    
  2021    10    20    14     0     0                        EPOCH OF CURRENT MAP
    87.5-180.0 180.0   5.0 450.0                            LAT/LON1/LON2/DLON/H
   45   45   45   46   46   47   48   48   49   49   50   51   51   52   52   53
   53   54   54   54   55   55   55   55   56   56   57   56   56   57   56   56
   56   56   55   55   55   54   54   53   53   52   52   51   51   50   49   48
   48   47   47   46   45   45   44   44   43   43   43   43   43   43   42   42
   42   43   43   43   43   43   44   44   45
    85.0-180.0 180.0   5.0 450.0                            LAT/LON1/LON2/DLON/H
   39   40   41   42   43   44   46   47   48   50   51   52   54   55   56   57
   58   60   60   61   62   62   62   63   63   63   63   63   62   63   63   63
   63   63   62   62   61   60   58   57   56   54   53   52   51   50   49   48
   47   46   45   44   43   42   41   40   40   38   38   37   37   37   37   36
   36   36   36   37   37   37   38   38   39
    82.5-180.0 180.0   5.0 450.0                            LAT/LON1/LON2/DLON/H
   35   36   37   38   40   41   43   45   48   50   53   55   57   59   61   62
   63   64   65   66   67   69   68   67   68   68   69   70   70   71   70   71
   70   69   69   67   65   64   62   61   59   57   55   53   50   49   47   46
   45   44   43   42   40   39   38   37   36   35   34   34   33   32   31   31
   31   32   32   32   32   33   34   34   35
    80.0-180.0 180.0   5.0 450.0                            LAT/LON1/LON2/DLON/H
   31   31   33   34   37   39   42   44   47   50   53   56   59   62   65   67
   68   70   71   71   71   70   72   70   71   72   73   73   74   74   74   74
   74   73   71   70   68   65   63   61   59   56   53   51   49   47   45   43
   42   41   40   39   38   36   35   34   33   32   32   31   30   29   29   29
   29   29   29   29   29   30   30   31   31
    77.5-180.0 180.0   5.0 450.0                            LAT/LON1/LON2/DLON/H
   27   28   29   31   33   36   38   41   45   49   53   57   60   64   66   68
   71   72   73   74   75   74   76   76   76   78   78   79   79   79   79   79
   78   77   76   74   72   69   66   63   60   57   53   50   47   44   42   40
   39   38   37   37   35   34   33   32   31   30   30   29   29   27   27   27
   27   27   27   27   28   27   27   27   27
    75.0-180.0 180.0   5.0 450.0                            LAT/LON1/LON2/DLON/H
   26   26   27   29   31   33   36   40   43   48   51   56   61   64   66   69
   72   74   75   75   76   78   78   78   81   82   83   84   84   85   85   85
   84   84   82   80   77   73   70   66   62   58   54   51   47   44   42   41
   39   37   36   36   35   33   32   32   31   30   29   28   27   27   27   27
   27   27   27   27   27   26   25   26   26
    72.5-180.0 180.0   5.0 450.0                            LAT/LON1/LON2/DLON/H
   26   26   27   28   29   31   34   38   42   45   50   55   59   62   64   68
   71   72   73   74   77   79   81   82   84   87   89   90   90   91   91   91
   91   90   89   86   83   78   74   70   66   61   57   54   50   47   45   43
   41   39   38   37   36   35   33   32   31   30   29   29   27   27   27   27
   27   28   28   28   28   27   27   26   26
    70.0-180.0 180.0   5.0 450.0                            LAT/LON1/LON2/DLON/H
   27   27   27   27   28   30   33   36   39   43   47   51   54   57   61   64
   67   69   71   73   77   80   83   85   88   91   94   94   96   96   96   97
   96   95   94   92   89   84   80   75   71   66   62   57   54   51   49   47
   44   42   41   39   38   36   35   33   32   31   30   29   28   27   27   28
   28   29   29   30   30   30   29   28   27
    67.5-180.0 180.0   5.0 450.0                            LAT/LON1/LON2/DLON/H
   29   28   28   27   27   28   31   32   35   38   42   45   48   52   55   58
   61   64   68   72   76   80   85   88   92   95   97   98   99   99   99   99
   99   99   98   95   93   90   85   81   76   71   67   62   59   56   53   50
   48   45   43   41   39   37   35   33   32   31   30   29   28   27   27   28
   29   30   31   31   32   32   31   30   29
    65.0-180.0 180.0   5.0 450.0                            LAT/LON1/LON2/DLON/H
   31   30   29   28   27   27   28   29   31   32   35   37   41   44   48   52
   55   58   63   68   74   80   85   91   95   98  100  101  100  100  100   99
   99   99   98   97   94   92   88   84   80   75   71   66   63   60   57   54
   50   47   44   41   38   36   34   32   31   30   29   28   27   27   27   28
   29   31   32   33   33   34   33   32   31
    62.5-180.0 180.0   5.0 450.0                            LAT/LON1/LON2/DLON/H
   34   32   31   30   28   27   26   26   26   26   27   30   33   36   40   45
   49   54   58   65   72   79   86   92   96  100  102  102  101  101  100   99
   98   98   97   96   95   92   89   86   82   78   74   70   67   63   60   56
   52   48   44   40   37   34   32   31   30   29   28   28   27   27   28   28
   29   31   32   33   34   35   35   35   34
    60.0-180.0 180.0   5.0 450.0                            LAT/LON1/LON2/DLON/H
   36   35   33   32   30   27   26   24   23   24   23   25   28   31   36   41
   46   51   57   64   71   78   85   92   97  100  101  102  101  101  100  100
   99   98   97   95   94   91   89   87   83   80   76   73   70   66   62   58
   53   47   42   38   35   32   30   29   28   29   29   28   28   28   29   29
   30   31   32   33   34   35   36   37   36
    57.5-180.0 180.0   5.0 450.0                            LAT/LON1/LON2/DLON/H
   39   38   37   35   32   30   27   26   24   23   22   23   26   29   34   40
   45   52   58   65   72   79   86   92   96   99  101  101  102  103  103  103
  101   99   97   96   94   92   90   88   86   83   79   76   72   68   64   58
   53   47   42   37   34   31   30   29   29   29   30   31   30   30   32   32
   32   32   32   34   34   36   37   38   39
    55.0-180.0 180.0   5.0 450.0                            LAT/LON1/LON2/DLON/H
   41   42   41   40   37   35   32   30   28   26   24   25   26   31   36   42
   48   55   62   67   74   80   86   92   95   99  101  103  104  106  108  108
  107  104  100   98   95   93   92   90   89   86   83   79   75   70   65   60
   54   48   43   39   35   33   32   32   33   33   35   35   35   35   36   36
   36   36   36   36   36   37   39   40   41
    52.5-180.0 180.0   5.0 450.0                            LAT/LON1/LON2/DLON/H
   46   46   46   45   44   42   39   37   35   32   30   29   31   35   41   47
   54   60   66   71   77   82   87   92   96  100  103  105  108  112  114  115
  114  110  106  102   99   97   96   95   93   92   89   84   79   74   68   63
   57   52   47   43   41   40   39   40   40   41   41   41   41   42   42   43
   43   42   41   40   40   41   43   44   46
    50.0-180.0 180.0   5.0 450.0                            LAT/LON1/LON2/DLON/H
   51   52   52   52   51   50   47   45   43   40   37   36   37   41   47   54
   61   67   72   77   81   85   89   94   98  103  107  110  114  118  122  124
  122  119  113  108  105  103  102  102  100   98   96   91   85   79   74   68
   62   58   54   51   50   49   48   48   48   49   49   49   49   49   50   51
   51   49   48   46   46   47   48   50   51
    47.5-180.0 180.0   5.0 450.0                            LAT/LON1/LON2/DLON/H
   58   59   58   58   58   57   55   53   50   48   46   44   45   49   55   63
   69   75   79   83   86   89   93   98  103  107  111  116  121  126  130  132
  130  127  122  117  114  112  111  110  109  108  104  100   94   87   80   74
   69   65   63   60   59   59   58   58   57   57   57   56   56   56   58   59
   59   57   56   54   54   54   56   58   58
    45.0-180.0 180.0   5.0 450.0                            LAT/LON1/LON2/DLON/H
   65   65   64   64   64   63   61   60   57   55   53   52   53   57   63   70
   77   83   87   90   93   96  100  105  110  115  120  124  129  133  136  138
  137  133  129  125  123  122  121  120  119  118  115  110  103   96   89   83
   77   74   72   70   69   69   68   67   66   65   64   63   63   63   64   66
   66   65   64   62   61   62   63   65   65
    42.5-180.0 180.0   5.0 450.0                            LAT/LON1/LON2/DLON/H
   71   70   69   68   68   67   66   65   63   61   59   58   60   64   71   78
   84   90   95   99  101  104  108  114  119  125  129  132  135  137  140  141
  140  138  135  134  133  132  132  131  130  130  126  120  114  106   98   91
   85   81   79   77   77   76   75   74   73   71   69   68   67   67   69   70
   70   70   69   68   67   68   69   70   71
    40.0-180.0 180.0   5.0 450.0                            LAT/LON1/LON2/DLON/H
   73   72   71   69   69   69   69   69   68   65   63   63   66   71   79   86
   92   98  104  108  111  114  118  123  129  135  138  139  140  141  142  142
  141  142  143  144  145  144  143  142  141  140  137  132  125  116  107   99
   92   87   83   82   81   79   78   77   76   73   72   70   69   69   69   71
   72   72   72   71   72   72   72   73   73
    37.5-180.0 180.0   5.0 450.0                            LAT/LON1/LON2/DLON/H
   71   70   69   68   67   67   68   69   69   68   67   67   71   78   86   94
  101  107  113  117  121  124  129  133  138  144  146  146  144  143  143  143
  145  148  153  156  158  158  157  154  152  150  148  144  137  128  117  106
   97   90   86   83   81   79   77   77   76   74   73   71   70   69   69   70
   71   72   72   72   73   73   72   71   71
    35.0-180.0 180.0   5.0 450.0                            LAT/LON1/LON2/DLON/H
   66   66   66   64   63   63   65   67   68   68   67   70   77   85   95  104
  110  117  122  129  134  137  141  144  146  150  152  152  149  148  148  148
  151  158  166  173  176  176  172  167  163  160  158  155  148  139  126  114
  102   93   86   83   80   78   76   75   74   73   73   71   69   69   68   68
   69   70   70   70   70   69   68   67   66
    32.5-180.0 180.0   5.0 450.0                            LAT/LON1/LON2/DLON/H
   60   61   60   59   58   58   60   63   65   66   67   71   80   91  103  114
  121  127  133  142  147  151  153  154  153  155  157  158  156  154  156  158
  164  174  184  195  199  196  188  180  175  171  168  166  160  149  137  122
  108   96   88   84   82   79   76   75   74   72   72   72   70   69   68   68
   68   69   68   68   67   64   62   61   60
    30.0-180.0 180.0   5.0 450.0                            LAT/LON1/LON2/DLON/H
   55   55   55   54   53   53   55   58   61   62   64   70   81   96  110  123
  131  138  145  155  160  164  164  163  160  161  164  166  167  167  171  176
  183  196  211  225  231  226  210  196  187  181  179  177  171  161  149  134
  117  105   96   92   89   86   83   79   76   74   73   73   72   72   70   69
   69   69   69   68   65   61   58   56   55
    27.5-180.0 180.0   5.0 450.0                            LAT/LON1/LON2/DLON/H
   53   54   52   50   49   49   51   53   56   58   61   67   80   98  116  130
  140  148  156  165  171  173  172  169  167  168  173  180  185  189  195  201
  214  228  245  264  272  262  236  216  201  193  192  190  184  175  163  147
  132  120  112  107  104   99   93   86   80   77   76   76   76   77   76   75
   74   73   73   72   68   62   57   55   53
    25.0-180.0 180.0   5.0 450.0                            LAT/LON1/LON2/DLON/H
   56   54   51   49   46   46   47   48   51   54   57   63   78   97  118  134
  146  155  164  172  178  180  179  175  174  178  186  199  210  220  230  238
  251  264  287  309  314  299  266  239  220  207  205  204  198  190  179  165
  151  141  134  129  125  118  108   97   89   83   81   82   83   85   84   83
   81   80   81   79   76   69   63   59   56
    22.5-180.0 180.0   5.0 450.0                            LAT/LON1/LON2/DLON/H
   61   57   53   48   45   44   44   46   48   50   52   59   74   95  117  136
  149  160  169  179  184  186  186  184  184  192  205  223  243  259  274  281
  294  310  326  344  347  327  290  261  241  223  220  218  214  207  199  188
  178  168  161  157  152  142  129  115  103   95   92   91   92   94   94   94
   91   90   92   90   87   80   73   67   61
    20.0-180.0 180.0   5.0 450.0                            LAT/LON1/LON2/DLON/H
   70   63   56   50   45   43   43   44   46   47   50   57   71   93  115  137
  152  163  174  184  191  193  193  196  200  213  230  252  281  305  321  326
  337  350  359  365  362  346  309  277  256  243  241  237  231  227  222  216
  208  199  192  189  183  171  157  140  125  115  108  105  104  106  106  105
  101  100  102  103  101   93   84   77   70
    17.5-180.0 180.0   5.0 450.0                            LAT/LON1/LON2/DLON/H
   80   71   62   52   46   42   41   43   45   46   48   55   69   91  114  136
  153  167  179  189  195  199  203  211  222  239  260  285  318  351  365  366
  374  380  375  370  362  348  317  293  276  269  269  261  254  250  249  243
  240  232  224  220  213  200  184  166  150  138  126  120  118  118  117  114
  110  109  112  114  113  105   95   88   80
    15.0-180.0 180.0   5.0 450.0                            LAT/LON1/LON2/DLON/H
   88   77   66   56   48   43   40   41   44   46   49   56   69   90  115  136
  154  169  182  192  199  205  215  230  248  269  292  319  353  384  393  390
  392  391  379  366  356  346  328  313  305  305  302  291  276  273  273  268
  266  257  249  242  236  223  204  186  172  157  142  133  130  128  126  122
  117  117  120  122  122  115  107   98   88
    12.5-180.0 180.0   5.0 450.0                            LAT/LON1/LON2/DLON/H
   94   82   71   61   52   45   42   41   44   47   50   58   72   93  116  137
  156  172  184  194  202  213  229  251  274  297  320  346  374  396  402  394
  387  384  372  359  353  350  346  342  337  338  331  317  300  293  290  286
  280  271  262  254  245  232  214  197  184  171  157  146  140  136  132  128
  123  122  124  124  125  121  114  104   94
    10.0-180.0 180.0   5.0 450.0                            LAT/LON1/LON2/DLON/H
   97   86   76   65   56   48   45   43   45   48   52   62   77   98  120  140
  158  176  188  197  207  223  244  271  295  318  339  362  382  398  399  389
  378  371  362  356  355  359  364  368  368  369  359  340  320  308  300  292
  285  275  263  252  243  229  213  200  190  180  169  158  149  143  138  133
  126  123  124  123  123  121  116  107   97
     7.5-180.0 180.0   5.0 450.0                            LAT/LON1/LON2/DLON/H
   98   87   78   68   60   53   48   45   46   49   55   66   83  104  126  146
  163  179  193  204  217  236  261  289  312  331  348  367  382  391  391  382
  372  364  361  361  364  376  386  394  398  396  380  356  334  317  304  293
  284  271  257  244  234  221  208  198  192  188  179  168  158  149  144  136
  128  122  121  120  119  118  114  107   98
     5.0-180.0 180.0   5.0 450.0                            LAT/LON1/LON2/DLON/H
   95   87   77   70   64   58   52   49   47   50   57   70   89  111  133  152
  170  186  200  214  231  253  278  303  324  339  352  365  377  382  383  377
  371  367  369  376  386  400  412  423  425  415  389  364  339  318  303  289
  276  264  249  235  223  212  202  196  194  192  186  176  166  155  147  139
  130  123  119  117  116  114  110  104   95
     2.5-180.0 180.0   5.0 450.0                            LAT/LON1/LON2/DLON/H
   90   82   76   71   67   63   57   52   49   51   59   73   94  117  140  158
  176  193  209  225  245  268  292  314  331  341  352  362  371  376  378  378
  380  382  389  401  414  427  439  446  442  420  388  362  338  315  298  283
  268  256  241  228  216  204  196  193  194  195  190  183  174  163  153  143
  133  123  119  115  112  109  104   97   90
