data/IONEX/CVBB2770.21i
     1.0            IONOSPHERE MAPS     MIX                 IONEX VERSION / TYPE
cmpcmb v1.2          GRL/UWM            27-oct-21 23:17     PGM / RUN BY / DATE 
ionex file containing IGS COMBINED Ionosphere maps          COMMENT             
global ionosphere maps for day 277, 2021                    DESCRIPTION         
IONEX file containing the COMBINED IGS TEC MAPS and DCBs    DESCRIPTION         
      IONEX files of the following IAACs were combined: cod DESCRIPTION         
                                                        esa DESCRIPTION         
                                                        jpl DESCRIPTION         
                                                        upc DESCRIPTION         
Contact address: Andrzej Krankowski                         DESCRIPTION
                 Geodynamics Research Laboratory            DESCRIPTION
                 University of Warmia and Mazury (GRL/UWM)  DESCRIPTION
                 Oczapowski St. 1                           DESCRIPTION
                 10-957-Olsztyn, POLAND                     DESCRIPTION
                 e-mail:  kand@uwm.edu.pl                   DESCRIPTION
                                                            DESCRIPTION         
  2021    10     4     0     0     0                        EPOCH OF FIRST MAP  
  2021    10     5     0     0     0                        EPOCH OF LAST MAP   
  7200                                                      INTERVAL            
    13                                                      # OF MAPS IN FILE   
  COSZ                                                      MAPPING FUNCTION    
     0.0                                                    ELEVATION CUTOFF    
combined TEC calculated as weighted mean of input TEC valuesOBSERVABLES USED    
   354                                                      # OF STATIONS       
    32                                                      # OF SATELLITES     
  6371.0                                                    BASE RADIUS         
     2                                                      MAP DIMENSION       
   450.0 450.0   0.0                                        HGT1 / HGT2 / DHGT  
    87.5 -87.5  -2.5                                        LAT1 / LAT2 / DLAT  
  -180.0 180.0   5.0                                        LON1 / LON2 / DLON  
    -1                                                      EXPONENT            
TEC values in 0.1 tec units;  9999, if no value available   COMMENT             
DCB values in nanoseconds, reference is Sum_of_SatDCBs = 0  COMMENT             
                                                            END OF HEADER       
[from data line 4290]
    11                                                      START OF TEC MAP    
  2021    10     4    20     0     0                        EPOCH OF CURRENT MAP
    87.5-180.0 180.0   5.0 450.0                            LAT/LON1/LON2/DLON/H
   64   65   65   66   66   67   68   68   68   69   69   70   71   71   71   71
   71   72   71   72   72   71   71   71   70   70   69   69   69   68   67   67
   66   65   65   64   64   63   63   62   61   61   60   60   60   60   59   59
   59   58   58   57   57   57   57   57   57   57   57   57   58   58   58   59
   59   60   61   61   62   62   63   63   64
    85.0-180.0 180.0   5.0 450.0                            LAT/LON1/LON2/DLON/H
   63   64   65   66   67   69   70   72   72   74   75   76   77   78   80   80
   80   81   80   79   79   79   78   78   77   76   75   73   72   71   69   68
   67   66   65   64   63   62   61   59   59   58   57   56   56   55   55   54
   54   54   53   53   52   52   52   51   51   51   51   52   52   53   53   54
   55   57   58   59   60   61   62   62   63
    82.5-180.0 180.0   5.0 450.0                            LAT/LON1/LON2/DLON/H
   62   63   64   66   68   70   71   73   75   77   79   81   83   85   86   88
   89   90   90   90   89   87   85   84   82   80   78   77   74   72   70   68
   67   65   64   62   61   60   59   58   57   55   54   53   51   50   50   49
   49   48   48   48   48   47   47   47   47   47   47   47   47   48   49   50
   51   53   54   55   57   58   59   60   62
    80.0-180.0 180.0   5.0 450.0                            LAT/LON1/LON2/DLON/H
   61   62   64   66   68   70   73   76   79   82   84   88   91   94   96   98
   99  100   99   99   98   95   91   89   86   83   79   77   73   70   68   66
   65   63   62   62   61   59   58   56   55   53   52   50   48   47   46   45
   44   43   43   43   42   42   42   42   42   43   43   43   44   44   45   46
   47   49   51   53   55   56   58   59   61
    77.5-180.0 180.0   5.0 450.0                            LAT/LON1/LON2/DLON/H
   61   63   65   67   69   72   74   77   81   85   90   94   97  100  103  105
  106  107  106  104  103  101   93   92   86   82   78   74   71   69   66   63
   62   60   59   59   57   56   55   54   53   51   49   47   45   43   43   41
   41   40   40   39   38   38   38   38   38   38   39   39   40   41   41   42
   44   46   48   51   53   55   57   59   61
    75.0-180.0 180.0   5.0 450.0                            LAT/LON1/LON2/DLON/H
   63   65   68   70   72   74   77   80   85   88   93   98  103  108  112  115
  116  114  112  109  105  100   93   91   85   81   75   71   68   65   62   60
   58   57   56   54   54   54   53   52   51   49   47   44   42   40   39   38
   37   37   37   36   35   35   34   34   34   34   34   35   35   36   37   39
   42   44   47   49   53   55   58   61   63
    72.5-180.0 180.0   5.0 450.0                            LAT/LON1/LON2/DLON/H
   67   70   72   75   77   79   82   84   88   93   98  103  109  115  119  120
  119  117  114  110  105  100   93   88   82   77   71   68   63   60   58   56
   54   53   52   52   50   48   49   47   46   45   42   40   38   36   35   34
   33   34   33   33   32   31   30   29   29   29   29   29   30   31   33   35
   38   40   44   48   52   56   60   63   67
    70.0-180.0 180.0   5.0 450.0                            LAT/LON1/LON2/DLON/H
   71   75   78   81   83   85   87   90   93   97  103  109  114  119  122  123
  123  122  117  112  106  100   93   87   81   74   68   65   61   58   56   53
   52   50   48   47   46   45   43   42   41   39   37   35   33   31   30   28
   28   29   29   30   29   28   27   25   24   23   23   24   24   26   28   30
   33   37   41   46   51   56   62   66   71
    67.5-180.0 180.0   5.0 450.0                            LAT/LON1/LON2/DLON/H
   75   81   85   88   90   92   94   95   98  102  108  113  118  123  126  128
  128  125  121  115  108  102   96   89   83   75   70   67   63   59   56   54
   51   48   46   44   42   41   40   37   36   35   33   30   28   27   25   25
   25   26   26   26   26   24   23   22   21   19   19   19   19   21   23   26
   29   33   38   44   50   57   64   70   75
    65.0-180.0 180.0   5.0 450.0                            LAT/LON1/LON2/DLON/H
   80   86   91   95   98   99  100  101  103  107  112  116  121  126  129  131
  131  128  124  119  113  107  102   96   89   82   77   73   69   65   63   58
   54   51   47   44   41   40   38   36   34   32   30   29   26   25   24   24
   25   25   26   25   24   23   22   20   18   17   16   16   17   18   20   23
   26   31   36   43   50   58   65   73   80
    62.5-180.0 180.0   5.0 450.0                            LAT/LON1/LON2/DLON/H
   83   90   97  101  104  105  106  107  108  111  115  120  125  129  132  135
  134  131  129  124  119  114  110  105   99   93   87   83   79   76   72   67
   62   57   51   47   43   41   39   37   34   33   30   29   28   27   27   27
   28   28   28   27   25   23   22   20   18   17   17   16   17   18   20   22
   26   30   35   41   50   57   66   75   83
    60.0-180.0 180.0   5.0 450.0                            LAT/LON1/LON2/DLON/H
   85   93  101  106  110  111  112  113  114  116  119  124  128  132  136  138
  138  136  133  129  125  121  118  113  108  103   98   95   91   87   82   77
   71   65   58   52   48   44   42   40   38   36   35   34   33   33   33   33
   33   34   33   32   28   26   24   22   21   20   19   19   20   21   22   24
   27   29   35   41   49   57   66   76   85
    57.5-180.0 180.0   5.0 450.0                            LAT/LON1/LON2/DLON/H
   87   95  103  110  114  117  118  119  120  122  126  130  133  136  139  141
  140  139  137  134  131  128  124  120  115  111  106  104  101   97   92   87
   81   73   66   60   54   50   48   47   45   44   43   43   42   41   42   42
   41   41   40   38   35   32   30   28   26   26   25   25   26   27   27   29
   30   33   37   43   50   57   67   76   87
    55.0-180.0 180.0   5.0 450.0                            LAT/LON1/LON2/DLON/H
   88   98  107  113  119  123  125  127  128  130  132  135  138  140  142  143
  143  142  140  138  135  132  129  125  121  117  113  111  109  106  103   97
   89   81   74   69   64   60   58   57   56   54   53   52   52   52   52   51
   50   49   47   45   42   40   38   36   34   34   34   34   35   35   35   36
   36   38   41   46   52   59   68   79   88
    52.5-180.0 180.0   5.0 450.0                            LAT/LON1/LON2/DLON/H
   92  102  111  119  125  130  134  136  138  139  140  141  143  144  144  145
  145  144  142  140  137  134  131  128  124  121  118  118  116  115  111  105
   97   88   82   77   74   72   70   69   67   65   64   62   62   62   62   61
   61   59   57   54   51   49   47   46   45   45   45   46   45   45   44   43
   43   43   46   50   56   64   72   82   92
    50.0-180.0 180.0   5.0 450.0                            LAT/LON1/LON2/DLON/H
   98  108  116  124  131  138  143  147  149  150  149  149  148  147  147  147
  147  145  143  140  137  135  132  130  126  125  123  124  124  122  118  111
  102   94   88   85   83   82   81   80   77   75   73   71   71   71   71   70
   70   69   68   65   62   59   58   56   56   56   57   56   56   55   53   51
   48   48   51   56   62   70   79   89   98
    47.5-180.0 180.0   5.0 450.0                            LAT/LON1/LON2/DLON/H
  106  115  123  130  138  146  152  157  160  161  160  157  156  153  151  150
  148  146  143  140  137  135  133  132  130  130  129  130  130  130  123  115
  104   96   91   89   89   90   90   88   85   82   79   78   77   78   78   78
   79   78   78   76   73   71   69   67   67   67   67   66   65   63   60   56
   53   53   56   62   69   77   88   97  106
    45.0-180.0 180.0   5.0 450.0                            LAT/LON1/LON2/DLON/H
  115  123  129  136  144  151  159  165  169  171  169  166  163  159  156  154
  151  149  145  142  139  137  136  136  136  136  137  138  138  136  128  118
  105   96   91   90   92   94   94   92   89   85   82   81   81   82   83   85
   87   88   88   87   84   82   80   78   77   76   75   73   71   68   64   60
   57   57   61   68   77   87   97  106  115
    42.5-180.0 180.0   5.0 450.0                            LAT/LON1/LON2/DLON/H
  124  130  136  141  148  156  163  170  175  178  177  174  170  166  162  159
  155  153  149  146  143  142  142  143  145  146  146  146  146  142  134  121
  105   94   89   89   93   95   96   94   90   87   84   83   84   85   88   91
   94   96   96   95   94   91   89   88   85   83   80   77   74   69   65   60
   58   59   64   73   84   95  107  116  124
    40.0-180.0 180.0   5.0 450.0                            LAT/LON1/LON2/DLON/H
  132  138  143  146  152  158  166  172  178  182  182  180  176  172  168  165
  162  159  156  153  150  150  151  154  157  158  157  156  154  150  141  126
  108   95   88   88   92   95   96   94   90   87   85   85   86   88   91   95
   98  101  102  101  100   98   96   93   90   86   81   77   73   69   65   61
   58   60   67   77   90  103  114  125  132
    37.5-180.0 180.0   5.0 450.0                            LAT/LON1/LON2/DLON/H
  139  145  149  153  156  161  167  174  180  185  186  184  182  178  175  172
  170  168  165  163  160  160  163  167  171  172  171  168  166  161  153  136
  116  100   92   91   93   96   96   94   91   88   88   88   88   90   93   97
  100  103  103  103  102  100   97   94   90   86   81   77   73   68   64   61
   58   60   69   81   95  108  122  131  139
    35.0-180.0 180.0   5.0 450.0                            LAT/LON1/LON2/DLON/H
  145  152  157  159  162  165  170  175  182  186  189  189  186  183  180  178
  178  177  175  173  171  172  176  181  185  186  185  183  181  177  170  153
  133  114  102   98   99  101  100   97   95   93   92   92   92   92   94   97
  100  100  102  101   99   97   95   92   88   84   79   75   71   66   63   60
   59   62   72   85  100  114  126  137  145
    32.5-180.0 180.0   5.0 450.0                            LAT/LON1/LON2/DLON/H
  151  159  165  168  170  172  176  180  185  189  193  193  191  189  186  185
  184  185  186  184  183  184  188  193  197  200  199  200  201  199  194  178
  157  136  120  113  111  111  108  104  101   99   99   98   97   95   95   96
   97   97   97   95   94   93   91   89   85   81   77   72   69   65   62   59
   60   65   75   89  104  118  131  142  151
    30.0-180.0 180.0   5.0 450.0                            LAT/LON1/LON2/DLON/H
  158  168  175  180  182  185  188  190  193  196  199  198  197  195  192  191
  191  193  194  194  194  195  198  203  209  213  215  219  225  228  224  211
  189  165  145  136  131  126  121  115  111  110  109  105  102   99   97   96
   95   93   92   90   89   88   86   84   81   78   73   70   66   64   61   60
   61   67   79   92  107  121  134  147  158
    27.5-180.0 180.0   5.0 450.0                            LAT/LON1/LON2/DLON/H
  165  176  187  194  199  203  207  208  208  208  208  206  204  201  198  197
  198  199  201  203  203  204  208  213  219  225  232  243  254  261  261  252
  228  203  181  169  160  149  138  126  122  123  121  113  107  104  100   96
   95   91   88   86   85   83   81   78   76   73   69   66   64   62   60   60
   63   70   83   96  111  124  137  152  165
    25.0-180.0 180.0   5.0 450.0                            LAT/LON1/LON2/DLON/H
  174  188  201  212  220  226  230  231  230  227  224  220  215  211  207  205
  204  207  210  212  213  213  216  222  229  239  251  272  288  303  308  299
  274  246  222  209  192  171  149  135  132  131  129  118  111  107  103   99
   96   92   87   84   82   79   77   74   71   68   65   62   61   59   59   59
   63   73   86  101  115  128  143  158  174
    22.5-180.0 180.0   5.0 450.0                            LAT/LON1/LON2/DLON/H
  185  201  217  231  242  251  257  262  259  254  246  239  233  227  221  218
  217  220  223  225  224  223  226  233  244  258  275  305  332  352  360  348
  329  283  267  239  212  180  150  139  134  131  127  120  115  112  106  102
  100   95   90   85   81   78   75   72   69   65   61   59   58   57   57   58
   62   73   88  104  121  136  151  169  185
    20.0-180.0 180.0   5.0 450.0                            LAT/LON1/LON2/DLON/H
  199  216  234  249  264  278  287  293  291  285  276  266  257  250  242  237
  236  239  242  244  242  239  242  251  264  284  307  340  373  398  409  395
  368  315  286  249  213  178  144  133  128  123  119  118  121  118  112  108
  105   99   94   89   85   81   77   73   69   65   60   57   56   56   55   56
   60   72   88  106  125  144  162  180  199
    17.5-180.0 180.0   5.0 450.0                            LAT/LON1/LON2/DLON/H
  213  230  249  266  285  301  315  324  324  318  308  296  287  277  270  264
  263  267  269  271  267  263  266  275  289  314  341  372  402  426  433  410
  365  310  270  221  188  161  132  121  115  114  115  120  126  124  118  113
  111  103  101   97   92   87   82   77   71   65   61   58   56   55   54   55
   59   72   89  110  131  152  173  193  213
    15.0-180.0 180.0   5.0 450.0                            LAT/LON1/LON2/DLON/H
  227  245  263  281  301  319  338  350  352  346  339  327  319  311  307  301
  300  303  304  306  300  294  294  301  318  346  375  399  418  434  430  392
  336  274  228  185  155  140  118  108  106  111  117  125  129  128  126  120
  118  111  107  104   98   93   88   81   73   67   62   59   57   56   55   55
   59   72   91  115  138  160  183  205  227
    12.5-180.0 180.0   5.0 450.0                            LAT/LON1/LON2/DLON/H
  239  258  275  293  312  331  350  366  373  370  364  359  353  349  348  344
  343  348  349  350  342  334  328  332  348  375  399  415  425  427  409  357
  298  238  190  154  133  126  113  105  108  117  126  132  134  135  134  130
  128  119  114  108  103   98   92   83   74   68   63   60   59   57   55   55
   60   73   94  119  145  169  192  217  239
    10.0-180.0 180.0   5.0 450.0                            LAT/LON1/LON2/DLON/H
  251  269  286  303  320  337  356  373  383  385  384  383  383  385  389  389
  390  396  399  399  390  379  368  368  378  396  413  423  425  417  388  327
  269  215  168  140  125  122  118  116  121  131  140  146  148  147  145  138
  135  126  119  111  106   99   91   83   75   68   64   62   60   58   56   55
   60   76   98  125  152  177  201  229  251
     7.5-180.0 180.0   5.0 450.0                            LAT/LON1/LON2/DLON/H
  262  280  296  312  327  341  355  370  382  391  396  401  406  414  423  430
  436  444  451  451  439  425  408  400  402  413  422  428  425  406  368  311
  257  207  167  144  135  137  141  144  148  156  163  170  171  167  160  151
  143  131  120  112  104   95   87   80   74   68   64   62   61   60   58   55
   61   76   99  128  156  183  211  238  262
     5.0-180.0 180.0   5.0 450.0                            LAT/LON1/LON2/DLON/H
  270  290  306  321  335  345  355  366  377  388  398  407  418  431  445  459
  470  483  493  492  483  465  443  425  419  423  427  429  419  394  355  307
  259  216  189  172  166  172  182  188  188  191  197  204  200  192  183  170
  158  136  121  109   99   90   82   76   72   68   64   63   63   62   59   57
   61   77  100  127  157  185  215  245  270
     2.5-180.0 180.0   5.0 450.0                            LAT/LON1/LON2/DLON/H
  273  297  316  332  345  353  359  364  372  382  392  404  418  434  453  470
  488  505  518  520  511  491  466  444  431  427  427  422  408  384  351  313
  276  246  227  215  210  219  231  233  229  228  233  238  231  224  213  187
  169  141  120  104   93   83   76   72   69   67   64   62   63   63   61   58
   63   78  100  127  155  184  215  246  273
