data/IONEX/CVBB2770.21i
     1.0            IONOSPHERE MAPS     MIX                 IONEX VERSION / TYPE
cmpcmb v1.2          GRL/UWM            27-oct-21 23:17     PGM / RUN BY / DATE 
ionex file containing IGS COMBINED Ionosphere maps          COMMENT             
global ionosphere maps for day 277, 2021                    DESCRIPTION         
IONEX file containing the COMBINED IGS TEC MAPS and DCBs    DESCRIPTION         
      IONEX files of the following IAACs were combined: cod DESCRIPTION         
                                                        esa DESCRIPTION         
                                                        jpl DESCRIPTION         
                                                        upc DESCRIPTION         
Contact address: Andrzej Krankowski                         DESCRIPTION
                 Geodynamics Research Laboratory            DESCRIPTION
                 University of Warmia and Mazury (GRL/UWM)  DESCRIPTION
                 Oczapowski St. 1                           DESCRIPTION
                 10-957-Olsztyn, POLAND                     DESCRIPTION
                 e-mail:  kand@uwm.edu.pl                   DESCRIPTION
                                                            DESCRIPTION         
  2021    10     4     0     0     0                        EPOCH OF FIRST MAP  
  2021    10     5     0     0     0                        EPOCH OF LAST MAP   
  7200                                                      INTERVAL            
    13                                                      # OF MAPS IN FILE   
  COSZ                                                      MAPPING FUNCTION    
     0.0                                                    ELEVATION CUTOFF    
combined TEC calculated as weighted mean of input TEC valuesOBSERVABLES USED    
   354                                                      # OF STATIONS       
    32                                                      # OF SATELLITES     
  6371.0                                                    BASE RADIUS         
     2                                                      MAP DIMENSION       
   450.0 450.0   0.0                                        HGT1 / HGT2 / DHGT  
    87.5 -87.5  -2.5                                        LAT1 / LAT2 / DLAT  
  -180.0 180.0   5.0                                        LON1 / LON2 / DLON  
    -1                                                      EXPONENT            
TEC values in 0.1 tec units;  9999, if no value available   COMMENT             
DCB values in nanoseconds, reference is Sum_of_SatDCBs = 0  COMMENT             
                                                            END OF HEADER       
[from data line 429]
     2                                                      START OF TEC MAP    
  2021    10     4     2     0     0                        EPOCH OF CURRENT MAP
    87.5-180.0 180.0   5.0 450.0                            LAT/LON1/LON2/DLON/H
   59   58   58   58   58   58   57   57   56   56   56   56   56   56   56   56
   56   56   56   55   55   54   54   53   53   52   52   51   51   50   50   50
   50   50   50   50   50   50   50   51   51   51   52   52   52   53   53   54
   54   55   55   56   56   56   57   57   57   58   58   59   59   59   60   60
   59   59   59   59   59   59   59   58   59
    85.0-180.0 180.0   5.0 450.0                            LAT/LON1/LON2/DLON/H
   65   64   64   63   62   62   61   61   60   60   59   58   58   57   57   56
   56   55   56   57   56   55   54   53   53   51   50   49   49   47   46   47
   46   45   45   44   44   44   44   44   45   46   46   46   47   48   49   50
   52   54   55   55   56   57   58   59   60   61   62   63   64   64   65   65
   66   66   66   66   66   66   65   65   65
    82.5-180.0 180.0   5.0 450.0                            LAT/LON1/LON2/DLON/H
   72   71   70   69   67   66   66   66   64   64   62   61   61   60   59   58
   57   57   55   54   54   55   57   58   52   51   48   45   43   41   40   39
   38   37   37   37   37   38   38   39   40   41   42   43   44   45   47   48
   49   51   52   54   56   57   59   60   62   63   65   67   69   70   71   73
   74   75   75   76   75   75   74   73   72
    80.0-180.0 180.0   5.0 450.0                            LAT/LON1/LON2/DLON/H
   82   80   79   77   74   71   69   67   65   63   62   61   61   61   61   62
   61   60   60   59   57   56   59   58   52   48   45   43   40   38   36   34
   33   33   33   33   34   35   36   37   38   39   40   41   42   44   45   46
   47   49   51   52   55   57   58   61   63   66   68   71   73   76   79   81
   82   84   85   85   86   85   85   84   82
    77.5-180.0 180.0   5.0 450.0                            LAT/LON1/LON2/DLON/H
   93   91   88   84   80   77   74   71   69   66   64   63   63   63   63   64
   65   65   64   64   64   63   59   59   54   51   47   44   40   38   36   34
   33   32   31   31   32   34   35   36   38   39   40   41   42   43   43   44
   45   47   48   50   53   55   57   60   63   67   70   74   77   81   84   87
   90   92   94   95   96   96   96   95   93
    75.0-180.0 180.0   5.0 450.0                            LAT/LON1/LON2/DLON/H
  102   99   95   90   87   84   80   75   70   67   64   64   65   65   65   64
   63   64   64   65   66   66   63   61   59   54   50   45   43   39   37   34
   33   33   33   34   34   35   36   37   38   39   40   40   40   41   41   42
   43   44   45   48   50   52   56   59   63   67   71   76   80   84   88   92
   95   98  101  103  105  105  106  105  102
    72.5-180.0 180.0   5.0 450.0                            LAT/LON1/LON2/DLON/H
  109  106  102   98   93   89   84   79   75   69   67   65   64   61   61   61
   61   62   63   64   65   65   64   63   61   59   55   49   45   41   39   37
   35   35   35   36   37   38   38   39   39   39   39   39   38   38   38   38
   39   41   42   45   48   51   55   59   64   69   73   78   82   86   90   94
   99  102  105  109  111  112  113  111  109
    70.0-180.0 180.0   5.0 450.0                            LAT/LON1/LON2/DLON/H
  113  111  107  103   99   94   89   85   79   73   68   64   60   58   58   56
   57   57   60   60   62   62   64   62   61   59   57   53   48   45   43   41
   40   39   38   39   39   40   39   39   38   38   37   37   36   35   35   35
   36   38   40   43   47   52   57   62   68   72   76   81   84   88   92   96
  100  103  107  111  113  115  116  115  113
    67.5-180.0 180.0   5.0 450.0                            LAT/LON1/LON2/DLON/H
  115  113  110  106  102   98   93   89   83   77   70   64   59   56   53   51
   50   51   53   54   57   58   59   60   58   57   56   54   51   49   47   45
   44   43   42   41   40   39   38   37   35   34   34   33   33   32   32   33
   35   37   40   44   50   55   61   67   72   77   82   85   88   91   94   97
  100  103  107  111  113  115  116  116  115
    65.0-180.0 180.0   5.0 450.0                            LAT/LON1/LON2/DLON/H
  114  112  109  107  103   99   96   92   87   82   74   66   59   54   50   47
   44   44   46   47   50   51   53   55   54   52   53   52   50   49   48   47
   46   45   43   41   40   38   36   35   32   31   31   30   31   31   31   33
   35   38   42   48   54   61   68   74   80   85   88   91   93   96   97   99
  102  104  107  110  112  114  115  115  114
    62.5-180.0 180.0   5.0 450.0                            LAT/LON1/LON2/DLON/H
  112  111  108  106  103  100   97   94   89   84   78   69   61   55   49   44
   41   40   40   41   43   45   47   49   49   47   48   49   49   49   49   48
   46   46   43   40   38   36   34   32   30   29   30   30   30   31   33   35
   37   41   46   53   60   68   75   82   88   93   96   98   99  101  102  104
  106  107  109  111  113  114  114  113  112
    60.0-180.0 180.0   5.0 450.0                            LAT/LON1/LON2/DLON/H
  112  110  107  105  102  100   97   94   91   86   80   73   65   58   50   45
   41   39   38   39   39   41   42   43   44   44   44   46   47   47   46   46
   45   44   42   39   36   35   33   32   31   31   32   32   33   35   37   38
   41   45   51   58   65   75   82   89   95  100  103  105  107  109  110  111
  113  114  115  116  117  117  115  114  112
    57.5-180.0 180.0   5.0 450.0                            LAT/LON1/LON2/DLON/H
  116  113  109  107  103  101   99   95   91   86   81   76   69   63   56   50
   46   41   40   39   39   39   39   39   40   41   42   43   45   44   44   43
   43   43   41   38   36   36   35   35   36   36   37   38   38   40   41   43
   46   50   57   64   71   80   87   95  101  106  109  113  116  119  121  122
  124  125  126  126  125  123  121  119  116
    55.0-180.0 180.0   5.0 450.0                            LAT/LON1/LON2/DLON/H
  123  118  114  111  108  105  102   98   93   87   82   77   73   69   64   58
   53   48   45   43   42   41   40   40   40   39   41   43   44   44   43   42
   42   43   42   41   41   41   42   43   44   46   46   46   46   46   47   49
   51   56   62   70   77   84   92   98  104  110  116  121  126  130  134  136
  138  139  140  139  137  134  130  126  123
    52.5-180.0 180.0   5.0 450.0                            LAT/LON1/LON2/DLON/H
  132  126  122  118  114  111  107  102   95   88   83   79   76   73   70   66
   61   56   53   50   48   47   46   46   44   44   45   46   46   46   46   45
   45   45   46   47   48   50   53   55   56   57   57   55   53   52   52   54
   58   63   69   76   83   88   94  100  106  113  120  128  135  140  146  151
  154  155  156  154  151  147  142  137  132
    50.0-180.0 180.0   5.0 450.0                            LAT/LON1/LON2/DLON/H
  142  136  130  126  123  119  114  108  100   92   85   80   78   76   74   71
   67   64   61   59   58   58   56   55   52   52   52   53   53   52   51   51
   51   51   53   55   57   61   63   66   68   68   66   63   60   57   56   59
   65   70   77   84   89   94   99  103  109  116  124  133  141  149  157  163
  167  170  169  168  164  159  154  148  142
    47.5-180.0 180.0   5.0 450.0                            LAT/LON1/LON2/DLON/H
  150  144  138  133  129  127  122  116  107   98   89   83   80   78   77   74
   71   69   68   67   68   69   67   66   63   62   61   62   62   61   60   59
   59   60   62   64   67   70   73   76   77   76   73   69   64   61   61   65
   71   80   88   94   98  102  105  109  114  121  129  138  147  155  164  172
  177  180  180  178  174  170  164  157  150
    45.0-180.0 180.0   5.0 450.0                            LAT/LON1/LON2/DLON/H
  154  147  141  137  134  132  129  124  115  106   96   88   83   81   78   76
   72   71   71   72   76   78   78   77   75   72   71   71   72   71   70   68
   68   69   70   72   75   78   80   82   82   81   78   73   68   64   65   70
   79   89   98  104  109  112  114  117  122  128  135  144  152  161  169  177
  183  186  188  186  182  177  171  163  154
    42.5-180.0 180.0   5.0 450.0                            LAT/LON1/LON2/DLON/H
  156  147  140  137  136  136  135  132  124  115  104   94   88   85   81   77
   72   71   72   76   82   86   87   86   83   81   79   78   78   78   77   76
   76   77   76   78   80   82   83   84   84   83   79   74   70   68   69   76
   87   99  108  116  120  123  124  127  132  137  144  151  158  164  170  178
  184  189  191  191  188  181  174  165  156
    40.0-180.0 180.0   5.0 450.0                            LAT/LON1/LON2/DLON/H
  154  144  137  134  134  136  139  138  133  123  113  103   95   90   85   79
   74   72   74   80   88   92   94   92   90   86   83   82   82   82   82   81
   81   80   79   80   81   82   83   83   83   82   79   76   73   72   75   84
   96  109  119  127  132  134  136  139  143  148  153  159  163  167  171  179
  185  191  196  197  194  186  176  165  154
    37.5-180.0 180.0   5.0 450.0                            LAT/LON1/LON2/DLON/H
  153  143  136  133  134  139  142  144  141  134  124  113  105   98   91   84
   77   75   79   85   93   97   98   96   93   88   85   84   84   84   83   82
   81   80   79   78   79   80   81   82   81   80   79   78   76   76   81   91
  104  116  127  135  141  144  145  148  152  157  161  166  168  171  176  184
  191  199  205  207  203  194  181  166  153
    35.0-180.0 180.0   5.0 450.0                            LAT/LON1/LON2/DLON/H
  159  148  141  138  139  143  147  149  149  144  135  124  115  108  100   91
   84   81   84   91   98  101  100   97   93   89   85   83   83   82   81   79
   78   77   76   76   76   78   79   79   79   80   81   80   80   81   85   95
  107  119  131  140  145  148  151  155  159  164  168  172  175  180  187  196
  206  216  223  225  222  210  194  176  159
    32.5-180.0 180.0   5.0 450.0                            LAT/LON1/LON2/DLON/H
  178  165  158  154  152  153  155  156  156  152  144  134  127  119  110  100
   92   89   90   96  101  101   98   95   91   88   84   82   80   78   77   74
   74   73   73   74   75   76   78   78   80   82   83   83   83   83   87   95
  106  119  130  139  145  149  155  160  164  169  174  179  184  194  206  221
  234  246  255  257  252  238  218  196  178
    30.0-180.0 180.0   5.0 450.0                            LAT/LON1/LON2/DLON/H
  212  200  191  184  178  173  170  167  164  158  152  143  136  130  120  108
  100   96   96   99  100   97   93   90   87   85   82   80   77   75   72   70
   70   71   73   75   76   76   78   80   82   84   85   84   83   83   85   92
  103  117  128  137  143  149  155  161  167  172  179  187  198  215  236  258
  277  292  306  303  292  275  254  231  212
    27.5-180.0 180.0   5.0 450.0                            LAT/LON1/LON2/DLON/H
  264  252  242  230  218  205  194  183  175  166  158  149  142  136  126  114
  106  101   99   97   95   89   84   83   83   83   82   79   76   73   71   70
   71   73   76   79   80   79   81   83   85   86   86   84   82   81   82   87
   98  112  124  134  142  148  155  162  168  175  185  197  216  242  272  303
  333  349  361  356  343  325  300  278  264
    25.0-180.0 180.0   5.0 450.0                            LAT/LON1/LON2/DLON/H
  332  316  311  293  273  251  229  206  189  174  162  153  146  140  128  116
  106  100   97   92   87   81   78   79   81   84   83   81   77   75   73   73
   75   80   84   87   86   85   86   87   87   87   84   81   77   75   75   81
   93  107  121  132  140  147  154  162  169  178  192  209  236  271  312  353
  383  402  414  409  397  380  356  341  332
    22.5-180.0 180.0   5.0 450.0                            LAT/LON1/LON2/DLON/H
  399  394  379  362  336  304  276  241  210  188  171  157  147  139  127  113
  101   94   89   84   78   75   75   79   84   88   88   86   83   81   80   80
   83   89   95   98   95   92   92   90   88   85   80   75   70   68   68   75
   87  103  118  131  140  147  155  165  174  184  201  224  257  299  347  394
  424  442  452  450  446  429  411  402  399
    20.0-180.0 180.0   5.0 450.0                            LAT/LON1/LON2/DLON/H
  450  453  445  430  403  368  325  284  243  210  185  167  152  140  125  109
   94   84   80   76   73   73   78   85   92   96   96   94   92   91   90   91
   96  103  109  110  104   98   95   90   86   80   74   68   62   59   60   68
   82  100  118  131  141  149  159  170  180  194  214  240  277  321  367  411
  441  456  462  466  465  459  450  447  450
    17.5-180.0 180.0   5.0 450.0                            LAT/LON1/LON2/DLON/H
  475  484  486  476  456  422  380  333  283  242  208  185  165  148  129  109
   90   78   74   72   73   78   87   96  104  107  107  105  103  102  103  104
  109  118  122  120  111  104   96   88   80   72   65   59   54   51   53   63
   80  100  119  132  143  153  166  179  191  207  229  258  295  336  374  407
  429  439  446  450  455  461  461  466  475
    15.0-180.0 180.0   5.0 450.0                            LAT/LON1/LON2/DLON/H
  475  491  502  501  489  464  426  378  323  275  238  211  188  166  142  118
   96   81   75   77   81   90  102  113  117  118  116  115  113  113  113  117
  122  129  133  126  115  105   93   83   74   64   57   51   47   45   48   61
   80  102  121  135  147  161  175  189  204  221  247  276  311  345  374  395
  404  405  410  417  429  440  448  457  475
    12.5-180.0 180.0   5.0 450.0                            LAT/LON1/LON2/DLON/H
  457  477  492  503  500  485  454  409  357  309  271  242  217  195  166  140
  115   99   91   94  101  112  123  132  132  130  126  124  122  123  124  126
  129  135  137  128  115  101   89   79   68   59   51   45   42   42   47   60
   81  105  124  139  152  166  182  199  215  234  262  291  322  350  370  378
  377  370  372  380  394  407  420  436  457
    10.0-180.0 180.0   5.0 450.0                            LAT/LON1/LON2/DLON/H
  427  447  466  483  490  483  461  425  379  335  302  273  250  229  202  173
  150  134  125  128  134  143  150  152  149  143  138  135  133  132  132  130
  132  136  135  126  112   97   85   75   65   56   48   43   41   41   47   60
   82  106  126  142  156  171  187  205  222  243  271  301  330  353  365  363
  355  344  342  350  366  381  395  409  427
     7.5-180.0 180.0   5.0 450.0                            LAT/LON1/LON2/DLON/H
  403  418  433  450  460  463  451  428  392  356  326  305  286  266  244  217
  195  182  174  174  176  181  178  170  163  155  150  148  145  142  140  132
  133  132  129  120  107   94   83   74   65   56   49   44   42   42   46   59
   81  105  125  142  157  174  191  209  226  247  274  305  332  353  361  354
  342  331  327  333  348  363  378  389  403
     5.0-180.0 180.0   5.0 450.0                            LAT/LON1/LON2/DLON/H
  389  397  406  417  427  434  432  419  395  369  346  329  316  301  282  260
  242  232  225  223  219  216  202  185  172  165  162  160  156  151  148  136
  131  127  121  113  103   92   83   74   66   58   52   48   44   42   46   58
   79  102  123  141  157  175  192  207  224  245  271  302  331  351  360  354
  343  333  328  333  344  358  370  380  389
     2.5-180.0 180.0   5.0 450.0                            LAT/LON1/LON2/DLON/H
  387  390  391  393  400  407  410  405  390  373  357  345  335  323  309  293
  280  271  267  263  253  239  218  194  179  173  170  169  166  160  154  140
  130  121  113  106   98   91   84   78   71   64   57   52   47   44   45   57
   74   97  119  138  155  172  189  203  218  237  263  294  326  352  365  366
  357  348  345  348  357  367  376  383  387
