data/IONEX/CVBB2820.21i
     1.0            IONOSPHERE MAPS     MIX                 IONEX VERSION / TYPE
cmpcmb v1.2          GRL/UWM            27-oct-21 23:46     PGM / RUN BY / DATE 
ionex file containing IGS COMBINED Ionosphere maps          COMMENT             
global ionosphere maps for day 282, 2021                    DESCRIPTION         
IONEX file containing the COMBINED IGS TEC MAPS and DCBs    DESCRIPTION         
      IONEX files of the following IAACs were combined: cod DESCRIPTION         
                                                        esa DESCRIPTION         
                                                        jpl DESCRIPTION         
                                                        upc DESCRIPTION         
Contact address: Andrzej Krankowski                         DESCRIPTION
                 Geodynamics Research Laboratory            DESCRIPTION
                 University of Warmia and Mazury (GRL/UWM)  DESCRIPTION
                 Oczapowski St. 1                           DESCRIPTION
                 10-957-Olsztyn, POLAND                     DESCRIPTION
                 e-mail:  kand@uwm.edu.pl                   DESCRIPTION
                                                            DESCRIPTION         
  2021    10     9     0     0     0                        EPOCH OF FIRST MAP  
  2021    10    10     0     0     0                        EPOCH OF LAST MAP   
  7200                                                      INTERVAL            
    13                                                      # OF MAPS IN FILE   
  COSZ                                                      MAPPING FUNCTION    
     0.0                                                    ELEVATION CUTOFF    
combined TEC calculated as weighted mean of input TEC valuesOBSERVABLES USED    
   353                                                      # OF STATIONS       
    32                                                      # OF SATELLITES     
  6371.0                                                    BASE RADIUS         
     2                                                      MAP DIMENSION       
   450.0 450.0   0.0                                        HGT1 / HGT2 / DHGT  
    87.5 -87.5  -2.5                                        LAT1 / LAT2 / DLAT  
  -180.0 180.0   5.0                                        LON1 / LON2 / DLON  
    -1                                                      EXPONENT            
TEC values in 0.1 tec units;  9999, if no value available   COMMENT             
DCB values in nanoseconds, reference is Sum_of_SatDCBs = 0  COMMENT             
                                                            END OF HEADER       
[from data line 429]
     2                                                      START OF TEC MAP    
  2021    10     9     2     0     0                        EPOCH OF CURRENT MAP
    87.5-180.0 180.0   5.0 450.0                            LAT/LON1/LON2/DLON/H
   71   71   72   72   72   72   72   71   71   71   71   71   70   70   70   70
   69   69   69   68   68   67   66   65   64   63   61   61   61   60   59   59
   59   58   58   58   58   57   57   57   57   58   58   59   59   59   60   60
   61   62   63   63   64   65   66   66   67   68   68   69   69   70   70   70
   70   71   71   71   71   71   71   71   71
    85.0-180.0 180.0   5.0 450.0                            LAT/LON1/LON2/DLON/H
   76   75   75   76   76   76   76   75   75   75   75   74   74   73   73   73
   71   70   69   68   67   66   64   62   60   59   57   56   54   53   52   51
   50   49   49   48   48   48   47   48   48   48   49   49   50   51   52   53
   55   56   57   58   59   62   63   65   66   68   69   70   70   71   71   72
   73   73   74   74   75   75   75   75   76
    82.5-180.0 180.0   5.0 450.0                            LAT/LON1/LON2/DLON/H
   78   78   77   76   76   76   75   75   74   74   73   73   73   73   72   71
   70   70   69   68   66   64   63   61   58   56   53   51   49   48   46   45
   43   42   41   40   40   39   40   40   40   41   41   42   43   44   46   47
   48   49   51   53   55   57   60   62   65   67   69   70   71   72   73   75
   76   77   78   78   78   79   79   78   78
    80.0-180.0 180.0   5.0 450.0                            LAT/LON1/LON2/DLON/H
   81   80   79   78   77   75   74   73   72   72   71   71   70   70   70   69
   68   67   67   66   64   63   61   55   54   53   51   49   46   44   42   39
   38   36   35   34   34   34   34   35   35   35   36   37   37   39   40   42
   43   45   47   49   51   54   56   59   62   65   68   70   71   73   76   78
   79   81   82   83   83   83   83   82   81
    77.5-180.0 180.0   5.0 450.0                            LAT/LON1/LON2/DLON/H
   86   85   82   80   78   76   74   72   71   71   70   69   69   68   66   65
   64   63   62   61   61   59   57   55   52   49   47   45   43   41   39   36
   34   33   33   33   32   31   31   31   32   32   32   33   33   34   36   37
   39   41   43   46   49   51   54   57   60   64   67   69   72   76   79   82
   84   86   88   89   89   89   88   88   86
    75.0-180.0 180.0   5.0 450.0                            LAT/LON1/LON2/DLON/H
   93   90   87   84   81   78   76   73   71   70   68   66   65   63   60   59
   57   56   55   56   54   53   53   51   51   48   46   43   41   39   37   36
   34   33   33   32   32   31   31   30   30   31   30   30   31   32   33   34
   35   38   40   43   46   48   52   55   59   63   67   71   74   78   82   86
   89   92   94   96   96   97   96   95   93
    72.5-180.0 180.0   5.0 450.0                            LAT/LON1/LON2/DLON/H
  101   98   94   90   86   82   79   76   73   70   67   64   61   57   54   51
   49   47   48   47   47   48   48   48   47   46   45   43   41   39   38   36
   35   34   34   33   33   33   31   31   30   29   29   28   28   28   29   30
   33   35   38   41   44   47   50   55   58   63   68   73   77   81   86   90
   94   97  100  103  104  105  104  103  101
    70.0-180.0 180.0   5.0 450.0                            LAT/LON1/LON2/DLON/H
  109  105  101   97   93   88   84   81   76   72   68   64   58   53   48   44
   41   40   39   39   40   41   43   44   45   44   43   43   40   39   38   37
   36   36   35   34   34   33   31   29   28   27   26   25   25   25   26   27
   30   33   37   40   43   47   51   55   60   65   70   75   80   85   89   94
   99  103  106  109  111  113  113  112  109
    67.5-180.0 180.0   5.0 450.0                            LAT/LON1/LON2/DLON/H
  116  113  108  103   98   93   89   85   80   76   71   66   59   51   46   39
   36   34   33   32   35   37   40   42   43   42   41   41   39   39   38   37
   36   36   36   35   34   32   30   27   25   24   23   22   22   23   24   26
   29   32   36   41   45   49   54   59   64   69   74   79   84   88   93   98
  102  107  111  114  117  119  119  119  116
    65.0-180.0 180.0   5.0 450.0                            LAT/LON1/LON2/DLON/H
  121  118  113  108  102   97   93   88   84   81   76   69   62   53   46   39
   34   30   29   29   33   35   38   40   40   40   39   39   38   37   37   36
   36   35   34   33   31   29   27   25   23   21   21   21   21   22   24   26
   29   33   38   43   49   54   60   65   69   75   80   85   89   94   97  102
  106  109  113  118  120  123  123  123  121
    62.5-180.0 180.0   5.0 450.0                            LAT/LON1/LON2/DLON/H
  123  120  116  111  105  100   95   91   87   84   79   73   66   58   49   42
   35   31   30   30   33   36   38   39   39   38   38   37   36   35   35   34
   34   33   31   30   29   27   25   24   23   22   22   22   23   24   26   28
   31   36   42   48   54   61   67   72   77   82   87   92   95   99  102  106
  109  112  114  118  121  124  125  125  123
    60.0-180.0 180.0   5.0 450.0                            LAT/LON1/LON2/DLON/H
  124  121  117  113  107  100   96   92   88   84   80   75   69   62   54   47
   41   36   35   35   36   39   39   40   39   37   36   36   34   34   33   32
   33   32   30   29   28   27   26   25   25   25   25   26   27   28   30   32
   35   41   47   54   61   69   74   81   85   90   95   99  102  105  108  110
  112  114  116  118  121  123  125  125  124
    57.5-180.0 180.0   5.0 450.0                            LAT/LON1/LON2/DLON/H
  124  121  118  114  108  102   96   91   88   84   81   76   71   66   60   54
   49   45   43   43   43   43   43   42   40   38   36   36   34   34   33   33
   32   32   30   30   30   29   30   30   31   31   32   33   34   35   35   37
   40   46   53   61   68   76   83   88   93   98  102  105  108  111  113  115
  116  117  118  119  121  122  124  124  124
    55.0-180.0 180.0   5.0 450.0                            LAT/LON1/LON2/DLON/H
  125  123  120  116  111  104   98   93   88   84   81   77   73   69   65   61
   57   54   52   51   50   48   46   45   43   41   40   39   37   37   36   34
   34   34   33   34   35   35   37   38   40   41   42   42   42   42   41   43
   46   53   60   68   76   84   90   95   99  104  107  111  114  115  118  120
  121  122  122  122  123  123  124  125  125
    52.5-180.0 180.0   5.0 450.0                            LAT/LON1/LON2/DLON/H
  128  127  125  122  117  110  103   96   91   86   82   77   74   71   68   66
   63   61   59   58   56   53   51   48   47   45   44   43   43   42   41   38
   37   38   39   40   42   43   46   47   49   50   51   51   50   49   48   49
   53   59   67   76   84   91   97  101  105  109  112  116  118  121  124  126
  127  128  128  127  127  127  127  128  128
    50.0-180.0 180.0   5.0 450.0                            LAT/LON1/LON2/DLON/H
  135  134  133  130  126  119  111  104   97   90   84   79   74   72   70   68
   67   66   65   63   61   58   55   53   51   51   50   50   50   49   47   43
   42   43   45   47   49   52   54   56   58   59   60   60   58   56   55   56
   59   65   74   84   92   98  102  106  109  113  117  120  123  126  130  133
  134  135  135  135  134  134  134  135  135
    47.5-180.0 180.0   5.0 450.0                            LAT/LON1/LON2/DLON/H
  145  145  143  140  135  129  122  114  106   98   89   82   76   72   70   70
   70   69   68   67   65   63   60   58   57   57   57   57   57   54   52   49
   47   48   50   54   57   60   62   63   64   65   66   66   64   62   61   62
   66   73   82   92   99  104  108  111  115  118  122  126  129  132  136  140
  142  144  144  144  143  143  143  143  145
    45.0-180.0 180.0   5.0 450.0                            LAT/LON1/LON2/DLON/H
  155  155  153  149  145  139  132  125  116  107   97   88   80   75   72   70
   70   71   71   71   70   68   67   65   64   64   64   64   62   58   55   53
   51   52   55   60   64   66   67   68   68   69   70   70   69   68   66   68
   73   82   93  101  108  113  116  119  122  125  129  132  135  138  142  147
  151  153  154  153  152  152  153  154  155
    42.5-180.0 180.0   5.0 450.0                            LAT/LON1/LON2/DLON/H
  167  166  163  158  152  146  139  132  124  115  104   94   85   78   74   71
   71   72   73   74   75   75   73   72   71   71   69   67   65   60   57   54
   53   55   58   63   67   69   70   70   70   71   72   73   73   72   72   74
   80   91  101  111  118  123  125  129  131  133  137  139  141  144  148  153
  157  161  162  161  161  161  162  165  167
    40.0-180.0 180.0   5.0 450.0                            LAT/LON1/LON2/DLON/H
  177  178  172  165  156  149  142  136  129  121  111  101   91   83   77   73
   72   74   77   80   81   82   80   79   77   74   71   67   64   60   57   55
   54   56   61   66   70   71   71   70   71   72   74   76   77   76   76   80
   87   98  110  120  128  133  136  138  141  143  145  146  148  151  154  159
  164  167  169  169  168  168  171  174  177
    37.5-180.0 180.0   5.0 450.0                            LAT/LON1/LON2/DLON/H
  188  190  183  173  161  152  143  136  130  123  116  107   97   88   81   77
   75   78   81   86   88   89   87   84   81   76   71   67   63   60   58   56
   55   58   63   68   71   72   72   71   72   74   76   79   80   79   80   84
   92  103  116  128  135  140  143  146  149  150  152  153  155  157  161  165
  170  174  176  176  176  176  179  185  188
    35.0-180.0 180.0   5.0 450.0                            LAT/LON1/LON2/DLON/H
  203  205  199  187  171  156  144  135  129  126  120  112  104   95   87   83
   80   83   87   91   94   94   91   86   81   76   70   66   63   61   59   58
   58   62   66   71   74   74   74   73   74   77   79   82   82   81   82   85
   93  105  118  130  138  144  147  151  154  156  158  160  161  164  168  173
  179  183  186  187  188  188  192  198  203
    32.5-180.0 180.0   5.0 450.0                            LAT/LON1/LON2/DLON/H
  225  229  226  211  189  168  151  137  129  125  123  117  110  103   94   89
   86   88   91   95   96   95   90   84   78   73   68   66   64   63   63   63
   65   68   73   77   79   78   77   77   79   81   83   83   82   80   80   83
   92  104  118  129  137  143  149  153  157  160  163  164  166  170  175  183
  190  198  203  205  205  206  210  217  225
    30.0-180.0 180.0   5.0 450.0                            LAT/LON1/LON2/DLON/H
  256  264  263  249  224  196  173  151  136  128  126  121  116  109  101   94
   91   92   94   95   93   89   84   78   72   69   67   67   67   70   71   73
   76   79   83   87   87   84   82   82   84   86   86   84   80   77   75   79
   88  101  114  126  134  141  148  153  157  162  166  168  172  177  184  195
  207  217  227  230  231  234  239  246  256
    27.5-180.0 180.0   5.0 450.0                            LAT/LON1/LON2/DLON/H
  301  312  314  301  275  242  209  177  154  139  132  126  120  113  104   97
   94   93   92   90   86   81   76   71   66   65   66   69   74   80   83   87
   91   93   96   99   97   92   88   88   88   89   87   82   76   71   69   73
   83   97  110  121  129  138  145  152  157  163  168  172  177  185  195  211
  228  243  258  264  267  270  274  284  301
    25.0-180.0 180.0   5.0 450.0                            LAT/LON1/LON2/DLON/H
  358  370  376  364  339  304  261  218  184  160  143  131  123  113  104   96
   92   89   86   82   77   72   67   65   65   65   70   77   87   95   99  104
  106  107  108  110  107  100   93   90   89   88   84   77   70   63   62   67
   78   93  106  116  125  134  143  151  157  163  171  178  186  196  210  230
  252  274  294  302  307  312  318  336  358
    22.5-180.0 180.0   5.0 450.0                            LAT/LON1/LON2/DLON/H
  415  433  436  434  412  375  326  273  226  189  163  143  129  114  102   92
   86   82   78   74   68   64   62   64   67   72   78   88  103  113  117  118
  118  118  118  117  113  105   96   91   87   83   76   68   60   54   54   62
   75   90  103  115  124  133  143  152  159  167  177  187  198  210  227  252
  279  306  327  338  350  355  365  387  415
    20.0-180.0 180.0   5.0 450.0                            LAT/LON1/LON2/DLON/H
  458  481  492  497  486  455  402  344  283  233  193  164  143  121  104   89
   81   76   72   68   63   61   62   67   74   82   91  101  118  129  133  128
  125  124  123  120  114  105   95   88   81   75   67   59   51   46   48   57
   73   90  105  116  126  136  148  158  166  176  188  200  212  227  247  274
  303  331  351  366  381  391  404  429  458
    17.5-180.0 180.0   5.0 450.0                            LAT/LON1/LON2/DLON/H
  478  504  523  538  544  529  487  427  353  288  234  195  164  135  110   92
   79   74   70   66   64   64   70   77   86   96  105  113  127  134  136  130
  127  126  123  119  110  100   91   83   73   66   59   51   44   40   43   56
   74   93  108  120  131  144  157  169  179  191  204  218  230  246  267  291
  319  345  365  381  398  411  428  451  478
    15.0-180.0 180.0   5.0 450.0                            LAT/LON1/LON2/DLON/H
  477  503  527  552  575  582  560  503  424  345  282  234  194  158  126  103
   86   78   75   72   72   75   84   93  102  110  116  122  131  135  134  127
  125  122  119  113  105   96   87   78   68   61   54   47   40   38   42   56
   77   97  113  126  139  154  170  183  196  209  223  238  251  267  284  306
  330  352  370  384  400  415  431  453  477
    12.5-180.0 180.0   5.0 450.0                            LAT/LON1/LON2/DLON/H
  457  481  506  538  575  599  593  552  477  398  332  276  227  189  152  123
  104   94   89   88   90   95  105  113  118  123  125  127  130  130  128  122
  120  118  115  108  102   94   86   77   67   59   53   47   42   40   44   59
   81  102  119  134  149  165  182  197  212  226  240  256  270  286  302  319
  338  355  370  382  394  408  421  438  457
    10.0-180.0 180.0   5.0 450.0                            LAT/LON1/LON2/DLON/H
  430  447  468  503  543  577  587  563  504  431  366  314  267  225  187  155
  134  122  115  115  116  120  127  132  134  134  132  132  130  126  124  119
  118  117  114  108  101   95   89   80   70   62   55   50   46   44   48   62
   84  106  124  141  157  175  192  208  224  238  253  271  287  303  318  332
  344  356  365  375  384  395  405  416  430
     7.5-180.0 180.0   5.0 450.0                            LAT/LON1/LON2/DLON/H
  404  412  425  453  491  532  552  548  509  450  394  349  306  265  227  193
  172  160  152  150  148  148  149  150  147  143  139  136  130  127  126  123
  124  122  119  114  105   99   94   87   78   70   63   58   53   50   53   65
   85  107  126  144  162  181  198  213  227  242  260  281  299  313  328  342
  351  357  362  368  375  382  389  396  404
     5.0-180.0 180.0   5.0 450.0                            LAT/LON1/LON2/DLON/H
  387  389  392  409  441  480  508  513  492  452  408  371  336  299  264  232
  211  199  190  186  181  177  170  165  158  151  146  139  135  133  135  136
  138  134  129  121  112  106  101   96   89   80   72   66   59   55   56   66
   84  105  125  143  164  183  199  213  225  240  260  282  302  317  333  349
  359  362  363  365  369  374  379  383  387
     2.5-180.0 180.0   5.0 450.0                            LAT/LON1/LON2/DLON/H
  384  383  379  384  405  438  466  477  466  441  409  380  352  321  291  263
  244  232  222  218  210  199  187  177  166  157  152  147  145  148  151  155
  154  149  141  130  121  114  109  105   98   89   81   73   65   60   58   66
   81  100  120  140  161  180  196  208  219  232  252  274  296  314  334  353
  367  370  370  370  373  374  378  382  384
