data/IONEX/CVBB2780.21i
     1.0            IONOSPHERE MAPS     MIX                 IONEX VERSION / TYPE
cmpcmb v1.2          GRL/UWM            27-oct-21 23:23     PGM / RUN BY / DATE 
ionex file containing IGS COMBINED Ionosphere maps          COMMENT             
global ionosphere maps for day 278, 2021                    DESCRIPTION         
IONEX file containing the COMBINED IGS TEC MAPS and DCBs    DESCRIPTION         
      IONEX files of the following IAACs were combined: cod DESCRIPTION         
                                                        esa DESCRIPTION         
                                                        jpl DESCRIPTION         
                                                        upc DESCRIPTION         
Contact address: Andrzej Krankowski                         DESCRIPTION
                 Geodynamics Research Laboratory            DESCRIPTION
                 University of Warmia and Mazury (GRL/UWM)  DESCRIPTION
                 Oczapowski St. 1                           DESCRIPTION
                 10-957-Olsztyn, POLAND                     DESCRIPTION
                 e-mail:  kand@uwm.edu.pl                   DESCRIPTION
                                                            DESCRIPTION         
  2021    10     5     0     0     0                        EPOCH OF FIRST MAP  
  2021    10     6     0     0     0                        EPOCH OF LAST MAP   
  7200                                                      INTERVAL            
    13                                                      # OF MAPS IN FILE   
  COSZ                                                      MAPPING FUNCTION    
     0.0                                                    ELEVATION CUTOFF    
combined TEC calculated as weighted mean of input TEC valuesOBSERVABLES USED    
   354                                                      # OF STATIONS       
    32                                                      # OF SATELLITES     
  6371.0                                                    BASE RADIUS         
     2                                                      MAP DIMENSION       
   450.0 450.0   0.0                                        HGT1 / HGT2 / DHGT  
    87.5 -87.5  -2.5                                        LAT1 / LAT2 / DLAT  
  -180.0 180.0   5.0                                        LON1 / LON2 / DLON  
    -1                                                      EXPONENT            
TEC values in 0.1 tec units;  9999, if no value available   COMMENT             
DCB values in nanoseconds, reference is Sum_of_SatDCBs = 0  COMMENT             
                                                            END OF HEADER       
[from data line 5148]
    13                                                      START OF TEC MAP    
  2021    10     6     0     0     0                        EPOCH OF CURRENT MAP
    87.5-180.0 180.0   5.0 450.0                            LAT/LON1/LON2/DLON/H
   76   77   77   78   78   79   79   79   80   80   79   79   79   79   79   78
   78   77   76   76   75   74   72   71   70   69   68   67   66   65   65   64
   63   62   62   61   61   60   60   60   60   60   60   60   60   60   61   62
   62   62   63   63   64   65   66   67   67   68   69   70   71   71   72   72
   73   73   74   73   74   75   75   76   76
    85.0-180.0 180.0   5.0 450.0                            LAT/LON1/LON2/DLON/H
   82   82   83   84   85   86   86   86   87   87   87   87   86   86   85   84
   83   82   81   80   78   76   73   71   68   66   64   62   61   60   58   58
   56   55   55   54   54   54   53   53   53   52   52   53   53   53   53   54
   55   56   57   58   59   60   62   63   65   66   67   69   70   71   71   72
   73   73   74   76   77   78   79   80   82
    82.5-180.0 180.0   5.0 450.0                            LAT/LON1/LON2/DLON/H
   86   87   88   89   90   91   92   93   94   94   94   93   93   92   90   89
   87   84   82   79   77   75   72   67   65   62   60   57   57   55   54   52
   52   51   50   49   49   49   49   50   50   50   50   49   48   49   49   49
   49   50   52   53   54   56   58   60   62   64   66   68   70   71   72   73
   75   76   77   79   80   82   83   84   86
    80.0-180.0 180.0   5.0 450.0                            LAT/LON1/LON2/DLON/H
   89   90   92   92   94   95   96   96   96   96   97   98   99   98   96   94
   90   85   81   77   72   69   68   60   55   52   50   49   47   46   45   44
   43   43   42   43   42   42   42   42   42   42   44   44   44   44   43   44
   44   45   46   48   49   52   54   56   59   62   65   67   69   72   74   76
   78   80   81   83   84   85   86   88   89
    77.5-180.0 180.0   5.0 450.0                            LAT/LON1/LON2/DLON/H
   92   93   93   94   95   95   96   96   98  100  102  102  101  100   97   93
   88   84   79   74   68   63   56   49   46   43   42   42   42   42   41   41
   41   41   41   40   40   39   38   38   38   37   37   37   38   38   38   39
   39   40   41   43   45   47   50   53   56   59   63   66   70   73   76   79
   82   83   85   86   88   89   90   92   92
    75.0-180.0 180.0   5.0 450.0                            LAT/LON1/LON2/DLON/H
   95   96   95   95   95   95   96   98  100  102  103  103  101   98   95   93
   89   80   73   69   61   55   49   44   41   38   37   37   37   38   38   38
   38   38   38   39   40   39   37   36   35   35   34   34   33   34   35   35
   36   36   38   39   41   42   45   49   53   56   61   65   70   74   78   81
   85   87   89   91   92   93   94   95   95
    72.5-180.0 180.0   5.0 450.0                            LAT/LON1/LON2/DLON/H
  101   99   98   97   96   96   98  100  102  104  103  102  100   98   95   90
   81   75   68   61   55   48   42   39   36   35   33   33   33   35   36   36
   36   37   38   38   38   39   38   35   34   33   32   32   32   32   33   33
   33   34   34   35   37   39   42   45   50   54   59   64   69   74   79   84
   88   92   95   97   99  100  101  101  101
    70.0-180.0 180.0   5.0 450.0                            LAT/LON1/LON2/DLON/H
  108  106  104  102  100  100  101  102  103  104  104  102  100   97   91   85
   77   70   61   54   50   44   38   34   34   33   33   32   32   33   34   34
   34   36   38   38   39   37   36   35   33   32   31   31   31   31   31   31
   31   31   31   32   33   36   38   42   47   52   58   64   69   75   81   86
   91   96  100  104  106  108  109  109  108
    67.5-180.0 180.0   5.0 450.0                            LAT/LON1/LON2/DLON/H
  116  114  111  107  105  104  104  104  105  106  105  104  101   96   91   84
   77   67   59   52   47   43   38   34   34   34   34   34   34   33   32   32
   32   33   35   35   36   34   32   31   30   29   29   29   29   30   30   30
   29   29   29   29   30   32   36   40   45   51   58   64   70   76   82   88
   93   98  104  109  112  115  117  117  116
    65.0-180.0 180.0   5.0 450.0                            LAT/LON1/LON2/DLON/H
  125  122  119  114  111  108  107  107  107  108  107  105  103   99   93   86
   79   72   64   59   52   47   43   40   39   39   39   37   36   33   32   31
   30   29   30   30   30   29   28   26   26   25   25   25   26   29   29   29
   29   28   27   27   28   31   34   39   45   52   59   67   72   79   84   89
   95  100  106  112  117  121  124  125  125
    62.5-180.0 180.0   5.0 450.0                            LAT/LON1/LON2/DLON/H
  132  130  126  122  117  114  112  111  111  111  110  109  107  102   97   92
   86   81   75   69   63   57   54   51   49   47   44   41   38   34   32   29
   28   26   25   25   25   24   23   22   22   22   23   25   27   28   30   30
   29   29   27   27   28   30   33   39   46   55   63   70   76   82   86   91
   96  102  108  114  120  125  129  132  132
    60.0-180.0 180.0   5.0 450.0                            LAT/LON1/LON2/DLON/H
  139  137  134  128  124  120  116  115  115  114  114  113  111  108  104  100
   95   91   86   81   75   71   67   64   60   56   51   47   42   38   33   30
   27   25   23   22   22   22   22   22   23   24   26   28   30   32   33   33
   32   31   29   28   28   31   34   41   48   58   67   75   81   86   89   93
   98  103  110  116  123  130  135  138  139
    57.5-180.0 180.0   5.0 450.0                            LAT/LON1/LON2/DLON/H
  146  144  140  136  131  126  122  120  118  118  118  117  116  114  112  108
  104  100   96   91   86   81   78   73   68   63   57   53   48   43   38   34
   29   27   25   23   24   24   25   26   28   30   32   35   36   38   38   38
   37   35   32   30   31   33   38   44   52   63   72   80   86   90   94   97
  101  106  113  120  127  134  140  144  146
    55.0-180.0 180.0   5.0 450.0                            LAT/LON1/LON2/DLON/H
  153  152  149  145  140  134  129  125  123  122  122  122  121  120  118  115
  112  109  104   99   93   88   84   79   73   68   63   59   55   50   44   39
   35   31   29   29   30   32   34   36   38   40   42   45   45   44   44   44
   43   41   38   36   35   37   42   49   58   68   77   85   91   96   99  102
  106  112  119  126  133  140  146  150  153
    52.5-180.0 180.0   5.0 450.0                            LAT/LON1/LON2/DLON/H
  160  161  159  156  151  145  138  133  130  127  127  126  126  125  124  121
  118  114  110  103   98   92   87   83   78   74   69   65   61   56   51   46
   42   39   38   39   41   44   47   49   51   52   54   55   54   52   51   50
   50   48   46   43   43   44   48   54   63   74   81   89   96  100  104  108
  112  119  126  134  141  147  154  158  160
    50.0-180.0 180.0   5.0 450.0                            LAT/LON1/LON2/DLON/H
  170  171  170  168  163  157  150  143  138  135  132  131  131  130  128  126
  123  118  112  106   99   93   90   87   83   80   75   71   66   62   58   55
   51   49   50   52   54   58   62   64   65   66   66   65   63   61   59   58
   58   57   54   53   52   54   56   61   69   78   86   93  100  104  109  114
  120  128  135  143  150  157  162  167  170
    47.5-180.0 180.0   5.0 450.0                            LAT/LON1/LON2/DLON/H
  179  180  180  179  175  169  162  155  148  143  139  137  136  135  133  131
  127  122  115  107  100   95   92   91   89   86   82   76   72   68   65   62
   60   59   60   63   67   72   76   78   79   78   76   74   71   69   66   66
   66   67   67   66   64   65   66   70   76   84   91   98  105  109  115  121
  128  135  144  151  159  165  172  176  179
    45.0-180.0 180.0   5.0 450.0                            LAT/LON1/LON2/DLON/H
  186  188  189  188  186  181  175  167  159  153  148  144  142  140  139  137
  132  127  119  111  104   99   97   95   94   92   88   82   77   73   70   67
   66   67   69   74   79   83   87   90   90   88   84   81   77   74   73   75
   76   78   79   79   77   76   76   78   84   91   98  105  111  116  121  127
  134  141  150  157  165  171  177  182  186
    42.5-180.0 180.0   5.0 450.0                            LAT/LON1/LON2/DLON/H
  189  193  195  196  196  193  187  180  172  164  158  153  150  148  146  145
  141  135  126  119  112  106  103  101   99   96   91   84   79   74   71   69
   70   72   76   81   86   92   95   97   97   94   90   86   82   79   78   81
   85   88   89   89   86   83   83   87   93   99  106  113  119  124  127  133
  139  145  152  159  166  173  178  185  189
    40.0-180.0 180.0   5.0 450.0                            LAT/LON1/LON2/DLON/H
  191  196  201  202  203  201  197  192  184  177  169  163  160  158  157  156
  152  147  137  130  123  115  111  106  102   97   92   84   77   73   70   69
   70   74   79   85   90   95   98   99   99   98   95   91   87   84   84   86
   92   95   94   93   90   88   89   94  101  109  116  122  128  132  134  138
  143  148  153  159  164  171  178  185  191
    37.5-180.0 180.0   5.0 450.0                            LAT/LON1/LON2/DLON/H
  193  200  204  206  207  207  205  202  196  188  182  176  172  170  170  169
  166  161  151  143  135  125  119  113  106   99   92   82   75   72   69   69
   72   76   82   87   92   96   98   99  101  101   98   95   92   89   88   90
   94   97   95   92   90   91   95  103  111  119  126  132  138  141  142  145
  148  152  155  157  162  169  177  185  193
    35.0-180.0 180.0   5.0 450.0                            LAT/LON1/LON2/DLON/H
  199  205  208  210  210  211  211  209  206  202  196  191  189  185  184  183
  180  175  166  156  145  135  127  118  109  100   91   83   76   73   71   73
   77   81   85   89   93   96   98  100  102  102  100   98   94   91   89   89
   92   94   92   88   88   91   99  109  118  127  134  140  146  149  151  154
  157  161  162  162  166  172  181  191  199
    32.5-180.0 180.0   5.0 450.0                            LAT/LON1/LON2/DLON/H
  212  216  217  216  214  215  216  217  216  213  210  207  204  201  197  196
  193  188  179  166  153  140  130  120  109   99   90   84   80   78   78   81
   85   88   91   93   95   98   99  102  104  103  102   99   95   90   87   86
   86   87   85   82   84   89   99  110  121  131  138  145  152  158  162  168
  173  177  178  178  180  185  194  204  212
    30.0-180.0 180.0   5.0 450.0                            LAT/LON1/LON2/DLON/H
  234  236  234  228  224  222  222  226  226  222  222  223  221  216  208  206
  203  196  185  171  157  141  128  118  107   98   91   88   88   88   91   94
   97   98  100  100  101  101  103  105  104  102  100   97   93   89   84   81
   80   79   76   75   77   84   96  109  121  132  140  148  157  166  176  186
  195  202  205  206  207  212  222  229  234
    27.5-180.0 180.0   5.0 450.0                            LAT/LON1/LON2/DLON/H
  268  266  261  251  243  237  237  239  239  236  237  238  236  228  218  212
  208  201  187  171  154  136  124  115  108  101   96   96  100  103  107  110
  111  111  111  109  107  106  107  107  103  101   98   95   91   86   81   77
   74   71   67   67   70   79   91  105  119  131  141  151  161  175  191  208
  223  233  241  243  246  253  260  266  268
    25.0-180.0 180.0   5.0 450.0                            LAT/LON1/LON2/DLON/H
  309  305  300  286  274  266  262  261  259  256  257  257  251  238  226  215
  208  201  186  167  148  130  120  117  116  112  108  110  116  122  125  126
  125  122  120  116  113  110  111  109  103   98   95   93   89   83   77   70
   65   61   58   58   61   71   85  101  116  130  141  152  167  186  208  233
  253  266  280  285  291  299  304  310  309
    22.5-180.0 180.0   5.0 450.0                            LAT/LON1/LON2/DLON/H
  353  351  343  331  317  305  301  296  291  289  285  278  268  252  234  219
  206  197  182  162  143  128  123  131  138  137  131  131  135  139  141  138
  134  130  124  120  116  113  112  107  101   96   93   90   85   78   70   63
   56   52   50   49   54   65   79   97  113  128  141  155  173  197  226  256
  280  299  315  325  333  341  347  353  353
    20.0-180.0 180.0   5.0 450.0                            LAT/LON1/LON2/DLON/H
  391  390  387  380  368  358  349  342  336  326  316  306  290  270  245  224
  207  196  180  162  146  136  137  160  180  178  164  161  155  155  152  144
  137  131  125  120  115  112  109  105   99   95   90   86   79   70   62   56
   49   46   44   45   50   61   77   96  113  128  143  160  181  210  243  275
  302  323  340  356  366  374  382  390  391
    17.5-180.0 180.0   5.0 450.0                            LAT/LON1/LON2/DLON/H
  418  420  422  422  417  410  403  399  386  370  352  337  317  291  261  236
  217  203  187  172  160  156  161  196  224  215  189  181  174  167  159  148
  134  128  121  115  111  108  106  102   98   93   87   81   73   64   55   49
   45   43   42   43   50   63   80   98  114  130  147  167  192  222  257  289
  315  335  353  368  378  389  401  414  418
    15.0-180.0 180.0   5.0 450.0                            LAT/LON1/LON2/DLON/H
  424  433  443  451  455  454  452  448  435  413  391  370  346  316  281  254
  235  221  207  195  186  187  194  224  244  226  195  189  188  174  162  145
  125  120  114  107  105  104  104  103   97   91   84   77   68   59   52   47
   44   43   42   45   52   66   84  102  118  135  153  175  202  233  267  297
  321  339  354  366  374  384  399  412  424
    12.5-180.0 180.0   5.0 450.0                            LAT/LON1/LON2/DLON/H
  411  427  445  464  479  485  486  485  473  451  426  402  374  344  306  280
  263  254  241  232  222  223  232  245  244  220  190  183  181  165  148  134
  116  110  108  102  101  101  103  103   98   89   81   73   65   57   51   48
   46   45   44   47   55   69   86  105  122  140  161  184  212  242  273  300
  321  338  349  357  362  368  379  396  411
    10.0-180.0 180.0   5.0 450.0                            LAT/LON1/LON2/DLON/H
  387  409  434  460  483  498  505  503  495  476  455  428  400  371  340  315
  304  298  287  276  262  256  258  255  237  206  181  169  158  145  128  117
  107  105  106  103  104  100  103  105   99   88   78   71   63   56   51   49
   48   46   44   47   55   69   87  106  124  144  166  191  219  249  277  301
  319  333  343  349  351  354  361  373  387
     7.5-180.0 180.0   5.0 450.0                            LAT/LON1/LON2/DLON/H
  370  390  416  446  472  492  503  507  502  489  469  448  424  399  375  357
  349  343  329  311  298  283  271  252  220  186  163  148  136  129  118  112
  109  110  112  111  110  102  104  105   97   84   75   69   61   55   51   49
   47   46   43   45   52   67   85  105  125  145  168  193  221  250  277  298
  315  328  337  342  345  348  351  357  370
     5.0-180.0 180.0   5.0 450.0                            LAT/LON1/LON2/DLON/H
  364  378  400  428  453  474  487  494  493  486  472  456  440  424  406  392
  386  376  359  337  319  298  272  241  199  164  143  132  127  125  120  118
  120  124  126  123  121  107  106  100   89   79   72   66   59   53   50   49
   47   45   43   43   50   64   83  103  124  146  167  191  218  246  273  295
  312  325  336  343  348  354  357  358  364
     2.5-180.0 180.0   5.0 450.0                            LAT/LON1/LON2/DLON/H
  377  380  393  414  435  453  465  474  475  472  463  451  443  436  423  412
  407  396  380  354  326  296  263  226  182  153  135  130  132  134  133  134
  140  144  146  138  131  116  105   92   82   73   67   63   57   52   49   47
   46   44   41   41   47   61   80  100  122  144  164  187  212  240  268  289
  310  327  340  351  363  377  380  378  377
