data/IONEX/CVBB2780.21i
     1.0            IONOSPHERE MAPS     MIX                 IONEX VERSION / TYPE
cmpcmb v1.2          GRL/UWM            27-oct-21 23:23     PGM / RUN BY / DATE 
ionex file containing IGS COMBINED Ionosphere maps          COMMENT             
global ionosphere maps for day 278, 2021                    DESCRIPTION         
IONEX file containing the COMBINED IGS TEC MAPS and DCBs    DESCRIPTION         
      IONEX files of the following IAACs were combined: cod DESCRIPTION         
                                                        esa DESCRIPTION         
                                                        jpl DESCRIPTION         
                                                        upc DESCRIPTION         
Contact address: Andrzej Krankowski                         DESCRIPTION
                 Geodynamics Research Laboratory            DESCRIPTION
                 University of Warmia and Mazury (GRL/UWM)  DESCRIPTION
                 Oczapowski St. 1                           DESCRIPTION
                 10-957-Olsztyn, POLAND                     DESCRIPTION
                 e-mail:  kand@uwm.edu.pl                   DESCRIPTION
                                                            DESCRIPTION         
  2021    10     5     0     0     0                        EPOCH OF FIRST MAP  
  2021    10     6     0     0     0                        EPOCH OF LAST MAP   
  7200                                                      INTERVAL            
    13                                                      # OF MAPS IN FILE   
  COSZ                                                      MAPPING FUNCTION    
     0.0                                                    ELEVATION CUTOFF    
combined TEC calculated as weighted mean of input TEC valuesOBSERVABLES USED    
   354                                                      # OF STATIONS       
    32                                                      # OF SATELLITES     
  6371.0                                                    BASE RADIUS         
     2                                                      MAP DIMENSION       
   450.0 450.0   0.0                                        HGT1 / HGT2 / DHGT  
    87.5 -87.5  -2.5                                        LAT1 / LAT2 / DLAT  
  -180.0 180.0   5.0                                        LON1 / LON2 / DLON  
    -1                                                      EXPONENT            
TEC values in 0.1 tec units;  9999, if no value available   COMMENT             
DCB values in nanoseconds, reference is Sum_of_SatDCBs = 0  COMMENT             
                                                            END OF HEADER       
[from data line 2145]
     6                                                      START OF TEC MAP    
  2021    10     5    10     0     0                        EPOCH OF CURRENT MAP
    87.5-180.0 180.0   5.0 450.0                            LAT/LON1/LON2/DLON/H
   56   56   58   58   59   60   61   61   62   63   64   64   65   65   66   66
   66   67   67   67   67   67   67   68   68   68   68   68   69   68   68   68
   68   67   68   67   66   65   65   64   63   62   62   61   60   59   58   57
   56   55   54   53   52   51   51   50   50   50   49   50   50   50   50   50
   51   51   51   52   53   53   54   55   56
    85.0-180.0 180.0   5.0 450.0                            LAT/LON1/LON2/DLON/H
   49   51   52   53   55   57   58   60   62   63   64   65   67   68   69   68
   68   69   68   69   69   69   70   71   72   72   73   73   73   73   73   73
   73   72   72   71   71   70   69   69   68   66   65   63   61   59   58   56
   54   51   50   47   46   44   43   41   41   40   39   39   39   39   39   39
   40   40   41   42   44   45   46   48   49
    82.5-180.0 180.0   5.0 450.0                            LAT/LON1/LON2/DLON/H
   43   46   48   51   53   55   57   59   61   62   64   65   66   66   67   67
   68   69   70   71   68   68   69   70   71   71   72   72   73   74   74   75
   76   76   76   76   76   75   74   73   72   69   68   65   63   61   59   56
   54   51   49   47   44   41   40   38   36   34   33   32   31   31   30   30
   31   31   32   33   35   36   38   40   43
    80.0-180.0 180.0   5.0 450.0                            LAT/LON1/LON2/DLON/H
   37   40   43   46   49   52   54   56   58   58   59   59   59   59   59   59
   59   60   60   60   61   63   64   65   66   67   67   69   71   73   75   77
   79   81   82   82   83   81   81   79   78   77   74   72   69   66   64   62
   59   57   54   52   50   47   44   42   39   36   34   31   30   28   26   26
   25   25   26   27   29   30   33   35   37
    77.5-180.0 180.0   5.0 450.0                            LAT/LON1/LON2/DLON/H
   34   37   40   43   46   48   50   52   52   52   51   52   52   51   51   50
   49   49   49   49   49   51   52   54   58   59   62   65   67   70   73   76
   79   80   82   84   85   86   86   86   84   83   82   80   78   76   74   72
   70   68   66   63   61   59   56   53   49   45   42   39   35   32   29   27
   26   25   25   25   27   27   29   31   34
    75.0-180.0 180.0   5.0 450.0                            LAT/LON1/LON2/DLON/H
   32   34   37   39   41   44   46   46   46   47   46   45   44   43   41   40
   41   40   39   39   42   44   45   46   50   53   57   60   63   66   70   74
   77   81   84   86   88   89   90   91   91   90   89   89   87   87   85   84
   84   83   82   80   78   76   73   69   65   61   56   52   47   43   39   35
   33   31   29   28   28   28   28   30   32
    72.5-180.0 180.0   5.0 450.0                            LAT/LON1/LON2/DLON/H
   31   32   34   35   37   39   40   41   42   42   41   39   37   35   35   33
   32   31   32   32   36   37   39   41   44   48   52   58   61   65   69   73
   78   82   85   88   91   92   94   95   96   97   97   97   97   97   97   97
   98   98   98   97   95   93   90   87   82   77   72   67   61   56   52   47
   44   40   37   35   33   31   31   31   31
    70.0-180.0 180.0   5.0 450.0                            LAT/LON1/LON2/DLON/H
   32   31   32   32   33   35   36   37   37   37   35   34   32   32   30   29
   28   28   29   29   31   33   35   38   42   47   51   56   61   65   70   74
   78   82   86   89   92   95   97   99  100  102  103  104  105  106  107  108
  110  111  112  111  110  108  104  101   96   90   85   80   74   69   64   59
   55   51   47   43   40   36   35   32   32
    67.5-180.0 180.0   5.0 450.0                            LAT/LON1/LON2/DLON/H
   33   31   30   30   30   31   32   33   34   33   32   32   31   30   28   28
   28   28   28   29   30   32   35   38   43   47   52   57   62   66   71   74
   79   83   87   91   94   97  100  102  104  106  108  110  112  113  115  117
  119  120  121  120  119  116  112  108  103   98   93   87   83   78   73   68
   64   59   55   50   46   42   39   36   33
    65.0-180.0 180.0   5.0 450.0                            LAT/LON1/LON2/DLON/H
   34   31   29   28   28   28   29   30   30   30   30   30   31   30   29   29
   29   29   29   30   31   33   36   38   42   47   53   59   64   68   72   76
   80   84   88   92   96  100  103  105  109  110  113  115  117  118  120  122
  124  125  125  124  122  118  114  109  104   99   94   89   85   80   76   72
   67   63   59   55   50   46   41   38   34
    62.5-180.0 180.0   5.0 450.0                            LAT/LON1/LON2/DLON/H
   36   32   29   28   26   26   26   27   28   29   29   30   30   30   31   31
   31   30   30   31   32   33   35   38   42   48   54   59   64   69   73   77
   81   85   90   94   99  103  107  110  113  115  117  119  121  122  123  124
  126  126  125  123  120  115  110  105  100   95   91   86   83   79   75   70
   67   63   60   56   52   48   44   40   36
    60.0-180.0 180.0   5.0 450.0                            LAT/LON1/LON2/DLON/H
   38   34   31   28   26   26   26   26   27   28   28   29   31   31   32   32
   32   31   31   31   31   31   33   36   40   46   53   59   65   70   75   79
   84   89   93   98  103  108  111  115  118  120  123  124  125  126  126  126
  127  127  125  122  117  112  106  100   96   91   87   83   80   75   71   66
   63   60   57   55   52   49   45   42   38
    57.5-180.0 180.0   5.0 450.0                            LAT/LON1/LON2/DLON/H
   41   36   33   31   29   27   27   27   27   27   28   28   30   31   31   32
   32   31   30   29   28   28   30   33   38   44   52   60   66   72   77   82
   87   92   98  103  108  112  117  122  125  128  130  131  131  131  129  129
  128  127  126  122  116  111  105   99   94   90   86   82   78   73   68   63
   59   57   54   53   51   49   47   44   41
    55.0-180.0 180.0   5.0 450.0                            LAT/LON1/LON2/DLON/H
   44   41   38   35   33   31   30   28   29   28   28   29   30   30   31   30
   29   28   27   26   25   26   27   31   37   44   52   61   69   75   81   87
   92   97  103  109  114  119  124  130  133  137  139  139  138  137  134  132
  132  130  128  124  119  114  108  103   98   93   89   86   81   75   69   64
   59   56   53   52   51   51   49   47   44
    52.5-180.0 180.0   5.0 450.0                            LAT/LON1/LON2/DLON/H
   49   45   43   41   39   37   34   32   32   31   31   31   31   30   30   29
   28   27   26   25   24   25   28   32   37   45   55   64   72   79   86   92
   98  104  110  115  120  126  132  138  143  146  148  147  146  144  140  139
  137  136  133  130  126  121  116  113  108  103   99   94   89   82   75   69
   63   58   57   55   55   54   53   51   49
    50.0-180.0 180.0   5.0 450.0                            LAT/LON1/LON2/DLON/H
   54   52   49   47   47   44   42   38   37   36   35   34   33   32   31   30
   29   28   27   27   27   28   30   35   42   49   59   68   77   84   91   99
  105  111  117  122  128  134  141  146  152  155  157  157  155  151  147  145
  143  142  140  137  134  131  127  124  120  116  112  107  100   93   84   77
   70   66   63   61   61   60   58   57   54
    47.5-180.0 180.0   5.0 450.0                            LAT/LON1/LON2/DLON/H
   61   58   56   55   53   51   48   45   44   42   41   40   39   37   35   33
   32   32   32   33   33   35   37   42   48   57   66   75   84   91   99  106
  112  118  124  129  135  142  149  155  160  164  165  164  162  158  154  151
  149  147  146  144  141  139  136  134  132  129  125  119  112  105   95   86
   79   74   71   70   69   67   65   63   61
    45.0-180.0 180.0   5.0 450.0                            LAT/LON1/LON2/DLON/H
   66   64   63   62   60   58   56   52   50   49   49   48   47   44   42   40
   39   39   40   42   42   44   46   51   57   66   74   83   91   98  106  114
  120  126  132  137  143  151  158  164  168  171  172  171  168  164  160  157
  154  152  150  148  145  143  141  140  140  138  134  128  121  113  103   95
   88   83   80   78   76   74   72   69   66
    42.5-180.0 180.0   5.0 450.0                            LAT/LON1/LON2/DLON/H
   70   68   67   67   66   64   62   59   57   56   56   56   55   53   50   48
   48   48   50   52   53   53   55   59   65   74   82   90   99  107  114  121
  127  133  139  145  152  159  166  173  177  179  179  176  174  171  167  163
  160  157  153  150  147  144  142  142  143  141  137  131  123  116  107   99
   92   88   86   84   81   78   76   73   70
    40.0-180.0 180.0   5.0 450.0                            LAT/LON1/LON2/DLON/H
   72   71   70   70   70   69   67   64   63   63   63   64   64   62   59   57
   57   58   60   62   63   62   62   65   71   80   89   97  105  113  121  127
  134  140  146  152  161  169  178  184  187  188  187  185  182  179  175  171
  167  163  157  152  147  143  141  142  143  141  136  130  122  113  106   98
   92   88   86   85   82   79   77   74   72
    37.5-180.0 180.0   5.0 450.0                            LAT/LON1/LON2/DLON/H
   71   71   71   71   72   71   70   68   68   70   72   73   73   71   68   66
   65   66   68   70   70   69   68   70   75   84   94  103  112  120  127  134
  140  146  151  159  170  181  191  196  200  200  198  196  194  190  186  182
  177  172  165  158  151  146  145  145  144  141  135  128  119  110  102   95
   88   85   83   81   78   75   73   72   71
    35.0-180.0 180.0   5.0 450.0                            LAT/LON1/LON2/DLON/H
   69   70   70   71   71   71   70   70   72   75   79   82   83   80   77   74
   72   72   73   74   74   72   70   71   78   87   98  109  118  126  133  140
  144  150  157  167  180  192  204  212  215  216  214  213  211  208  204  199
  194  188  180  171  165  161  159  157  154  149  140  130  120  109  100   92
   85   81   78   76   72   68   67   67   69
    32.5-180.0 180.0   5.0 450.0                            LAT/LON1/LON2/DLON/H
   65   67   68   69   70   70   70   70   72   77   83   88   90   88   84   80
   77   76   75   75   74   72   70   71   78   89  101  113  123  131  138  144
  148  154  163  175  190  206  219  228  233  235  236  235  234  230  226  222
  218  212  204  199  195  191  189  186  179  171  158  144  130  116  104   94
   86   80   75   71   66   62   61   62   65
    30.0-180.0 180.0   5.0 450.0                            LAT/LON1/LON2/DLON/H
   64   67   68   68   68   68   69   70   72   77   83   89   92   91   88   83
   80   77   76   75   73   70   67   69   77   89  103  116  127  134  140  146
  152  159  170  185  202  221  235  245  252  257  261  261  260  258  255  252
  251  247  244  240  240  238  237  233  223  209  189  169  150  134  118  104
   93   84   78   72   65   60   59   61   64
    27.5-180.0 180.0   5.0 450.0                            LAT/LON1/LON2/DLON/H
   66   68   68   68   68   68   69   70   72   75   81   87   91   90   88   84
   80   77   74   72   69   66   65   67   77   90  105  118  129  137  142  148
  155  165  179  197  217  236  251  263  271  276  284  286  286  288  286  289
  293  293  293  296  299  297  299  293  281  258  230  204  182  162  141  123
  108   96   87   80   73   67   65   65   66
    25.0-180.0 180.0   5.0 450.0                            LAT/LON1/LON2/DLON/H
   75   73   71   70   69   69   70   71   71   74   78   84   87   87   85   81
   78   75   72   68   66   63   63   67   78   93  107  120  130  138  143  150
  159  173  190  210  231  251  266  278  286  294  302  306  310  316  320  330
  341  342  349  356  364  365  367  356  339  314  277  246  223  198  172  151
  133  116  105   97   89   83   79   77   75
    22.5-180.0 180.0   5.0 450.0                            LAT/LON1/LON2/DLON/H
   88   82   77   74   73   73   74   74   73   74   77   80   83   83   81   79
   76   72   69   66   64   62   63   69   81   96  110  121  130  138  144  152
  164  182  202  225  249  268  284  298  300  306  315  325  334  343  355  364
  381  391  398  411  423  427  426  410  390  362  326  290  265  237  209  186
  161  141  129  120  112  107  100   94   88
    20.0-180.0 180.0   5.0 450.0                            LAT/LON1/LON2/DLON/H
  105   94   86   81   79   79   79   78   76   75   74   76   77   77   77   75
   73   71   67   65   63   62   64   71   84   98  111  121  128  137  144  155
  172  194  218  245  267  282  299  313  308  317  330  345  357  368  381  397
  414  426  433  445  459  466  456  442  421  390  359  326  298  272  245  221
  194  172  159  147  139  133  127  118  105
    17.5-180.0 180.0   5.0 450.0                            LAT/LON1/LON2/DLON/H
  125  109   98   91   87   85   84   83   80   76   73   73   73   73   73   72
   70   68   65   64   62   61   64   71   85   99  111  121  128  137  145  162
  182  207  235  263  284  296  307  316  314  328  347  364  371  383  396  412
  429  439  445  455  466  468  459  446  426  399  372  347  322  299  274  250
  223  202  186  173  168  162  155  144  125
    15.0-180.0 180.0   5.0 450.0                            LAT/LON1/LON2/DLON/H
  148  126  113  103   97   93   91   88   84   78   74   71   69   69   69   68
   67   65   63   61   59   59   62   70   84   98  110  120  129  138  150  171
  196  221  251  278  294  306  311  315  320  338  356  371  380  390  401  414
  428  435  440  445  452  451  444  432  414  393  374  356  337  317  294  270
  244  224  207  198  190  186  181  169  148
    12.5-180.0 180.0   5.0 450.0                            LAT/LON1/LON2/DLON/H
  167  145  130  118  108  102   98   92   86   81   75   71   68   66   66   65
   64   63   61   59   56   55   58   68   81   96  109  121  131  143  159  184
  211  238  264  286  302  313  317  319  327  343  358  370  379  389  398  409
  419  424  426  426  428  426  420  409  396  382  371  359  344  325  302  277
  253  233  219  212  207  203  197  187  167
    10.0-180.0 180.0   5.0 450.0                            LAT/LON1/LON2/DLON/H
  182  162  145  131  119  110  104   95   89   83   77   72   68   66   64   63
   62   61   59   57   54   52   55   64   78   95  110  123  137  152  173  200
  228  255  276  295  309  319  325  328  335  346  357  368  377  386  395  404
  411  413  412  410  407  403  395  386  378  371  364  357  345  325  302  277
  253  234  221  215  212  208  204  196  182
     7.5-180.0 180.0   5.0 450.0                            LAT/LON1/LON2/DLON/H
  188  172  156  141  129  115  107   97   91   85   79   74   69   66   64   62
   61   60   58   56   52   50   53   62   77   96  113  130  146  164  189  215
  244  268  287  302  314  325  334  340  348  354  362  371  379  386  394  402
  406  408  405  401  394  386  378  372  367  363  359  355  344  324  300  275
  251  231  216  208  206  204  203  199  188
     5.0-180.0 180.0   5.0 450.0                            LAT/LON1/LON2/DLON/H
  190  179  164  150  136  120  110   97   91   86   81   75   71   67   65   63
   61   59   59   56   52   49   52   62   78   99  118  137  157  178  202  228
  254  277  293  307  318  331  344  354  363  368  373  377  384  391  398  405
  409  410  407  401  392  382  373  368  366  364  361  356  345  324  299  273
  249  227  210  200  197  196  198  196  190
     2.5-180.0 180.0   5.0 450.0                            LAT/LON1/LON2/DLON/H
  187  179  168  155  141  123  112   96   91   86   82   76   71   68   65   64
   61   60   59   56   52   50   53   63   80  101  124  146  167  189  212  235
  260  279  295  308  321  338  355  366  376  381  383  385  390  396  404  413
  419  421  416  409  400  389  379  375  373  372  369  362  348  326  300  272
  247  225  207  195  191  190  191  191  187
