data/IONEX/CVBB2740.21i
     1.0            IONOSPHERE MAPS     MIX                 IONEX VERSION / TYPE
cmpcmb v1.2          GRL/UWM            19-oct-21 03:55     PGM / RUN BY / DATE 
ionex file containing IGS COMBINED Ionosphere maps          COMMENT             
global ionosphere maps for day 274, 2021                    DESCRIPTION         
IONEX file containing the COMBINED IGS TEC MAPS and DCBs    DESCRIPTION         
      IONEX files of the following IAACs were combined: cod DESCRIPTION         
                                                        esa DESCRIPTION         
                                                        jpl DESCRIPTION         
                                                        upc DESCRIPTION         
Contact address: Andrzej Krankowski                         DESCRIPTION
                 Geodynamics Research Laboratory            DESCRIPTION
                 University of Warmia and Mazury (GRL/UWM)  DESCRIPTION
                 Oczapowski St. 1                           DESCRIPTION
                 10-957-Olsztyn, POLAND                     DESCRIPTION
                 e-mail:  kand@uwm.edu.pl                   DESCRIPTION
                                                            DESCRIPTION         
  2021    10     1     0     0     0                        EPOCH OF FIRST MAP  
  2021    10     2     0     0     0                        EPOCH OF LAST MAP   
  7200                                                      INTERVAL            
    13                                                      # OF MAPS IN FILE   
  COSZ                                                      MAPPING FUNCTION    
     0.0                                                    ELEVATION CUTOFF    
combined TEC calculated as weighted mean of input TEC valuesOBSERVABLES USED    
   358                                                      # OF STATIONS       
    32                                                      # OF SATELLITES     
  6371.0                                                    BASE RADIUS         
     2                                                      MAP DIMENSION       
   450.0 450.0   0.0                                        HGT1 / HGT2 / DHGT  
    87.5 -87.5  -2.5                                        LAT1 / LAT2 / DLAT  
  -180.0 180.0   5.0                                        LON1 / LON2 / DLON  
    -1                                                      EXPONENT            
TEC values in 0.1 tec units;  9999, if no value available   COMMENT             
DCB values in nanoseconds, reference is Sum_of_SatDCBs = 0  COMMENT             
                                                            END OF HEADER       
[from data line 429]
     2                                                      START OF TEC MAP    
  2021    10     1     2     0     0                        EPOCH OF CURRENT MAP
    87.5-180.0 180.0   5.0 450.0                            LAT/LON1/LON2/DLON/H
   74   74   74   74   73   73   73   72   72   71   71   71   70   70   69   68
   68   66   65   64   63   62   60   59   58   57   56   55   54   54   53   53
   53   53   52   53   53   53   53   53   54   55   55   56   57   57   58   59
   60   61   62   63   64   65   66   66   67   68   68   69   70   70   71   71
   72   72   72   73   73   74   74   74   74
    85.0-180.0 180.0   5.0 450.0                            LAT/LON1/LON2/DLON/H
   83   83   84   84   84   84   84   83   83   82   81   80   79   78   76   74
   72   70   68   66   64   61   58   56   53   51   50   49   48   47   45   45
   44   45   45   45   45   46   46   47   48   49   50   51   52   53   54   55
   57   58   60   61   62   64   66   68   69   71   72   73   74   75   76   77
   78   79   80   81   81   82   82   82   83
    82.5-180.0 180.0   5.0 450.0                            LAT/LON1/LON2/DLON/H
   94   96   96   96   97   97   97   96   95   95   94   92   90   89   86   83
   80   77   74   70   66   63   58   55   52   49   45   43   41   40   39   38
   38   39   39   39   41   42   43   44   45   47   48   50   51   52   54   54
   56   57   58   60   61   63   65   67   69   71   73   75   77   78   79   81
   83   85   87   89   90   92   92   93   94
    80.0-180.0 180.0   5.0 450.0                            LAT/LON1/LON2/DLON/H
  105  106  107  107  106  105  104  104  102  102  100   98   97   96   93   90
   87   83   79   75   70   67   61   56   52   48   43   40   37   35   33   32
   32   32   33   35   37   39   41   43   45   47   49   51   52   53   54   56
   57   58   59   60   61   63   65   67   69   71   73   76   78   81   84   86
   89   92   94   97   99  100  102  104  105
    77.5-180.0 180.0   5.0 450.0                            LAT/LON1/LON2/DLON/H
  113  113  113  112  110  109  108  107  106  105  104  103  100   98   94   93
   90   87   84   80   76   73   63   57   52   48   43   40   36   33   32   31
   31   32   33   36   38   40   42   45   47   49   51   52   53   55   56   56
   57   58   59   61   62   64   66   68   69   72   75   77   80   83   87   91
   94   98  101  103  106  108  110  112  113
    75.0-180.0 180.0   5.0 450.0                            LAT/LON1/LON2/DLON/H
  117  117  116  115  114  112  111  110  108  107  105  102  100   98   96   95
   92   89   86   83   79   75   67   60   55   50   45   42   38   35   33   32
   32   34   36   39   41   43   45   47   49   50   52   53   54   54   55   56
   57   58   59   61   62   64   67   69   71   73   76   79   83   86   90   94
   99  102  106  109  112  114  116  117  117
    72.5-180.0 180.0   5.0 450.0                            LAT/LON1/LON2/DLON/H
  121  120  119  117  115  114  113  111  108  106  104  102   98   95   93   91
   88   85   84   83   80   76   71   64   58   53   47   43   41   38   36   35
   34   36   38   41   43   45   47   49   50   51   51   51   51   52   52   53
   54   56   58   60   63   65   67   70   73   75   78   81   85   89   93   98
  102  106  110  114  117  119  120  120  121
    70.0-180.0 180.0   5.0 450.0                            LAT/LON1/LON2/DLON/H
  122  122  120  118  117  115  113  111  109  106  102   97   94   90   87   83
   81   81   81   80   78   76   73   67   61   55   51   46   43   41   39   37
   37   38   40   42   44   46   47   48   48   48   47   47   46   47   47   49
   51   53   56   59   63   66   70   72   76   78   82   85   88   92   97  101
  106  110  114  117  119  121  122  122  122
    67.5-180.0 180.0   5.0 450.0                            LAT/LON1/LON2/DLON/H
  123  123  121  119  118  116  114  113  111  106  101   96   90   84   79   76
   75   75   75   74   74   73   71   67   61   56   52   50   46   44   42   41
   40   41   42   43   44   45   45   45   44   43   42   41   41   41   42   45
   47   51   55   59   64   68   73   76   80   83   86   90   93   97  101  105
  110  114  117  120  122  123  123  123  123
    65.0-180.0 180.0   5.0 450.0                            LAT/LON1/LON2/DLON/H
  124  124  122  120  119  117  116  115  112  109  104   96   88   79   73   70
   67   67   67   68   69   68   66   64   60   57   53   53   49   47   45   44
   43   43   43   43   43   43   42   41   40   39   38   37   36   37   39   41
   46   50   56   61   67   72   77   82   85   89   92   96   99  103  106  110
  115  118  120  122  123  124  124  124  124
    62.5-180.0 180.0   5.0 450.0                            LAT/LON1/LON2/DLON/H
  125  124  124  123  120  118  117  116  114  111  106   99   89   80   70   66
   62   61   62   63   63   62   61   61   59   56   53   54   52   49   48   45
   44   44   43   42   41   41   40   38   37   35   34   34   34   35   38   41
   45   51   57   65   71   78   83   88   92   96   99  103  106  110  113  117
  121  123  124  124  125  125  125  125  125
    60.0-180.0 180.0   5.0 450.0                            LAT/LON1/LON2/DLON/H
  128  127  127  125  123  121  119  118  116  113  108  102   93   84   74   66
   63   60   60   60   59   59   58   57   56   55   53   53   53   51   49   47
   45   44   44   42   40   39   37   37   36   35   35   35   36   38   41   44
   48   54   61   69   77   84   89   95   99  103  107  110  114  117  120  124
  128  129  129  129  129  128  128  127  128
    57.5-180.0 180.0   5.0 450.0                            LAT/LON1/LON2/DLON/H
  133  133  132  130  127  125  123  120  117  115  110  105   98   90   81   73
   68   64   62   60   59   57   55   54   54   53   53   53   53   52   50   48
   46   45   45   44   42   40   39   40   40   40   40   42   42   44   46   49
   54   60   68   75   84   91   97  102  106  111  115  119  122  125  128  132
  135  136  136  135  134  133  133  133  133
    55.0-180.0 180.0   5.0 450.0                            LAT/LON1/LON2/DLON/H
  142  142  140  138  135  130  126  123  120  117  113  108  103   97   90   84
   78   73   68   65   62   59   56   55   54   54   54   55   55   54   53   51
   49   49   49   48   48   47   47   48   48   48   49   50   50   51   53   56
   61   67   74   83   92   99  105  109  114  120  124  128  131  134  137  140
  142  143  143  143  142  141  141  141  142
    52.5-180.0 180.0   5.0 450.0                            LAT/LON1/LON2/DLON/H
  154  154  153  150  145  139  133  128  122  119  115  111  107  102   97   92
   87   82   78   73   68   65   62   59   58   58   58   58   59   58   57   56
   55   55   56   57   57   58   58   58   58   59   59   59   58   58   59   62
   68   75   82   92  102  108  113  117  122  128  133  137  142  145  147  149
  152  153  154  153  152  151  151  152  154
    50.0-180.0 180.0   5.0 450.0                            LAT/LON1/LON2/DLON/H
  167  169  168  164  158  150  142  135  129  124  119  115  110  106  101   97
   93   89   85   81   76   73   70   67   66   65   65   65   65   64   64   63
   62   64   66   68   69   70   70   70   69   69   68   67   65   64   64   68
   75   83   93  104  113  120  125  128  132  138  143  149  153  157  158  160
  163  165  165  165  164  162  163  165  167
    47.5-180.0 180.0   5.0 450.0                            LAT/LON1/LON2/DLON/H
  181  184  183  179  172  163  155  146  138  131  126  120  114  109  104  100
   97   93   91   88   84   81   78   76   74   73   72   72   72   72   72   71
   71   74   76   79   81   82   82   80   79   77   75   72   69   67   67   72
   80   93  107  118  127  135  138  141  144  149  154  161  165  169  170  172
  174  176  177  178  177  176  176  178  181
    45.0-180.0 180.0   5.0 450.0                            LAT/LON1/LON2/DLON/H
  194  196  196  192  186  178  169  160  150  142  135  127  120  113  107  102
   99   96   94   92   90   88   86   85   83   81   80   80   80   80   80   79
   80   83   86   90   92   92   91   89   86   83   79   75   72   69   70   76
   88  104  119  132  142  149  152  155  158  162  168  173  178  180  182  183
  185  187  191  193  191  190  190  191  194
    42.5-180.0 180.0   5.0 450.0                            LAT/LON1/LON2/DLON/H
  203  205  206  203  199  192  184  174  164  154  146  136  127  119  111  104
   99   97   96   94   94   94   93   92   90   89   87   86   87   87   87   86
   87   90   94   97   99   99   97   93   90   86   82   78   74   72   74   82
   96  115  131  145  156  163  166  169  172  177  181  187  189  191  191  193
  196  199  203  205  204  202  202  201  203
    40.0-180.0 180.0   5.0 450.0                            LAT/LON1/LON2/DLON/H
  211  213  212  210  207  203  197  188  178  168  158  147  136  125  116  107
  101   99   98   97   96   97   97   96   95   93   92   92   92   92   92   91
   92   94   97  101  102  102  100   96   93   89   85   82   78   76   78   88
  106  124  142  157  168  176  180  183  185  190  194  198  199  200  200  202
  204  208  213  216  215  212  211  211  211
    37.5-180.0 180.0   5.0 450.0                            LAT/LON1/LON2/DLON/H
  217  219  217  215  214  211  209  201  191  181  171  159  147  134  122  111
  104  101   99   98   99   99   99   99   98   96   96   96   96   96   96   95
   95   96   98  101  103  103  101   97   94   92   89   86   83   81   84   95
  112  130  148  163  175  184  190  194  196  200  204  206  207  208  208  210
  212  217  222  225  225  223  221  219  217
    35.0-180.0 180.0   5.0 450.0                            LAT/LON1/LON2/DLON/H
  227  226  224  221  220  220  217  211  202  193  182  170  158  144  129  117
  108  104  101   99   99   99   99   99   98   98   98   98   99   99   98   96
   95   96   97  100  101  101  100   98   96   95   94   92   90   88   90  100
  116  132  149  164  177  188  196  201  205  207  210  211  212  214  216  219
  223  228  234  238  240  237  234  231  227
    32.5-180.0 180.0   5.0 450.0                            LAT/LON1/LON2/DLON/H
  245  241  237  232  229  229  226  219  210  201  190  178  166  152  136  121
  111  106  102   99   97   96   96   95   96   97   98  100  101  100   97   95
   93   95   97   99   99   99   99   98   98   99   98   97   94   91   93  100
  114  130  146  161  175  186  197  204  209  212  212  213  215  219  224  230
  236  244  252  259  260  258  255  251  245
    30.0-180.0 180.0   5.0 450.0                            LAT/LON1/LON2/DLON/H
  276  269  260  253  247  244  238  230  219  207  198  187  173  158  140  123
  112  107  102   96   94   91   89   88   91   95   98  100  100   99   96   94
   94   95   98   99   99   98   98   98   99  100  101   98   95   92   92   98
  110  125  142  156  169  183  196  205  211  213  213  215  218  226  235  245
  255  267  279  286  288  288  286  282  276
    27.5-180.0 180.0   5.0 450.0                            LAT/LON1/LON2/DLON/H
  323  314  301  287  277  271  262  249  235  220  208  195  179  161  142  123
  111  105   99   92   87   84   82   82   86   92   96   98   99   97   95   94
   96   99  102  102  100   97   97   97   98   99   98   96   91   87   87   92
  104  120  135  149  164  179  193  205  211  215  214  216  222  234  249  264
  282  297  314  321  325  329  327  326  323
    25.0-180.0 180.0   5.0 450.0                            LAT/LON1/LON2/DLON/H
  384  372  360  340  323  312  299  280  261  242  223  205  186  164  142  123
  110  102   94   86   81   79   79   82   86   92   96   98   97   96   95   97
  101  106  110  108  103   99   96   95   95   94   91   88   83   79   79   85
   97  113  129  144  160  176  192  205  212  216  216  219  229  246  267  291
  312  331  353  361  368  375  380  388  384
    22.5-180.0 180.0   5.0 450.0                            LAT/LON1/LON2/DLON/H
  457  448  426  405  384  365  352  327  300  276  248  221  195  170  146  125
  110  100   92   84   80   80   84   90   93   96   98   98   98   97   97  101
  108  115  119  116  108  100   96   92   89   85   82   77   71   67   69   77
   92  108  125  142  159  177  193  206  215  219  221  227  241  264  290  320
  345  367  390  400  411  423  435  453  457
    20.0-180.0 180.0   5.0 450.0                            LAT/LON1/LON2/DLON/H
  520  516  497  476  454  434  412  389  355  320  282  249  215  184  155  133
  116  104   95   89   88   93  100  105  106  106  104  103  102  102  103  109
  118  126  129  124  113  102   94   88   81   75   71   66   60   57   59   70
   88  108  127  145  163  181  198  212  221  226  232  241  260  286  316  348
  376  401  419  430  446  460  481  506  520
    17.5-180.0 180.0   5.0 450.0                            LAT/LON1/LON2/DLON/H
  553  559  552  535  517  500  482  460  421  378  331  289  247  209  176  152
  131  116  107  102  105  114  124  129  126  120  115  113  110  110  112  120
  130  138  137  130  116  103   93   83   74   66   61   56   51   48   52   66
   88  111  132  150  170  189  207  222  231  237  246  261  282  312  341  373
  398  419  433  446  458  476  502  533  553
    15.0-180.0 180.0   5.0 450.0                            LAT/LON1/LON2/DLON/H
  553  569  576  574  563  554  544  526  488  439  388  338  290  248  210  184
  159  141  130  127  132  145  155  158  151  140  131  127  124  123  125  133
  142  146  143  131  116  102   91   80   69   60   54   50   46   45   50   66
   91  116  138  159  179  199  218  233  241  250  262  281  305  335  364  391
  410  422  433  444  455  472  500  526  553
    12.5-180.0 180.0   5.0 450.0                            LAT/LON1/LON2/DLON/H
  528  549  564  581  582  584  583  571  540  494  442  388  337  295  254  227
  200  179  165  164  171  184  193  192  179  162  149  146  143  142  142  147
  150  150  144  131  115   99   88   78   66   57   52   49   46   46   53   70
   95  123  146  167  188  208  226  240  251  262  278  299  324  352  378  399
  412  417  424  431  441  456  476  502  528
    10.0-180.0 180.0   5.0 450.0                            LAT/LON1/LON2/DLON/H
  488  511  534  556  571  585  590  586  563  526  483  428  379  340  306  275
  248  226  210  208  215  226  230  223  204  184  172  170  167  165  163  160
  158  152  142  128  111   96   86   77   66   58   54   52   51   51   57   74
   99  127  150  172  194  214  231  244  255  268  286  309  336  364  386  400
  407  409  413  418  425  435  449  467  488
     7.5-180.0 180.0   5.0 450.0                            LAT/LON1/LON2/DLON/H
  454  472  491  515  535  555  568  571  556  534  497  454  412  377  347  319
  293  271  256  250  254  262  258  245  224  205  194  194  193  189  182  172
  163  150  136  121  106   94   85   76   67   61   58   58   57   56   62   76
  101  128  151  172  195  216  231  243  253  267  288  314  342  371  390  397
  400  401  404  408  412  418  427  439  454
     5.0-180.0 180.0   5.0 450.0                            LAT/LON1/LON2/DLON/H
  432  443  455  473  492  512  526  533  525  515  492  459  426  397  373  349
  324  303  290  284  284  284  275  256  234  220  213  214  215  209  199  179
  160  142  125  111   99   90   83   76   69   65   63   64   63   61   64   77
  100  124  146  169  191  213  229  241  250  262  285  313  344  371  390  395
  396  398  401  405  408  412  418  423  432
     2.5-180.0 180.0   5.0 450.0                            LAT/LON1/LON2/DLON/H
  429  432  437  447  458  470  479  485  483  480  467  443  420  398  378  358
  336  315  305  301  296  288  274  252  233  222  222  225  227  219  205  176
  151  130  114  101   91   85   80   76   71   68   69   69   67   64   65   76
   95  118  141  163  186  207  223  235  244  256  280  310  341  369  387  395
  400  403  407  411  416  421  424  427  429
