data/IONEX/CVBB2930.21i
     1.0            IONOSPHERE MAPS     MIX                 IONEX VERSION / TYPE
cmpcmb v1.2          GRL/UWM             6-nov-21 02:14     PGM / RUN BY / DATE 
ionex file containing IGS COMBINED Ionosphere maps          COMMENT             
global ionosphere maps for day 293, 2021                    DESCRIPTION         
IONEX file containing the COMBINED IGS TEC MAPS and DCBs    DESCRIPTION         
      IONEX files of the following IAACs were combined: cod DESCRIPTION         
                                                        esa DESCRIPTION         
                                                        jpl DESCRIPTION         
                                                        upc DESCRIPTION         
Contact address: Andrzej Krankowski                         DESCRIPTION
                 Geodynamics Research Laboratory            DESCRIPTION
                 University of Warmia and Mazury (GRL/UWM)  DESCRIPTION
                 Oczapowski St. 1                           DESCRIPTION
                 10-957-Olsztyn, POLAND                     DESCRIPTION
                 e-mail:  kand@uwm.edu.pl                   DESCRIPTION
                                                            DESCRIPTION         
  2021    10    20     0     0     0                        EPOCH OF FIRST MAP  
  2021    10    21     0     0     0                        EPOCH OF LAST MAP   
  7200                                                      INTERVAL            
    13                                                      # OF MAPS IN FILE   
  COSZ                                                      MAPPING FUNCTION    
     0.0                                                    ELEVATION CUTOFF    
combined TEC calculated as weighted mean of input TEC valuesOBSERVABLES USED    
   359                                                      # OF STATIONS       
    32                                                      # OF SATELLITES     
  6371.0                                                    BASE RADIUS         
     2                                                      MAP DIMENSION       
   450.0 450.0   0.0                                        HGT1 / HGT2 / DHGT  
    87.5 -87.5  -2.5                                        LAT1 / LAT2 / DLAT  
  -180.0 180.0   5.0                                        LON1 / LON2 / DLON  
    -1                                                      EXPONENT            
TEC values in 0.1 tec units;  9999, if no value available   COMMENT             
DCB values in nanoseconds, reference is Sum_of_SatDCBs = 0  COMMENT             
                                                            END OF HEADER       
     1                                                      START OF TEC MAP    
  2021    10    20     0     0     0                        EPOCH OF CURRENT MAP
    87.5-180.0 180.0   5.0 450.0                            LAT/LON1/LON2/DLON/H
   35   35   35   35   35   34   34   34   34   34   34   33   33   33   33   32
   32   31   31   31   30   30   29   29   28   28   27   26   26   25   25   24
   24   24   23   24   24   24   24   24   25   25   26   26   26   27   27   28
   29   29   30   31   31   32   32   32   33   33   34   34   34   34   34   35
   34   35   35   35   35   35   35   35   35
    85.0-180.0 180.0   5.0 450.0                            LAT/LON1/LON2/DLON/H
   40   40   40   40   40   40   40   40   40   40   39   39   38   38   37   36
   35   34   33   32   31   30   28   27   26   25   23   23   21   21   20   20
   20   20   20   20   21   21   22   23   24   24   25   26   26   27   28   29
   30   30   31   32   33   34   34   35   36   36   37   37   37   38   38   38
   38   39   39   39   40   39   40   40   40
    82.5-180.0 180.0   5.0 450.0                            LAT/LON1/LON2/DLON/H
   45   45   45   45   45   45   45   45   44   44   44   44   43   43   42   42
   40   39   37   35   33   31   29   28   25   24   21   19   18   17   16   16
   16   16   16   17   18   20   20   22   23   25   26   27   28   29   30   31
   32   32   33   34   34   35   36   37   37   38   39   39   40   41   42   42
   42   43   44   44   44   44   45   44   45
    80.0-180.0 180.0   5.0 450.0                            LAT/LON1/LON2/DLON/H
   50   50   50   50   50   49   49   49   48   48   48   48   48   49   48   48
   46   45   43   41   39   36   32   27   25   23   21   18   17   15   14   14
   14   14   15   16   17   19   21   23   25   26   28   29   30   32   33   33
   34   34   35   35   35   36   36   37   38   38   39   40   42   43   45   45
   47   48   48   49   49   49   49   50   50
    77.5-180.0 180.0   5.0 450.0                            LAT/LON1/LON2/DLON/H
   55   54   54   54   53   53   54   54   54   54   55   57   57   56   55   54
   51   49   47   45   41   38   34   30   26   24   22   19   17   15   14   14
   14   15   16   18   20   22   24   26   28   30   31   32   33   34   34   35
   35   35   35   35   35   35   35   36   36   37   38   40   42   44   46   48
   50   52   53   55   55   56   56   56   55
    75.0-180.0 180.0   5.0 450.0                            LAT/LON1/LON2/DLON/H
   62   61   60   60   61   63   63   62   61   61   62   62   62   61   59   58
   56   53   50   47   43   41   36   33   30   27   24   21   19   18   17   16
   17   17   19   21   22   25   27   29   30   32   34   34   35   34   34   34
   34   33   33   32   32   32   32   32   33   34   36   37   41   44   47   50
   53   57   59   61   63   64   64   63   62
    72.5-180.0 180.0   5.0 450.0                            LAT/LON1/LON2/DLON/H
   70   68   67   67   68   67   66   66   66   66   67   67   66   64   62   60
   56   53   50   47   44   42   38   35   34   30   27   25   23   20   19   19
   20   20   22   24   25   28   30   31   32   33   33   33   33   32   32   31
   30   29   28   27   26   26   27   27   29   31   33   36   39   43   48   52
   57   61   65   69   71   72   73   72   70
    70.0-180.0 180.0   5.0 450.0                            LAT/LON1/LON2/DLON/H
   80   78   75   73   72   71   71   71   72   72   71   69   68   65   64   60
   56   53   50   46   45   43   39   37   37   33   30   28   26   24   22   21
   21   22   23   25   26   28   30   31   31   31   31   30   29   28   27   26
   24   24   22   22   21   21   22   23   25   27   30   34   39   44   50   55
   61   66   71   76   79   81   82   81   80
    67.5-180.0 180.0   5.0 450.0                            LAT/LON1/LON2/DLON/H
   89   86   83   80   77   76   75   75   76   76   75   73   72   70   65   60
   55   52   48   44   44   42   40   39   38   35   32   30   29   26   25   23
   22   22   23   25   26   27   28   28   28   27   27   25   23   22   21   20
   18   18   17   17   17   17   19   20   23   27   30   35   40   46   52   58
   65   71   77   83   87   90   91   91   89
    65.0-180.0 180.0   5.0 450.0                            LAT/LON1/LON2/DLON/H
   96   94   90   86   83   80   79   79   80   80   79   78   77   73   67   61
   55   51   47   44   43   41   40   40   38   36   33   31   29   27   25   24
   23   22   22   23   24   23   24   24   24   23   22   20   18   17   16   15
   14   14   14   14   14   15   17   20   23   27   32   38   44   51   56   62
   69   75   82   88   93   97   98   98   96
    62.5-180.0 180.0   5.0 450.0                            LAT/LON1/LON2/DLON/H
  102   99   95   91   87   84   83   83   83   83   83   82   81   75   71   64
   58   52   48   45   43   41   40   39   37   35   32   30   28   26   24   22
   21   20   20   21   21   20   20   20   20   19   18   17   16   15   14   13
   13   12   12   13   13   15   17   20   25   30   36   43   49   55   61   68
   73   80   86   92   96  100  103  103  102
    60.0-180.0 180.0   5.0 450.0                            LAT/LON1/LON2/DLON/H
  106  103  100   96   92   89   87   86   86   86   87   86   84   79   75   69
   63   57   52   48   45   42   40   39   37   34   31   28   26   24   22   20
   18   17   17   18   18   18   18   18   19   18   18   17   17   16   16   15
   14   14   14   14   15   16   19   23   28   35   41   49   55   61   66   72
   77   83   88   94  100  104  106  107  106
    57.5-180.0 180.0   5.0 450.0                            LAT/LON1/LON2/DLON/H
  110  108  106  102   97   94   92   90   89   90   89   89   86   83   80   75
   69   63   58   53   49   45   42   40   37   33   30   28   25   23   21   19
   17   16   16   18   18   19   19   20   21   21   22   22   21   21   20   19
   19   18   17   17   17   19   23   27   32   40   48   55   61   66   71   76
   81   86   92   96  102  106  109  110  110
    55.0-180.0 180.0   5.0 450.0                            LAT/LON1/LON2/DLON/H
  117  115  113  110  105  101   98   95   94   93   92   91   89   87   84   80
   75   70   64   59   53   48   44   40   36   33   30   28   26   23   22   21
   19   19   19   21   22   23   24   25   26   27   28   28   28   27   27   26
   25   23   22   22   22   24   27   32   38   46   54   61   66   72   77   81
   85   90   96  101  106  110  114  115  117
    52.5-180.0 180.0   5.0 450.0                            LAT/LON1/LON2/DLON/H
  126  125  124  120  115  111  107  104  101   98   95   93   92   90   88   85
   81   75   69   63   56   50   45   40   37   35   32   31   29   27   26   24
   24   24   26   27   28   29   31   32   33   35   36   36   35   35   34   34
   33   31   30   28   28   29   32   37   43   51   59   67   72   76   82   86
   90   96  102  107  113  117  121  124  126
    50.0-180.0 180.0   5.0 450.0                            LAT/LON1/LON2/DLON/H
  138  139  137  134  129  124  119  114  110  105  100   97   95   93   92   89
   85   79   72   65   57   51   46   42   40   38   36   36   35   34   32   30
   30   31   33   35   36   37   39   40   41   43   43   43   42   42   42   41
   40   39   38   35   34   34   37   41   48   56   64   71   77   81   87   92
   97  104  112  118  124  129  132  136  138
    47.5-180.0 180.0   5.0 450.0                            LAT/LON1/LON2/DLON/H
  153  155  153  149  144  139  133  127  121  114  107  103  100   98   96   93
   88   81   73   65   58   52   48   45   43   43   43   43   43   42   40   38
   38   39   42   43   44   45   45   46   48   49   49   49   48   48   47   48
   48   47   46   43   40   40   42   46   53   61   69   76   82   86   92   99
  104  112  122  130  137  142  147  151  153
    45.0-180.0 180.0   5.0 450.0                            LAT/LON1/LON2/DLON/H
  170  171  168  165  159  154  147  140  132  124  116  110  106  103  101   97
   91   83   74   65   58   54   51   49   49   50   50   51   52   51   47   46
   46   47   49   51   51   51   51   51   52   52   53   53   53   53   53   54
   55   55   54   51   48   47   48   53   59   67   75   82   87   92   98  105
  113  122  132  140  148  156  163  168  170
    42.5-180.0 180.0   5.0 450.0                            LAT/LON1/LON2/DLON/H
  186  184  181  177  173  167  159  151  143  134  124  117  112  108  105  101
   93   84   76   67   61   57   55   55   56   57   57   58   59   58   54   52
   53   54   55   56   56   55   54   54   54   55   55   56   57   58   59   61
   62   63   62   60   57   55   55   60   66   74   81   89   95  100  106  113
  121  131  141  151  162  170  180  184  186
    40.0-180.0 180.0   5.0 450.0                            LAT/LON1/LON2/DLON/H
  199  197  191  186  182  177  170  161  151  141  132  123  118  114  109  104
   96   88   78   70   65   62   61   61   63   63   63   62   62   61   58   56
   57   58   59   60   59   57   57   56   57   58   58   60   61   63   64   66
   69   70   69   67   64   62   62   67   74   81   88   96  103  108  115  122
  130  139  150  161  174  185  194  199  199
    37.5-180.0 180.0   5.0 450.0                            LAT/LON1/LON2/DLON/H
  213  207  200  193  189  183  177  167  158  147  137  129  124  119  114  108
  100   91   82   74   70   68   67   67   67   67   65   64   62   60   59   58
   60   60   61   62   61   60   59   60   61   62   63   65   67   69   70   72
   74   75   75   72   69   67   68   72   79   87   95  103  110  117  124  131
  137  146  156  167  181  194  204  212  213
    35.0-180.0 180.0   5.0 450.0                            LAT/LON1/LON2/DLON/H
  225  219  207  199  194  190  182  172  162  152  142  135  130  124  119  112
  104   95   86   79   75   73   72   71   69   67   65   63   61   60   59   59
   60   62   62   63   63   63   64   65   67   69   70   73   75   77   77   77
   77   77   76   73   71   70   71   76   84   93  101  108  116  125  132  138
  145  152  160  171  185  199  212  223  225
    32.5-180.0 180.0   5.0 450.0                            LAT/LON1/LON2/DLON/H
  238  231  219  207  202  197  190  180  168  158  148  140  134  130  125  117
  108  100   91   84   80   76   73   70   69   65   63   61   60   59   59   60
   61   63   65   66   67   69   72   74   76   78   80   83   85   85   83   80
   78   76   74   72   69   68   71   77   87   98  106  114  122  131  139  145
  151  157  164  174  187  202  218  233  238
    30.0-180.0 180.0   5.0 450.0                            LAT/LON1/LON2/DLON/H
  254  250  238  225  218  212  204  194  179  166  156  146  140  134  128  122
  113  105   97   88   82   77   73   69   67   64   62   60   59   60   61   62
   66   68   70   72   74   79   82   86   88   90   90   93   94   93   88   82
   77   73   70   68   65   65   69   79   91  102  111  120  128  136  143  151
  156  162  168  177  192  209  228  246  254
    27.5-180.0 180.0   5.0 450.0                            LAT/LON1/LON2/DLON/H
  275  276  266  255  246  240  232  218  200  183  170  158  148  139  132  125
  116  109  100   90   81   75   71   68   66   65   63   62   63   65   68   70
   74   77   79   82   86   93   98  102  103  101   99  101  102   99   90   80
   74   68   65   63   60   61   68   79   93  106  116  125  133  140  148  156
  163  169  176  186  201  221  244  263  275
    25.0-180.0 180.0   5.0 450.0                            LAT/LON1/LON2/DLON/H
  302  308  303  296  288  282  270  252  231  210  192  176  161  147  137  128
  119  111  101   90   80   73   69   69   70   71   71   71   74   77   80   83
   87   90   91   95   99  107  113  117  116  111  106  105  106   98   86   76
   69   63   59   56   55   56   64   78   96  110  121  129  138  146  154  163
  172  180  190  200  216  236  260  284  302
    22.5-180.0 180.0   5.0 450.0                            LAT/LON1/LON2/DLON/H
  332  343  346  343  340  339  323  299  275  249  225  200  179  159  144  132
  121  111  102   91   81   74   72   75   80   84   86   88   91   96   99  102
  105  106  106  110  113  121  127  127  123  119  110  105  104   93   79   69
   61   56   53   49   48   51   61   78   98  115  126  135  145  154  163  174
  183  194  208  220  236  256  280  309  332
    20.0-180.0 180.0   5.0 450.0                            LAT/LON1/LON2/DLON/H
  364  382  390  397  400  397  380  358  328  298  265  235  205  180  158  142
  127  114  104   95   85   81   82   88   99  107  111  114  114  118  122  124
  124  122  120  122  123  129  132  128  123  121  112  103   99   86   71   61
   53   49   47   45   44   47   59   79  101  120  133  144  154  164  175  186
  197  210  228  242  259  278  301  334  364
    17.5-180.0 180.0   5.0 450.0                            LAT/LON1/LON2/DLON/H
  389  416  431  446  455  455  444  426  393  358  317  279  240  207  179  158
  138  123  112  103   97   96  100  110  125  137  142  144  142  141  144  146
  141  137  131  128  127  129  128  122  118  115  107  100   93   79   65   54
   48   46   44   42   42   47   61   83  106  127  142  154  165  176  189  202
  214  230  248  265  283  299  321  355  389
    15.0-180.0 180.0   5.0 450.0                            LAT/LON1/LON2/DLON/H
  399  431  455  479  500  505  497  483  455  418  375  330  283  242  207  182
  156  139  126  118  115  118  127  139  156  169  174  175  171  166  165  162
  158  150  141  131  127  122  119  115  111  105   97   91   84   72   59   51
   47   46   44   43   42   48   65   89  114  136  151  166  178  190  203  219
  233  249  267  285  299  312  332  361  399
    12.5-180.0 180.0   5.0 450.0                            LAT/LON1/LON2/DLON/H
  390  421  450  488  524  537  533  524  505  476  432  382  326  281  239  211
  184  164  149  144  144  150  161  172  185  198  202  202  195  186  181  176
  170  164  150  133  126  117  113  108  103   95   87   82   74   66   57   51
   49   48   46   45   45   52   70   95  122  143  161  177  190  203  218  233
  249  265  282  298  310  321  334  358  390
    10.0-180.0 180.0   5.0 450.0                            LAT/LON1/LON2/DLON/H
  372  397  430  471  516  540  539  540  537  519  480  425  364  317  276  243
  217  196  182  180  184  193  202  206  213  221  221  217  206  198  192  186
  178  169  153  136  126  113  107  101   96   89   83   77   70   65   59   54
   53   53   51   48   48   57   75  100  127  150  169  185  200  216  230  242
  257  274  291  305  316  325  333  349  372
     7.5-180.0 180.0   5.0 450.0                            LAT/LON1/LON2/DLON/H
  359  379  405  443  482  512  521  532  539  533  500  452  399  349  311  278
  252  233  222  225  232  241  243  237  233  231  226  219  207  201  198  192
  183  170  155  136  124  110  102   97   93   88   82   77   72   67   62   59
   59   58   54   51   50   60   79  106  133  154  172  189  207  224  236  245
  259  275  291  305  315  324  332  342  359
     5.0-180.0 180.0   5.0 450.0                            LAT/LON1/LON2/DLON/H
  352  368  388  418  449  475  486  499  508  514  499  462  418  374  339  309
  285  268  262  267  275  280  275  259  241  226  220  215  204  200  198  193
  186  174  156  136  123  106   97   94   92   88   85   81   77   73   68   65
   64   62   57   51   52   62   84  111  136  156  172  190  208  225  236  243
  255  269  284  298  311  322  331  340  352
     2.5-180.0 180.0   5.0 450.0                            LAT/LON1/LON2/DLON/H
  354  367  383  406  430  447  453  461  469  481  476  453  422  386  356  332
  311  296  293  299  307  308  292  262  235  218  209  203  199  198  198  194
  187  175  157  137  123  105   94   92   91   90   89   85   81   79   75   71
   68   64   58   52   53   65   87  113  135  154  170  188  204  218  230  237
  247  259  273  288  305  321  333  343  354
