data/IONEX/CVBB3160.21i
     1.0            IONOSPHERE MAPS     MIX                 IONEX VERSION / TYPE
cmpcmb v1.2          GRL/UWM             6-dec-21 18:41     PGM / RUN BY / DATE 
ionex file containing IGS COMBINED Ionosphere maps          COMMENT             
global ionosphere maps for day 316, 2021                    DESCRIPTION         
IONEX file containing the COMBINED IGS TEC MAPS and DCBs    DESCRIPTION         
      IONEX files of the following IAACs were combined: cod DESCRIPTION         
                                                        esa DESCRIPTION         
                                                        jpl DESCRIPTION         
                                                        upc DESCRIPTION         
Contact address: Andrzej Krankowski                         DESCRIPTION
                 Geodynamics Research Laboratory            DESCRIPTION
                 University of Warmia and Mazury (GRL/UWM)  DESCRIPTION
                 Oczapowski St. 1                           DESCRIPTION
                 10-957-Olsztyn, POLAND                     DESCRIPTION
                 e-mail:  kand@uwm.edu.pl                   DESCRIPTION
                                                            DESCRIPTION         
  2021    11    12     0     0     0                        EPOCH OF FIRST MAP  
  2021    11    13     0     0     0                        EPOCH OF LAST MAP   
  7200                                                      INTERVAL            
    13                                                      # OF MAPS IN FILE   
  COSZ                                                      MAPPING FUNCTION    
     0.0                                                    ELEVATION CUTOFF    
combined TEC calculated as weighted mean of input TEC valuesOBSERVABLES USED    
   353                                                      # OF STATIONS       
    32                                                      # OF SATELLITES     
  6371.0                                                    BASE RADIUS         
     2                                                      MAP DIMENSION       
   450.0 450.0   0.0                                        HGT1 / HGT2 / DHGT  
    87.5 -87.5  -2.5                                        LAT1 / LAT2 / DLAT  
  -180.0 180.0   5.0                                        LON1 / LON2 / DLON  
    -1                                                      EXPONENT            
TEC values in 0.1 tec units;  9999, if no value available   COMMENT             
DCB values in nanoseconds, reference is Sum_of_SatDCBs = 0  COMMENT             
                                                            END OF HEADER       
[from data line 2574]
     7                                                      START OF TEC MAP    
  2021    11    12    12     0     0                        EPOCH OF CURRENT MAP
    87.5-180.0 180.0   5.0 450.0                            LAT/LON1/LON2/DLON/H
   46   46   46   46   45   45   45   44   44   44   43   43   43   43   42   42
   42   42   41   41   41   41   41   41   41   41   41   41   41   41   41   42
   42   42   43   43   43   44   44   44   44   44   44   44   45   45   45   45
   45   46   46   46   46   46   47   47   47   47   47   47   47   47   47   47
   47   47   47   47   47   47   47   47   46
    85.0-180.0 180.0   5.0 450.0                            LAT/LON1/LON2/DLON/H
   46   46   45   44   43   43   42   41   40   39   39   39   38   38   37   37
   37   37   37   37   36   36   36   36   37   37   37   37   38   38   39   39
   40   41   41   42   42   42   43   43   43   43   44   44   44   44   44   44
   44   44   45   45   45   45   46   47   47   47   47   47   47   48   48   48
   48   48   48   48   48   48   47   47   46
    82.5-180.0 180.0   5.0 450.0                            LAT/LON1/LON2/DLON/H
   42   41   40   39   39   38   37   37   35   35   34   33   33   33   32   32
   32   32   32   31   32   33   32   33   33   33   34   35   36   37   38   39
   39   40   40   42   42   42   43   43   43   43   42   42   41   40   40   40
   40   40   40   41   41   42   42   43   44   44   45   45   45   46   46   47
   47   47   46   46   45   44   44   42   42
    80.0-180.0 180.0   5.0 450.0                            LAT/LON1/LON2/DLON/H
   36   35   34   33   33   32   31   31   30   29   29   28   28   28   29   29
   29   29   29   29   29   29   30   30   31   32   33   34   36   38   40   42
   45   47   48   49   50   49   48   48   47   46   44   43   41   39   38   37
   35   35   35   35   37   37   38   39   40   41   42   42   42   42   42   43
   42   42   41   40   39   38   37   36   36
    77.5-180.0 180.0   5.0 450.0                            LAT/LON1/LON2/DLON/H
   29   28   27   27   26   26   26   26   26   26   26   26   26   26   26   26
   27   27   27   27   27   28   29   31   32   33   35   36   39   42   44   47
   50   53   55   56   57   57   57   55   53   51   48   46   44   41   40   37
   35   34   34   33   34   34   35   36   37   37   38   39   39   38   38   37
   36   36   34   33   31   30   29   29   29
    75.0-180.0 180.0   5.0 450.0                            LAT/LON1/LON2/DLON/H
   22   22   22   22   22   23   23   23   23   24   23   24   24   25   27   27
   28   29   29   30   31   31   31   33   35   37   40   43   46   49   51   55
   58   61   64   65   66   66   66   64   62   59   56   53   50   48   44   41
   38   37   35   34   34   34   33   33   34   35   36   36   35   34   33   32
   30   28   27   25   24   23   22   22   22
    72.5-180.0 180.0   5.0 450.0                            LAT/LON1/LON2/DLON/H
   18   18   19   19   20   21   21   22   22   22   22   24   25   27   28   29
   31   32   33   35   35   36   37   38   40   41   45   48   52   55   59   63
   67   70   73   76   77   79   77   75   74   70   68   65   61   57   52   48
   44   41   39   37   36   34   34   33   33   34   33   33   32   31   29   27
   25   23   21   19   18   17   17   17   18
    70.0-180.0 180.0   5.0 450.0                            LAT/LON1/LON2/DLON/H
   16   16   17   18   19   20   21   22   22   22   23   24   26   28   29   32
   34   35   37   38   39   40   41   42   44   47   50   54   58   62   66   71
   75   79   82   85   87   88   89   88   85   82   79   76   72   67   61   57
   52   47   45   42   39   37   36   35   34   33   33   32   30   29   27   24
   22   19   17   16   15   15   15   15   16
    67.5-180.0 180.0   5.0 450.0                            LAT/LON1/LON2/DLON/H
   16   17   17   18   19   20   21   21   22   23   23   24   26   27   30   32
   35   37   39   40   41   42   44   45   48   51   55   59   63   68   72   77
   82   87   90   93   95   96   96   96   94   92   89   85   82   76   71   66
   60   54   51   47   43   41   37   36   34   33   31   30   29   27   26   24
   22   20   18   17   16   15   15   15   16
    65.0-180.0 180.0   5.0 450.0                            LAT/LON1/LON2/DLON/H
   20   19   20   20   20   21   20   21   21   22   22   24   24   26   28   31
   33   35   37   38   39   41   43   45   50   54   59   64   69   74   78   83
   88   93   97   99  101  102  102  101  100   99   97   94   90   85   79   73
   67   61   56   51   46   43   39   36   33   31   30   29   28   27   26   24
   23   21   20   19   19   19   19   19   20
    62.5-180.0 180.0   5.0 450.0                            LAT/LON1/LON2/DLON/H
   24   23   23   22   22   22   21   20   20   21   21   22   23   24   26   28
   29   31   32   33   35   37   40   44   50   56   62   68   74   80   84   90
   95   99  102  105  107  106  106  105  105  105  104  101   98   93   87   80
   73   66   60   54   49   44   40   35   32   29   28   28   27   28   27   26
   26   24   24   24   24   24   24   24   24
    60.0-180.0 180.0   5.0 450.0                            LAT/LON1/LON2/DLON/H
   29   28   27   25   24   23   21   21   20   19   20   20   21   22   23   24
   25   26   27   28   30   33   37   42   49   56   64   71   79   86   90   97
  102  106  109  110  111  111  110  109  109  110  110  108  104   99   91   84
   76   70   63   56   50   44   39   34   31   28   27   27   28   29   29   29
   28   28   28   29   29   30   30   30   29
    57.5-180.0 180.0   5.0 450.0                            LAT/LON1/LON2/DLON/H
   34   32   30   28   26   25   24   22   21   20   20   20   20   21   21   22
   22   22   22   24   26   30   35   42   49   58   67   75   83   91   97  103
  110  114  117  117  116  115  114  113  114  116  116  115  110  105   97   88
   81   73   65   58   51   45   41   35   32   30   29   29   30   31   31   31
   31   32   32   33   34   35   36   35   34
    55.0-180.0 180.0   5.0 450.0                            LAT/LON1/LON2/DLON/H
   38   35   33   31   30   28   27   26   24   23   22   22   22   22   22   22
   22   20   21   22   24   29   36   44   53   63   72   80   88   95  102  109
  116  122  125  125  124  122  121  121  121  123  123  122  117  110  102   94
   86   76   68   60   54   49   44   40   37   35   34   34   34   34   34   34
   34   34   35   36   38   39   40   39   38
    52.5-180.0 180.0   5.0 450.0                            LAT/LON1/LON2/DLON/H
   42   40   37   35   34   33   32   32   30   28   27   26   26   25   25   24
   23   22   22   24   27   33   41   50   59   70   78   86   93  101  107  114
  121  128  133  133  132  131  131  130  131  132  132  130  126  118  109  101
   91   82   73   65   59   54   50   47   45   43   42   41   40   39   38   38
   38   37   38   39   40   42   43   43   42
    50.0-180.0 180.0   5.0 450.0                            LAT/LON1/LON2/DLON/H
   45   44   42   41   40   40   40   40   39   37   35   33   33   32   31   30
   29   28   28   29   33   41   49   58   69   78   86   93   99  105  111  117
  124  131  136  139  140  140  141  141  141  142  142  140  134  128  118  109
  101   92   81   73   67   63   59   57   55   53   51   50   48   47   45   43
   42   41   40   41   43   45   46   46   45
    47.5-180.0 180.0   5.0 450.0                            LAT/LON1/LON2/DLON/H
   49   49   48   47   47   48   49   48   48   47   44   43   42   41   40   38
   37   36   36   38   42   50   59   70   79   88   95  101  105  109  114  119
  125  131  136  141  144  147  149  150  151  151  151  149  144  137  129  121
  113  103   92   84   78   74   71   68   66   64   62   60   58   55   52   49
   47   45   44   45   46   47   49   50   49
    45.0-180.0 180.0   5.0 450.0                            LAT/LON1/LON2/DLON/H
   53   54   53   54   55   56   57   56   56   56   54   53   53   51   49   48
   45   45   45   48   53   61   71   81   90   98  105  109  112  114  116  119
  123  128  134  140  146  150  155  157  159  159  159  157  152  147  141  135
  127  116  105   96   89   85   81   79   76   73   70   68   65   62   58   56
   52   50   49   49   49   50   51   53   53
    42.5-180.0 180.0   5.0 450.0                            LAT/LON1/LON2/DLON/H
   56   58   58   59   61   63   63   63   63   63   62   61   61   60   59   57
   55   54   55   58   64   72   81   91  100  108  114  117  118  118  118  119
  121  124  129  137  144  152  157  161  164  166  166  163  160  156  151  146
  139  129  118  108   99   94   90   86   83   79   75   72   69   66   63   61
   57   54   53   53   52   52   54   55   56
    40.0-180.0 180.0   5.0 450.0                            LAT/LON1/LON2/DLON/H
   58   60   62   63   65   67   68   68   68   68   68   68   68   68   67   65
   63   62   63   67   73   82   90  100  108  116  121  124  125  123  122  120
  120  122  127  135  144  152  160  165  169  172  171  169  167  164  160  156
  149  141  129  117  107   99   94   90   85   81   76   73   71   69   67   64
   61   59   57   56   55   54   55   56   58
    37.5-180.0 180.0   5.0 450.0                            LAT/LON1/LON2/DLON/H
   57   59   62   64   66   67   68   69   70   71   72   72   73   73   73   71
   69   68   69   72   80   88   97  107  115  122  128  130  131  130  127  125
  124  126  130  137  146  156  165  172  178  180  179  177  174  171  168  164
  159  151  137  123  111  101   95   89   84   80   76   73   72   70   68   66
   64   62   60   59   57   55   55   56   57
    35.0-180.0 180.0   5.0 450.0                            LAT/LON1/LON2/DLON/H
   55   57   60   62   63   63   65   66   69   72   73   75   77   78   78   76
   73   72   72   76   84   93  103  113  121  128  134  136  137  136  135  134
  133  135  138  146  156  166  176  185  192  195  191  187  182  178  175  173
  168  158  142  127  114  103   95   88   83   79   76   74   73   71   70   69
   67   65   63   61   58   55   54   54   55
    32.5-180.0 180.0   5.0 450.0                            LAT/LON1/LON2/DLON/H
   52   54   56   57   58   58   60   62   66   69   72   76   79   81   81   79
   76   74   73   78   87   98  108  118  127  134  139  142  142  143  144  146
  148  151  155  163  173  185  195  207  215  218  210  203  194  188  183  181
  178  164  149  133  120  108   99   93   88   83   79   77   75   74   72   71
   69   67   65   62   58   55   53   52   52
    30.0-180.0 180.0   5.0 450.0                            LAT/LON1/LON2/DLON/H
   50   50   51   52   53   54   55   57   61   65   69   74   79   82   82   80
   77   75   75   80   90  102  112  124  133  140  145  146  147  149  155  162
  167  173  180  190  201  217  226  238  246  249  235  224  214  202  195  194
  190  175  159  144  132  120  111  103   97   92   87   84   81   79   77   75
   73   70   68   64   59   55   52   51   50
    27.5-180.0 180.0   5.0 450.0                            LAT/LON1/LON2/DLON/H
   50   50   49   49   49   49   51   53   57   61   65   71   75   79   80   78
   76   74   75   82   93  104  116  129  138  144  148  150  152  158  169  180
  191  200  211  224  241  262  269  276  282  277  263  248  236  223  214  211
  206  191  177  162  150  139  131  120  113  107  100   96   92   89   85   82
   79   76   72   68   63   59   55   52   50
    25.0-180.0 180.0   5.0 450.0                            LAT/LON1/LON2/DLON/H
   55   53   51   49   48   48   49   51   54   58   62   66   71   75   77   76
   73   73   75   83   96  108  120  133  142  147  150  152  157  168  184  201
  217  230  242  265  283  305  321  316  311  298  286  273  262  251  240  234
  226  215  201  189  175  164  156  146  135  128  120  113  108  103   97   93
   87   82   78   73   69   65   61   57   55
    22.5-180.0 180.0   5.0 450.0                            LAT/LON1/LON2/DLON/H
   63   60   57   53   50   49   50   51   53   56   59   63   67   70   72   71
   70   71   76   86   99  113  125  136  145  148  150  153  163  180  202  223
  243  258  273  298  330  348  355  341  322  307  299  294  288  280  271  263
  254  244  232  221  208  196  187  176  164  154  143  135  128  121  114  106
   97   90   85   80   76   72   69   66   63
    20.0-180.0 180.0   5.0 450.0                            LAT/LON1/LON2/DLON/H
   73   70   65   61   56   53   52   53   53   55   57   60   64   66   68   68
   67   69   78   91  105  117  128  138  145  148  150  155  168  193  220  246
  267  282  297  319  346  359  354  334  318  313  311  312  315  311  306  296
  290  280  268  258  246  231  221  208  196  182  171  160  152  143  133  123
  111  101   94   88   84   81   79   76   73
    17.5-180.0 180.0   5.0 450.0                            LAT/LON1/LON2/DLON/H
   83   79   75   69   63   58   57   57   56   56   57   59   61   62   63   63
   64   68   80   95  110  121  131  138  144  147  151  160  177  204  237  267
  286  297  311  324  336  343  334  318  312  322  324  332  338  341  340  335
  327  318  306  295  283  266  253  239  226  212  197  186  177  167  154  142
  127  113  104   97   92   90   88   86   83
    15.0-180.0 180.0   5.0 450.0                            LAT/LON1/LON2/DLON/H
   93   88   83   78   71   65   63   61   60   58   57   57   58   58   58   59
   61   68   81   98  114  125  132  138  142  146  153  167  189  216  248  283
  298  307  320  327  327  325  318  310  307  322  333  348  361  368  370  368
  361  351  340  328  315  300  281  264  248  234  219  208  198  187  173  158
  141  125  113  105  100   97   96   95   93
    12.5-180.0 180.0   5.0 450.0                            LAT/LON1/LON2/DLON/H
   98   94   91   86   78   71   68   66   63   59   57   55   55   55   55   55
   59   67   83  101  117  127  133  137  141  147  158  177  202  231  263  291
  305  314  324  330  327  322  316  310  307  321  340  363  379  388  393  394
  386  377  365  353  339  321  299  278  261  245  230  219  209  199  187  170
  153  135  121  111  105  103  102  100   98
    10.0-180.0 180.0   5.0 450.0                            LAT/LON1/LON2/DLON/H
  100   98   95   90   83   76   72   70   66   61   57   54   53   53   52   53
   57   68   85  103  118  128  133  137  142  151  166  190  217  248  276  297
  311  320  328  333  332  329  324  319  318  332  353  376  393  403  409  409
  403  394  381  368  352  331  306  281  262  246  232  222  213  204  194  177
  160  142  127  115  108  104  103  101  100
     7.5-180.0 180.0   5.0 450.0                            LAT/LON1/LON2/DLON/H
   98   96   94   91   85   79   76   73   69   63   57   53   51   50   51   53
   58   69   86  104  119  129  136  141  148  160  179  206  235  263  288  305
  319  328  335  341  343  345  344  342  346  356  373  389  404  412  418  417
  412  401  388  374  356  334  308  280  256  240  228  219  211  204  194  176
  161  146  131  118  108  104  102   99   98
     5.0-180.0 180.0   5.0 450.0                            LAT/LON1/LON2/DLON/H
   93   92   90   88   85   81   77   74   70   64   57   52   49   49   50   53
   59   71   89  107  122  133  141  148  159  174  195  224  252  278  298  314
  326  337  346  355  363  369  375  377  384  387  395  404  414  420  421  419
  412  401  387  374  358  334  307  279  253  236  226  217  209  200  190  175
  161  148  134  121  111  104   99   95   93
     2.5-180.0 180.0   5.0 450.0                            LAT/LON1/LON2/DLON/H
   90   88   86   85   84   82   78   74   70   64   57   52   48   48   49   53
   60   73   92  110  125  137  147  158  172  190  212  238  265  287  305  318
  331  343  358  372  386  399  409  418  423  422  418  418  422  422  420  414
  406  395  382  370  355  333  308  280  254  238  229  219  209  198  187  174
  162  151  139  124  114  105   97   92   90
