data/IONEX/CVBB2800.21i
     1.0            IONOSPHERE MAPS     MIX                 IONEX VERSION / TYPE
cmpcmb v1.2          GRL/UWM            27-oct-21 23:34     PGM / RUN BY / DATE 
ionex file containing IGS COMBINED Ionosphere maps          COMMENT             
global ionosphere maps for day 280, 2021                    DESCRIPTION         
IONEX file containing the COMBINED IGS TEC MAPS and DCBs    DESCRIPTION         
      IONEX files of the following IAACs were combined: cod DESCRIPTION         
                                                        esa DESCRIPTION         
                                                        jpl DESCRIPTION         
                                                        upc DESCRIPTION         
Contact address: Andrzej Krankowski                         DESCRIPTION
                 Geodynamics Research Laboratory            DESCRIPTION
                 University of Warmia and Mazury (GRL/UWM)  DESCRIPTION
                 Oczapowski St. 1                           DESCRIPTION
                 10-957-Olsztyn, POLAND                     DESCRIPTION
                 e-mail:  kand@uwm.edu.pl                   DESCRIPTION
                                                            DESCRIPTION         
  2021    10     7     0     0     0                        EPOCH OF FIRST MAP  
  2021    10     8     0     0     0                        EPOCH OF LAST MAP   
  7200                                                      INTERVAL            
    13                                                      # OF MAPS IN FILE   
  COSZ                                                      MAPPING FUNCTION    
     0.0                                                    ELEVATION CUTOFF    
combined TEC calculated as weighted mean of input TEC valuesOBSERVABLES USED    
   364                                                      # OF STATIONS       
    32                                                      # OF SATELLITES     
  6371.0                                                    BASE RADIUS         
     2                                                      MAP DIMENSION       
   450.0 450.0   0.0                                        HGT1 / HGT2 / DHGT  
    87.5 -87.5  -2.5                                        LAT1 / LAT2 / DLAT  
  -180.0 180.0   5.0                                        LON1 / LON2 / DLON  
    -1                                                      EXPONENT            
TEC values in 0.1 tec units;  9999, if no value available   COMMENT             
DCB values in nanoseconds, reference is Sum_of_SatDCBs = 0  COMMENT             
                                                            END OF HEADER       
[from data line 1287]
     4                                                      START OF TEC MAP    
  2021    10     7     6     0     0                        EPOCH OF CURRENT MAP
    87.5-180.0 180.0   5.0 450.0                            LAT/LON1/LON2/DLON/H
   42   43   43   43   43   42   42   43   43   43   43   43   43   43   43   43
   43   43   43   42   43   42   42   42   42   42   42   41   41   41   42   41
   42   41   41   42   42   42   41   41   42   42   42   42   42   42   42   42
   42   42   42   43   42   42   42   42   42   42   42   42   42   42   42   42
   42   42   42   42   42   42   42   42   42
    85.0-180.0 180.0   5.0 450.0                            LAT/LON1/LON2/DLON/H
   41   42   42   41   42   42   42   43   43   43   43   43   43   43   43   43
   43   42   42   42   42   41   41   41   40   40   40   40   40   40   41   41
   41   41   42   42   42   42   43   43   43   43   43   44   44   44   45   45
   45   45   45   45   46   46   46   45   45   45   44   45   44   44   43   43
   42   42   42   42   42   41   41   41   41
    82.5-180.0 180.0   5.0 450.0                            LAT/LON1/LON2/DLON/H
   40   40   40   41   42   42   43   44   44   45   45   45   45   45   44   44
   43   42   41   41   40   39   39   38   37   38   39   38   39   40   39   40
   40   42   42   43   43   44   45   45   47   47   48   49   49   50   49   50
   51   51   51   52   52   53   53   52   52   51   50   50   49   48   47   46
   45   45   43   42   42   41   41   40   40
    80.0-180.0 180.0   5.0 450.0                            LAT/LON1/LON2/DLON/H
   41   40   41   42   43   44   45   46   46   47   47   46   46   45   44   43
   41   40   39   37   37   36   35   36   36   36   36   36   36   37   37   38
   40   41   42   43   45   46   47   49   50   51   53   53   55   57   58   59
   60   61   61   61   62   63   63   63   62   62   61   59   58   57   55   53
   52   50   49   47   45   44   42   41   41
    77.5-180.0 180.0   5.0 450.0                            LAT/LON1/LON2/DLON/H
   42   42   42   43   43   44   45   46   48   48   48   47   45   44   43   40
   38   36   35   33   31   31   31   31   31   31   32   32   32   33   35   36
   37   39   41   42   44   47   49   52   54   56   58   60   62   65   67   69
   70   72   73   74   76   76   77   76   76   75   73   72   70   68   66   64
   61   59   57   54   52   49   46   44   42
    75.0-180.0 180.0   5.0 450.0                            LAT/LON1/LON2/DLON/H
   46   44   43   42   42   43   44   45   46   47   47   46   45   42   39   37
   35   32   30   29   28   28   28   29   29   29   29   30   30   30   31   33
   34   36   38   41   44   46   50   53   57   60   63   66   69   72   75   79
   81   83   86   88   90   91   91   91   90   88   87   85   83   80   78   76
   73   71   68   65   62   57   53   49   46
    72.5-180.0 180.0   5.0 450.0                            LAT/LON1/LON2/DLON/H
   53   48   44   42   41   40   41   43   45   46   46   45   43   40   37   34
   31   29   27   27   26   27   27   29   30   30   30   30   29   29   30   29
   31   32   35   38   42   47   50   54   58   63   67   71   75   80   84   87
   91   95   98  100  102  103  103  103  102  100   97   95   93   91   89   87
   85   82   80   76   72   67   63   57   53
    70.0-180.0 180.0   5.0 450.0                            LAT/LON1/LON2/DLON/H
   59   54   48   43   40   39   39   40   42   44   44   43   41   39   36   32
   30   28   27   26   27   28   30   31   32   32   32   31   29   28   27   26
   27   29   31   35   39   45   50   55   60   66   71   76   81   86   91   95
  100  104  109  110  112  113  112  111  108  106  104  101   99   98   96   94
   93   91   89   86   82   77   72   66   59
    67.5-180.0 180.0   5.0 450.0                            LAT/LON1/LON2/DLON/H
   67   59   52   46   40   38   37   38   39   41   42   41   40   38   34   32
   29   28   27   27   28   31   32   35   35   35   34   32   29   26   25   23
   23   24   27   32   37   43   49   56   62   68   75   81   87   93   99  104
  109  112  116  118  119  119  117  115  111  108  105  103  100  100   97   97
   96   95   94   91   89   85   80   74   67
    65.0-180.0 180.0   5.0 450.0                            LAT/LON1/LON2/DLON/H
   73   66   57   49   42   37   35   35   35   37   38   38   38   36   34   32
   30   29   29   30   31   34   36   38   38   37   35   32   28   25   22   21
   20   21   25   30   36   43   50   56   64   71   78   85   92   98  105  110
  115  118  122  123  123  122  118  115  111  106  103  100   98   97   95   95
   94   94   94   93   90   89   84   80   73
    62.5-180.0 180.0   5.0 450.0                            LAT/LON1/LON2/DLON/H
   78   71   62   53   44   38   34   33   33   33   34   35   35   35   34   33
   32   31   31   32   33   35   37   38   38   36   34   31   26   23   21   19
   19   21   24   29   36   43   51   58   66   75   82   91   98  105  111  116
  120  124  126  127  125  123  119  114  109  104  101   98   96   94   93   92
   91   90   90   89   89   89   87   83   78
    60.0-180.0 180.0   5.0 450.0                            LAT/LON1/LON2/DLON/H
   82   75   66   56   47   39   34   32   31   31   31   32   32   32   33   33
   33   33   33   33   34   35   35   36   35   33   31   28   25   22   20   19
   20   22   26   31   37   45   52   61   69   78   88   97  104  112  118  122
  127  129  131  131  128  126  122  116  111  105  102   99   97   95   93   90
   88   86   86   85   86   87   87   86   82
    57.5-180.0 180.0   5.0 450.0                            LAT/LON1/LON2/DLON/H
   85   79   70   60   50   42   36   32   30   30   29   29   29   29   30   32
   33   33   33   32   31   31   31   31   30   30   29   27   25   24   22   22
   23   25   29   34   40   48   55   64   73   83   93  103  111  119  124  129
  133  136  138  137  134  131  127  122  116  111  108  104  102  100   97   93
   89   85   83   82   83   85   87   88   85
    55.0-180.0 180.0   5.0 450.0                            LAT/LON1/LON2/DLON/H
   88   82   74   65   55   46   39   34   32   30   29   28   27   27   28   30
   32   32   32   30   29   28   27   27   27   28   28   29   28   28   27   27
   28   31   34   39   45   52   60   69   78   88   99  110  118  125  132  137
  142  145  147  147  144  141  137  132  126  121  118  115  113  110  106  101
   95   89   85   83   84   86   88   90   88
    52.5-180.0 180.0   5.0 450.0                            LAT/LON1/LON2/DLON/H
   91   86   79   70   61   52   45   41   37   34   31   28   27   26   27   29
   30   31   30   29   27   26   26   26   27   29   31   32   33   34   34   33
   35   38   41   46   51   58   67   75   85   95  105  115  124  132  139  147
  154  158  160  160  157  155  151  145  139  135  131  128  125  122  118  113
  106   98   93   89   88   89   91   92   91
    50.0-180.0 180.0   5.0 450.0                            LAT/LON1/LON2/DLON/H
   94   89   83   75   67   59   53   48   45   41   36   32   29   27   27   28
   30   31   31   29   28   28   28   30   31   34   36   39   41   42   43   42
   43   46   49   54   59   66   74   81   90   99  110  121  130  138  147  157
  165  171  174  175  173  170  165  159  154  148  144  140  137  133  129  124
  118  111  104   99   96   95   96   96   94
    47.5-180.0 180.0   5.0 450.0                            LAT/LON1/LON2/DLON/H
   98   93   86   79   73   67   63   58   55   51   47   40   36   32   30   30
   31   32   33   32   33   34   35   37   40   43   46   48   50   52   53   53
   53   54   57   61   67   74   81   89   97  106  116  125  135  144  155  165
  176  183  187  189  189  185  180  173  166  160  154  149  144  140  136  132
  128  121  115  110  106  103  102  101   98
    45.0-180.0 180.0   5.0 450.0                            LAT/LON1/LON2/DLON/H
  101   94   88   83   78   75   71   68   65   63   60   53   47   41   36   35
   35   36   38   40   42   45   47   51   53   56   58   59   61   62   62   62
   61   62   64   69   75   83   90   97  104  113  122  131  141  150  161  172
  183  193  199  202  202  199  193  185  177  168  160  152  145  141  137  136
  134  129  125  120  116  112  108  105  101
    42.5-180.0 180.0   5.0 450.0                            LAT/LON1/LON2/DLON/H
  102   95   89   84   82   80   79   77   76   75   72   67   61   53   46   42
   42   43   46   49   53   59   62   65   66   68   69   70   71   71   70   69
   68   68   70   74   81   89   97  104  111  120  128  137  146  155  166  179
  192  202  208  213  213  210  204  196  185  174  163  152  143  137  134  134
  134  133  131  128  124  119  115  109  102
    40.0-180.0 180.0   5.0 450.0                            LAT/LON1/LON2/DLON/H
  102   94   88   84   83   84   85   86   86   86   83   80   74   66   59   53
   51   52   55   60   66   71   75   77   78   77   77   77   77   78   77   76
   73   72   74   79   86   95  104  111  118  126  135  142  152  161  173  186
  197  208  217  222  224  221  216  207  195  182  168  154  143  135  130  130
  131  132  132  132  129  125  119  111  102
    37.5-180.0 180.0   5.0 450.0                            LAT/LON1/LON2/DLON/H
  101   92   86   82   82   85   87   90   92   92   92   91   87   80   73   67
   62   62   64   70   76   82   86   85   84   83   81   81   81   81   81   79
   76   75   76   81   90  100  109  117  125  132  141  150  160  169  179  191
  201  212  223  231  234  233  229  221  210  199  184  169  154  142  135  131
  131  131  132  132  131  127  121  112  101
    35.0-180.0 180.0   5.0 450.0                            LAT/LON1/LON2/DLON/H
   98   88   81   78   78   81   85   89   92   94   97   99   98   93   86   79
   74   72   73   77   82   87   90   89   87   84   82   80   81   81   81   79
   77   75   77   82   92  103  113  122  130  139  149  158  168  177  186  194
  204  217  230  240  247  249  248  244  236  228  216  202  185  168  154  145
  139  136  135  134  134  130  121  110   98
    32.5-180.0 180.0   5.0 450.0                            LAT/LON1/LON2/DLON/H
   96   85   76   72   72   75   79   83   87   91   96  102  104  103   98   92
   86   83   82   83   85   86   88   87   84   81   79   78   78   78   78   77
   75   74   76   83   93  105  116  126  135  146  155  166  177  185  192  200
  210  223  239  254  265  272  276  278  277  275  268  257  239  215  192  175
  162  153  146  141  140  134  124  111   96
    30.0-180.0 180.0   5.0 450.0                            LAT/LON1/LON2/DLON/H
  100   86   74   67   66   67   70   74   78   84   91   99  105  107  106  102
   97   91   89   86   85   85   84   82   80   77   75   75   73   73   75   75
   74   72   74   82   94  106  118  128  139  150  161  173  183  193  200  208
  218  234  254  273  291  304  318  326  334  339  339  332  315  287  254  225
  199  182  168  157  151  143  132  117  100
    27.5-180.0 180.0   5.0 450.0                            LAT/LON1/LON2/DLON/H
  111   95   80   68   63   61   63   65   68   74   81   90  100  105  107  106
  103   97   94   88   84   81   80   78   76   75   74   73   71   71   72   72
   71   69   71   80   92  105  117  129  140  152  164  175  188  199  209  218
  230  251  274  302  327  346  370  388  406  417  419  418  404  377  338  294
  255  225  201  183  171  160  148  130  111
    25.0-180.0 180.0   5.0 450.0                            LAT/LON1/LON2/DLON/H
  129  110   91   76   66   61   60   60   61   66   71   81   91   99  103  105
  103   99   95   89   83   79   77   76   77   77   77   75   72   71   70   70
   68   66   68   76   89  104  117  129  141  152  164  179  193  206  219  232
  248  270  300  335  367  392  425  456  480  492  496  499  491  469  434  381
  333  283  250  218  200  188  170  151  129
    22.5-180.0 180.0   5.0 450.0                            LAT/LON1/LON2/DLON/H
  158  132  110   89   75   67   65   63   62   62   65   72   82   90   95   99
   99   97   94   90   84   80   79   80   82   85   84   81   76   73   70   67
   65   62   64   72   86  103  117  131  142  153  166  183  198  213  231  247
  269  297  331  369  404  437  467  500  519  539  544  553  552  537  510  461
  404  340  298  260  237  222  203  183  158
    20.0-180.0 180.0   5.0 450.0                            LAT/LON1/LON2/DLON/H
  195  166  133  109   90   79   75   72   69   65   65   69   75   81   86   89
   92   93   92   91   87   84   85   89   93   97   96   92   84   76   70   65
   61   57   59   69   84  102  119  133  145  157  169  187  204  221  242  267
  295  327  362  399  429  453  473  492  508  532  544  555  561  553  535  501
  449  385  342  304  276  258  238  220  195
    17.5-180.0 180.0   5.0 450.0                            LAT/LON1/LON2/DLON/H
  234  204  167  136  111   97   90   88   83   76   72   72   74   77   78   80
   84   88   89   89   88   90   94  101  108  112  111  105   93   81   71   63
   56   53   55   65   83  103  121  135  148  160  174  189  209  229  254  283
  317  351  383  411  431  446  455  464  475  494  508  520  529  528  519  495
  459  408  369  338  317  292  271  257  234
    15.0-180.0 180.0   5.0 450.0                            LAT/LON1/LON2/DLON/H
  267  238  203  168  136  119  109  106  101   93   86   84   81   78   75   75
   79   83   85   87   89   95  103  113  122  126  124  117  103   87   74   63
   55   51   53   64   82  104  125  138  151  164  178  194  214  237  264  297
  333  366  390  407  418  424  426  428  437  447  458  470  479  486  484  472
  445  410  383  365  347  322  305  288  267
    12.5-180.0 180.0   5.0 450.0                            LAT/LON1/LON2/DLON/H
  291  267  235  199  164  143  132  128  123  114  107  102   95   88   80   77
   78   81   83   86   90   99  111  123  132  137  134  125  111   93   78   64
   55   50   52   65   86  109  128  143  155  168  183  200  220  245  274  308
  342  371  388  398  397  398  397  394  397  403  409  418  429  441  449  447
  431  405  387  375  364  349  330  313  291
    10.0-180.0 180.0   5.0 450.0                            LAT/LON1/LON2/DLON/H
  309  288  259  230  195  170  159  154  147  138  130  125  116  108   93   86
   83   85   86   87   91  101  115  128  138  141  137  128  114   97   81   68
   59   53   55   69   89  112  131  145  158  173  189  206  227  253  281  314
  345  369  382  385  379  377  372  369  369  372  375  382  392  406  420  425
  417  396  383  374  369  362  347  326  309
     7.5-180.0 180.0   5.0 450.0                            LAT/LON1/LON2/DLON/H
  321  305  282  254  223  198  186  177  169  161  156  149  141  131  116  103
   97   95   92   91   93  102  116  129  138  141  138  129  115  100   86   74
   64   58   61   74   94  115  133  146  161  176  193  212  232  258  284  314
  343  363  372  372  368  366  361  360  360  361  364  370  381  394  406  411
  401  385  373  366  364  362  352  336  321
     5.0-180.0 180.0   5.0 450.0                            LAT/LON1/LON2/DLON/H
  330  316  298  276  251  226  211  200  193  185  180  176  168  157  143  128
  118  111  104   99   97  105  117  128  135  139  136  128  115  102   90   79
   70   66   68   80   98  117  133  147  161  178  196  215  235  259  283  311
  335  354  365  367  366  366  365  366  367  371  375  383  394  406  412  408
  391  372  361  354  355  355  352  341  330
     2.5-180.0 180.0   5.0 450.0                            LAT/LON1/LON2/DLON/H
  333  322  308  290  270  249  233  222  215  207  201  198  192  184  173  159
  147  135  124  112  107  110  120  127  133  136  133  125  115  104   93   83
   76   71   72   84  100  118  132  147  162  179  196  215  236  258  280  305
  328  348  362  369  372  375  381  386  391  397  404  414  427  435  431  419
  391  364  346  340  341  344  345  341  333
