data/IONEX/CVBB2900.21i
     1.0            IONOSPHERE MAPS     MIX                 IONEX VERSION / TYPE
cmpcmb v1.2          GRL/UWM             6-nov-21 01:57     PGM / RUN BY / DATE 
ionex file containing IGS COMBINED Ionosphere maps          COMMENT             
global ionosphere maps for day 290, 2021                    DESCRIPTION         
IONEX file containing the COMBINED IGS TEC MAPS and DCBs    DESCRIPTION         
      IONEX files of the following IAACs were combined: cod DESCRIPTION         
                                                        esa DESCRIPTION         
                                                        jpl DESCRIPTION         
                                                        upc DESCRIPTION         
Contact address: Andrzej Krankowski                         DESCRIPTION
                 Geodynamics Research Laboratory            DESCRIPTION
                 University of Warmia and Mazury (GRL/UWM)  DESCRIPTION
                 Oczapowski St. 1                           DESCRIPTION
                 10-957-Olsztyn, POLAND                     DESCRIPTION
                 e-mail:  kand@uwm.edu.pl                   DESCRIPTION
                                                            DESCRIPTION         
  2021    10    17     0     0     0                        EPOCH OF FIRST MAP  
  2021    10    18     0     0     0                        EPOCH OF LAST MAP   
  7200                                                      INTERVAL            
    13                                                      # OF MAPS IN FILE   
  COSZ                                                      MAPPING FUNCTION    
     0.0                                                    ELEVATION CUTOFF    
combined TEC calculated as weighted mean of input TEC valuesOBSERVABLES USED    
   355                                                      # OF STATIONS       
    32                                                      # OF SATELLITES     
  6371.0                                                    BASE RADIUS         
     2                                                      MAP DIMENSION       
   450.0 450.0   0.0                                        HGT1 / HGT2 / DHGT  
    87.5 -87.5  -2.5                                        LAT1 / LAT2 / DLAT  
  -180.0 180.0   5.0                                        LON1 / LON2 / DLON  
    -1                                                      EXPONENT            
TEC values in 0.1 tec units;  9999, if no value available   COMMENT             
DCB values in nanoseconds, reference is Sum_of_SatDCBs = 0  COMMENT             
                                                            END OF HEADER       
     1                                                      START OF TEC MAP    
  2021    10    17     0     0     0                        EPOCH OF CURRENT MAP
    87.5-180.0 180.0   5.0 450.0                            LAT/LON1/LON2/DLON/H
   51   51   51   51   51   51   52   51   52   52   52   53   52   52   52   52
   52   52   52   52   51   51   50   50   48   48   47   46   46   46   45   45
   44   44   43   43   43   42   42   43   42   42   42   43   43   43   44   44
   44   44   45   45   46   47   47   47   48   48   48   48   48   48   49   48
   49   50   50   50   50   50   50   50   51
    85.0-180.0 180.0   5.0 450.0                            LAT/LON1/LON2/DLON/H
   52   52   53   53   54   54   55   55   55   55   55   56   56   55   55   55
   54   53   53   52   51   51   48   47   46   45   44   43   41   40   39   39
   38   38   38   37   38   38   38   38   38   39   39   39   39   40   40   41
   41   42   42   43   43   44   45   45   46   46   46   47   47   47   48   48
   49   49   49   50   50   50   51   51   52
    82.5-180.0 180.0   5.0 450.0                            LAT/LON1/LON2/DLON/H
   53   54   54   55   55   56   56   57   58   58   59   60   60   60   59   59
   58   57   55   54   52   50   47   46   43   41   39   38   37   36   35   34
   34   34   34   34   34   34   34   35   35   36   36   36   37   37   38   38
   39   39   40   41   41   42   42   43   44   45   45   46   46   47   48   48
   49   50   50   51   51   52   52   52   53
    80.0-180.0 180.0   5.0 450.0                            LAT/LON1/LON2/DLON/H
   55   55   56   56   56   56   57   58   59   60   61   62   63   64   65   64
   64   63   61   59   56   53   48   41   40   38   36   34   33   32   31   30
   31   31   31   31   31   31   31   32   33   33   34   34   34   34   34   35
   36   36   37   37   38   38   39   40   41   42   43   44   45   47   48   49
   51   52   53   53   54   54   55   55   55
    77.5-180.0 180.0   5.0 450.0                            LAT/LON1/LON2/DLON/H
   60   60   60   60   60   60   61   62   63   65   67   69   70   70   70   69
   68   65   63   60   57   51   47   43   39   36   34   32   31   29   29   29
   29   28   28   29   29   29   29   29   30   31   31   31   31   31   30   31
   32   31   32   32   33   34   35   36   37   39   41   42   44   46   48   50
   53   55   56   57   59   59   60   60   60
    75.0-180.0 180.0   5.0 450.0                            LAT/LON1/LON2/DLON/H
   69   68   68   67   67   66   66   66   67   69   71   73   75   77   77   76
   76   71   67   63   57   52   48   44   41   37   34   33   32   30   29   28
   29   29   28   28   28   27   27   28   28   29   29   28   29   27   27   26
   26   26   26   26   27   28   29   32   33   36   38   41   44   47   49   52
   56   58   62   64   66   67   68   69   69
    72.5-180.0 180.0   5.0 450.0                            LAT/LON1/LON2/DLON/H
   79   78   77   75   74   72   71   70   71   72   74   77   79   79   80   79
   75   72   68   64   60   55   50   47   44   39   37   34   33   31   30   30
   29   29   28   27   26   25   25   25   26   26   26   25   24   23   23   22
   22   21   21   21   22   23   25   27   30   33   36   40   44   48   51   55
   60   64   68   72   74   77   78   80   79
    70.0-180.0 180.0   5.0 450.0                            LAT/LON1/LON2/DLON/H
   91   89   87   84   81   79   77   75   75   75   75   77   78   79   79   78
   75   73   69   66   61   57   53   49   47   44   40   38   35   34   32   30
   29   29   28   26   25   24   22   22   22   23   22   22   21   21   20   19
   18   18   18   18   18   20   22   24   28   31   36   41   45   50   55   60
   65   69   74   79   83   87   89   91   91
    67.5-180.0 180.0   5.0 450.0                            LAT/LON1/LON2/DLON/H
  100   99   97   93   89   86   82   79   77   76   76   76   76   78   79   77
   74   71   68   64   61   58   55   52   49   47   43   41   38   35   33   31
   29   28   27   25   24   22   21   20   21   21   20   20   20   20   19   18
   17   16   16   16   17   18   21   24   27   32   37   43   48   54   59   64
   69   75   80   86   90   95   98  100  100
    65.0-180.0 180.0   5.0 450.0                            LAT/LON1/LON2/DLON/H
  108  107  104  100   97   91   86   82   79   78   77   75   76   75   75   73
   70   68   64   63   60   59   56   54   51   48   45   42   39   37   34   31
   29   27   25   24   23   21   20   20   21   21   21   21   21   21   20   19
   19   17   17   17   17   19   21   24   29   34   40   47   53   58   63   68
   73   78   85   90   96  101  104  107  108
    62.5-180.0 180.0   5.0 450.0                            LAT/LON1/LON2/DLON/H
  112  112  110  107  102   95   90   85   81   78   77   76   75   73   71   69
   66   64   61   61   61   59   57   55   53   50   47   44   41   38   35   31
   28   26   24   23   22   21   21   21   22   24   25   25   25   25   25   24
   22   21   20   20   20   21   23   27   32   39   45   52   58   63   68   72
   77   82   87   93   98  103  107  110  112
    60.0-180.0 180.0   5.0 450.0                            LAT/LON1/LON2/DLON/H
  111  112  112  110  105   99   93   88   84   80   79   77   76   72   70   67
   64   62   60   60   60   59   58   56   55   52   49   45   43   39   35   31
   28   25   24   24   23   24   23   24   27   28   30   31   31   32   31   30
   29   27   26   24   23   25   27   31   36   43   51   58   64   68   71   76
   79   84   89   94   99  103  107  109  111
    57.5-180.0 180.0   5.0 450.0                            LAT/LON1/LON2/DLON/H
  110  111  112  111  108  102   96   91   87   83   80   79   77   74   71   68
   65   62   61   60   60   59   59   58   56   53   50   47   45   41   38   33
   31   27   26   27   27   27   28   31   33   35   37   39   39   40   39   37
   36   34   33   30   29   29   32   36   42   50   57   64   69   73   75   79
   83   87   91   95   98  102  105  107  110
    55.0-180.0 180.0   5.0 450.0                            LAT/LON1/LON2/DLON/H
  109  111  112  113  111  106  100   96   91   86   84   83   81   77   74   70
   67   64   62   61   61   60   59   58   56   54   52   50   48   46   42   39
   36   34   32   33   33   34   36   39   41   43   46   47   48   48   47   46
   45   44   41   39   36   36   38   42   48   56   64   70   74   77   79   82
   86   90   95   98  100  102  104  106  109
    52.5-180.0 180.0   5.0 450.0                            LAT/LON1/LON2/DLON/H
  112  114  117  117  115  112  106  102   97   93   89   87   85   81   78   74
   70   67   64   63   61   60   58   57   56   55   54   53   53   52   49   46
   43   41   41   41   42   43   45   47   50   52   54   55   56   55   54   55
   54   53   52   49   46   44   45   49   55   63   70   76   80   81   83   86
   89   95  100  103  105  106  108  110  112
    50.0-180.0 180.0   5.0 450.0                            LAT/LON1/LON2/DLON/H
  119  122  124  125  123  120  115  110  106  101   96   93   89   86   82   79
   74   70   67   65   62   60   58   58   58   58   59   59   59   60   58   53
   51   50   50   50   51   53   55   56   58   60   61   62   62   62   63   63
   63   64   62   60   56   54   54   56   62   70   77   82   85   85   87   89
   93  100  106  110  114  117  117  118  119
    47.5-180.0 180.0   5.0 450.0                            LAT/LON1/LON2/DLON/H
  130  132  134  134  133  129  125  120  115  110  104  100   96   92   88   85
   80   75   71   66   63   61   60   59   61   63   65   67   67   67   65   61
   58   58   58   59   60   61   62   64   65   66   66   67   67   68   69   70
   72   73   72   70   66   63   62   65   70   77   84   89   90   90   91   94
   98  105  113  120  125  128  130  130  130
    45.0-180.0 180.0   5.0 450.0                            LAT/LON1/LON2/DLON/H
  142  144  144  143  141  137  133  128  123  118  112  108  104   99   95   92
   86   79   74   69   64   63   62   63   66   69   72   75   74   72   70   66
   64   64   64   65   66   68   69   69   70   70   70   70   71   72   74   77
   80   82   81   78   74   71   70   74   78   85   91   95   97   96   96   99
  103  109  118  127  134  138  141  142  142
    42.5-180.0 180.0   5.0 450.0                            LAT/LON1/LON2/DLON/H
  153  153  152  149  147  143  139  135  129  125  120  116  110  107  103  100
   92   85   78   71   67   66   67   69   73   76   79   80   78   74   72   67
   66   67   68   69   70   72   73   73   73   72   72   72   73   75   79   83
   87   90   89   86   82   80   78   82   87   94   99  103  104  104  103  104
  107  112  120  129  138  145  150  153  153
    40.0-180.0 180.0   5.0 450.0                            LAT/LON1/LON2/DLON/H
  160  159  156  152  149  145  141  137  133  130  126  122  118  115  111  106
  100   92   81   74   70   70   72   75   80   84   85   83   78   73   69   67
   67   68   71   72   73   74   76   76   76   74   74   74   76   79   83   88
   93   95   94   91   88   85   85   88   95  101  107  111  112  113  112  112
  112  114  120  129  139  148  155  159  160
    37.5-180.0 180.0   5.0 450.0                            LAT/LON1/LON2/DLON/H
  164  162  157  151  147  144  141  137  136  133  132  128  125  122  118  114
  107   97   86   78   74   74   77   81   85   88   89   83   76   70   66   65
   66   70   72   73   74   77   79   79   78   77   77   78   80   83   86   91
   94   96   95   92   89   87   88   93  100  108  114  119  122  123  122  120
  117  116  120  127  138  148  157  162  164
    35.0-180.0 180.0   5.0 450.0                            LAT/LON1/LON2/DLON/H
  166  163  156  150  146  143  139  137  137  137  136  134  133  130  126  122
  114  103   92   84   79   79   80   84   88   91   90   83   75   68   64   65
   68   73   75   77   77   80   82   83   83   82   82   82   84   86   89   91
   93   93   91   87   84   85   88   95  104  113  120  126  131  133  132  130
  125  122  122  128  138  149  157  164  166
    32.5-180.0 180.0   5.0 450.0                            LAT/LON1/LON2/DLON/H
  170  167  159  152  147  143  140  138  138  139  139  139  139  138  136  132
  123  110   99   91   86   83   82   84   87   90   88   82   74   68   66   69
   75   80   82   83   83   85   87   89   89   87   87   87   88   89   90   90
   89   86   82   80   78   80   86   96  106  116  124  131  138  142  141  139
  133  130  129  134  143  152  160  167  170
    30.0-180.0 180.0   5.0 450.0                            LAT/LON1/LON2/DLON/H
  181  179  172  165  158  154  149  145  144  143  145  145  145  145  144  140
  133  121  108  100   94   89   84   84   86   87   85   82   77   73   74   78
   87   93   95   94   93   93   94   96   95   94   92   91   91   91   90   87
   83   78   74   71   70   73   82   94  107  118  126  134  142  147  149  149
  145  143  143  148  157  164  171  176  181
    27.5-180.0 180.0   5.0 450.0                            LAT/LON1/LON2/DLON/H
  203  203  200  193  185  177  170  162  156  154  153  153  152  151  149  147
  141  131  118  108  100   93   86   84   85   85   85   86   85   86   89   95
  106  112  113  107  104  101  102  101  100   98   96   94   93   91   88   83
   77   70   65   62   62   66   76   92  106  118  127  135  143  151  156  158
  160  161  166  172  181  188  193  199  203
    25.0-180.0 180.0   5.0 450.0                            LAT/LON1/LON2/DLON/H
  240  244  244  239  229  217  205  190  178  172  167  165  161  157  153  151
  147  138  127  117  107   98   91   86   85   87   90   96   99  105  112  119
  130  137  131  121  115  109  109  107  105  101   99   97   97   94   88   80
   71   64   57   53   53   58   70   88  104  118  128  136  145  153  160  169
  177  184  196  204  214  221  225  235  240
    22.5-180.0 180.0   5.0 450.0                            LAT/LON1/LON2/DLON/H
  286  291  297  297  287  277  255  231  211  198  188  180  172  163  157  154
  152  145  134  125  114  105   97   92   92   97  104  111  118  129  140  147
  157  161  150  134  126  116  116  113  109  104  101  101  102   99   89   78
   67   58   51   46   45   52   66   85  103  118  129  138  146  155  166  180
  196  211  232  243  256  265  266  275  286
    20.0-180.0 180.0   5.0 450.0                            LAT/LON1/LON2/DLON/H
  331  343  358  369  358  341  312  283  255  233  213  199  185  171  162  158
  155  148  140  131  121  113  108  104  106  114  123  132  139  153  164  169
  177  179  166  145  135  123  121  116  111  104  102  104  108  104   91   77
   65   55   47   41   41   47   63   83  103  120  131  141  149  159  173  192
  216  242  267  285  309  311  311  318  331
    17.5-180.0 180.0   5.0 450.0                            LAT/LON1/LON2/DLON/H
  369  387  408  430  426  406  378  347  307  276  247  224  201  182  168  162
  157  150  144  137  129  124  121  120  126  136  146  156  162  173  182  182
  185  181  168  147  137  124  120  115  109  103  102  106  110  105   92   77
   64   55   47   41   40   47   63   84  105  123  135  145  154  166  183  207
  236  269  296  319  344  351  349  355  369
    15.0-180.0 180.0   5.0 450.0                            LAT/LON1/LON2/DLON/H
  392  413  438  464  472  458  429  399  361  322  285  252  221  195  177  168
  161  155  149  144  139  136  138  140  147  158  168  177  180  188  196  186
  178  172  158  138  129  118  114  110  106  100   98  103  109  103   90   77
   66   58   51   45   43   49   66   87  109  128  142  152  162  176  196  225
  255  289  315  336  356  365  361  371  392
    12.5-180.0 180.0   5.0 450.0                            LAT/LON1/LON2/DLON/H
  391  415  438  466  484  481  457  431  401  366  325  282  244  213  188  176
  168  162  156  153  151  152  157  163  170  179  185  192  190  195  199  184
  170  160  146  129  120  114  111  109  103   98   96  100  102   99   89   78
   69   63   56   50   47   54   71   92  114  134  148  159  171  188  211  240
  271  299  320  335  347  355  358  369  391
    10.0-180.0 180.0   5.0 450.0                            LAT/LON1/LON2/DLON/H
  371  393  417  444  468  473  457  442  422  395  358  311  265  230  202  186
  178  172  167  167  167  172  180  185  190  195  197  199  193  194  197  185
  168  155  140  125  118  112  111  110  105  100   97   98   98   95   89   80
   72   67   60   54   52   59   75   96  118  138  154  166  180  199  223  252
  280  303  317  327  333  339  346  356  371
     7.5-180.0 180.0   5.0 450.0                            LAT/LON1/LON2/DLON/H
  350  366  385  410  433  445  443  437  425  406  371  330  287  249  220  201
  192  186  182  185  188  197  204  207  206  205  203  199  191  190  194  187
  174  159  143  126  120  110  111  112  110  103   98   97   96   93   87   79
   72   68   62   56   55   63   80  101  123  142  157  171  187  207  232  258
  284  303  313  317  321  326  333  340  350
     5.0-180.0 180.0   5.0 450.0                            LAT/LON1/LON2/DLON/H
  336  345  357  376  396  411  415  417  409  398  375  342  304  269  241  221
  211  205  203  208  213  222  227  223  215  209  202  196  188  187  193  193
  182  167  150  133  125  115  114  115  113  104   99   98   96   92   85   79
   74   68   63   56   55   64   83  106  127  145  160  174  191  212  237  260
  280  296  304  308  311  316  323  329  336
     2.5-180.0 180.0   5.0 450.0                            LAT/LON1/LON2/DLON/H
  334  337  342  354  369  382  387  390  386  382  369  347  318  288  263  245
  235  230  228  234  239  246  246  235  219  209  199  193  189  190  203  209
  198  178  160  144  134  121  116  115  113  107  103  100   97   91   84   79
   74   68   61   55   54   65   85  107  127  144  158  173  191  213  237  257
  273  285  296  304  310  315  322  329  334
