data/IONEX/CVBB2850.21i
     1.0            IONOSPHERE MAPS     MIX                 IONEX VERSION / TYPE
cmpcmb v1.2          GRL/UWM            28-oct-21 01:36     PGM / RUN BY / DATE 
ionex file containing IGS COMBINED Ionosphere maps          COMMENT             
global ionosphere maps for day 285, 2021                    DESCRIPTION         
IONEX file containing the COMBINED IGS TEC MAPS and DCBs    DESCRIPTION         
      IONEX files of the following IAACs were combined: cod DESCRIPTION         
                                                        esa DESCRIPTION         
                                                        jpl DESCRIPTION         
                                                        upc DESCRIPTION         
Contact address: Andrzej Krankowski                         DESCRIPTION
                 Geodynamics Research Laboratory            DESCRIPTION
                 University of Warmia and Mazury (GRL/UWM)  DESCRIPTION
                 Oczapowski St. 1                           DESCRIPTION
                 10-957-Olsztyn, POLAND                     DESCRIPTION
                 e-mail:  kand@uwm.edu.pl                   DESCRIPTION
                                                            DESCRIPTION         
  2021    10    12     0     0     0                        EPOCH OF FIRST MAP  
  2021    10    13     0     0     0                        EPOCH OF LAST MAP   
  7200                                                      INTERVAL            
    13                                                      # OF MAPS IN FILE   
  COSZ                                                      MAPPING FUNCTION    
     0.0                                                    ELEVATION CUTOFF    
combined TEC calculated as weighted mean of input TEC valuesOBSERVABLES USED    
   358                                                      # OF STATIONS       
    32                                                      # OF SATELLITES     
  6371.0                                                    BASE RADIUS         
     2                                                      MAP DIMENSION       
   450.0 450.0   0.0                                        HGT1 / HGT2 / DHGT  
    87.5 -87.5  -2.5                                        LAT1 / LAT2 / DLAT  
  -180.0 180.0   5.0                                        LON1 / LON2 / DLON  
    -1                                                      EXPONENT            
TEC values in 0.1 tec units;  9999, if no value available   COMMENT             
DCB values in nanoseconds, reference is Sum_of_SatDCBs = 0  COMMENT             
                                                            END OF HEADER       
[from data line 429]
     2                                                      START OF TEC MAP    
  2021    10    12     2     0     0                        EPOCH OF CURRENT MAP
    87.5-180.0 180.0   5.0 450.0                            LAT/LON1/LON2/DLON/H
   62   62   62   62   63   63   63   63   63   63   63   63   63   63   62   62
   61   61   60   60   59   59   57   56   54   53   52   51   50   49   49   48
   47   47   46   46   46   45   45   45   45   45   45   45   46   46   46   47
   47   48   49   49   50   51   52   53   53   54   55   56   56   58   58   59
   59   59   60   60   61   61   62   62   62
    85.0-180.0 180.0   5.0 450.0                            LAT/LON1/LON2/DLON/H
   66   66   67   68   68   68   68   68   69   68   68   68   68   67   67   67
   66   65   65   64   63   62   59   57   54   53   51   49   48   46   45   44
   42   41   41   40   39   39   40   40   40   41   41   42   43   43   43   44
   44   45   46   47   48   49   51   52   53   55   56   58   59   60   62   62
   63   64   65   65   65   65   66   66   66
    82.5-180.0 180.0   5.0 450.0                            LAT/LON1/LON2/DLON/H
   71   71   70   69   68   67   67   67   67   67   67   68   69   69   70   70
   70   70   70   69   66   64   61   59   54   53   50   45   43   41   39   38
   36   35   35   34   34   34   35   35   36   37   37   38   39   40   41   42
   42   43   44   45   47   48   49   51   53   55   58   60   62   64   66   68
   69   70   71   71   72   72   72   72   71
    80.0-180.0 180.0   5.0 450.0                            LAT/LON1/LON2/DLON/H
   76   74   72   70   68   67   66   66   66   66   67   68   69   71   73   75
   76   76   76   76   76   72   65   57   54   51   49   46   42   39   37   34
   32   31   30   30   31   32   33   33   35   36   38   39   40   40   42   42
   43   44   44   45   46   47   48   50   52   55   58   62   65   68   71   74
   76   78   79   80   81   81   80   78   76
    77.5-180.0 180.0   5.0 450.0                            LAT/LON1/LON2/DLON/H
   83   80   76   73   70   67   65   63   62   62   64   66   70   72   75   78
   78   79   78   78   77   72   67   63   59   54   51   47   41   37   35   32
   31   30   30   31   32   34   36   38   38   38   40   41   42   43   44   44
   45   46   46   46   48   48   49   50   52   56   59   64   68   72   76   79
   82   85   87   89   89   89   88   86   83
    75.0-180.0 180.0   5.0 450.0                            LAT/LON1/LON2/DLON/H
   91   86   83   77   73   69   65   62   61   61   63   65   67   70   74   75
   76   77   78   78   75   74   70   67   60   55   51   45   40   37   35   34
   33   32   32   34   36   38   40   41   43   43   43   43   44   44   44   44
   44   45   45   47   48   48   49   51   53   57   61   66   70   75   79   84
   87   91   94   96   97   97   96   94   91
    72.5-180.0 180.0   5.0 450.0                            LAT/LON1/LON2/DLON/H
   98   93   90   84   78   72   67   62   60   60   60   60   62   65   67   69
   71   73   75   74   74   73   70   67   62   57   51   47   44   40   38   37
   37   37   38   39   42   44   44   45   46   45   45   45   44   44   43   43
   42   42   43   45   47   47   49   51   54   57   62   67   72   77   82   87
   92   95   99  102  104  104  103  101   98
    70.0-180.0 180.0   5.0 450.0                            LAT/LON1/LON2/DLON/H
  104  101   97   92   86   78   72   66   62   59   56   55   56   58   59   61
   64   66   68   69   70   70   69   66   63   59   55   49   47   45   44   44
   44   44   44   45   46   47   47   47   46   45   44   43   42   41   40   40
   40   40   42   43   46   47   49   52   56   60   64   69   74   78   83   89
   94   98  102  106  108  110  109  107  104
    67.5-180.0 180.0   5.0 450.0                            LAT/LON1/LON2/DLON/H
  109  105  102   98   93   88   79   72   67   61   57   54   52   52   51   53
   55   58   61   62   63   65   66   64   62   60   58   53   51   50   50   49
   49   49   49   49   49   47   46   44   42   40   39   38   37   37   37   37
   38   38   39   43   45   48   51   55   60   64   68   73   77   82   85   90
   94   98  103  107  110  112  112  111  109
    65.0-180.0 180.0   5.0 450.0                            LAT/LON1/LON2/DLON/H
  112  109  105  102   99   95   89   82   74   68   62   55   51   48   46   46
   47   50   52   56   57   60   63   61   60   59   59   55   54   53   53   53
   52   52   51   50   48   44   40   38   36   34   33   33   32   32   33   33
   35   36   38   42   47   51   56   60   65   70   75   79   83   86   89   91
   94   97  102  106  109  112  114  114  112
    62.5-180.0 180.0   5.0 450.0                            LAT/LON1/LON2/DLON/H
  114  112  109  106  103  100   97   92   84   76   68   59   52   47   43   41
   41   44   46   51   52   55   58   58   57   58   57   56   55   55   54   53
   52   51   50   48   44   39   35   32   30   29   29   28   29   29   29   30
   32   35   38   43   49   56   61   68   73   79   84   88   91   93   94   95
   96   98  101  105  108  112  114  115  114
    60.0-180.0 180.0   5.0 450.0                            LAT/LON1/LON2/DLON/H
  115  113  111  109  106  104  102   99   93   86   76   66   57   49   43   39
   38   40   43   46   48   51   51   53   53   54   55   55   54   53   52   51
   51   48   46   43   39   35   31   28   26   25   26   27   27   28   29   30
   32   36   41   47   53   61   68   75   82   89   94   99  101  102  102  102
  101  101  104  106  109  112  115  115  115
    57.5-180.0 180.0   5.0 450.0                            LAT/LON1/LON2/DLON/H
  117  115  113  111  109  107  105  103   99   94   88   78   66   55   48   42
   40   40   42   43   45   46   46   47   48   50   51   52   50   48   48   47
   47   46   43   39   36   33   29   27   26   26   27   28   29   30   30   31
   35   39   45   52   60   69   76   84   91   99  105  110  113  113  113  111
  109  109  109  111  113  115  117  118  117
    55.0-180.0 180.0   5.0 450.0                            LAT/LON1/LON2/DLON/H
  122  119  116  114  113  110  107  105  103  100   96   89   78   66   56   48
   44   43   43   44   44   43   42   43   44   47   48   48   47   45   44   43
   43   43   42   40   38   36   33   32   32   32   33   34   34   34   34   35
   38   44   51   59   68   76   84   93  100  108  115  121  125  126  126  125
  123  122  121  121  122  123  123  123  122
    52.5-180.0 180.0   5.0 450.0                            LAT/LON1/LON2/DLON/H
  129  125  121  118  116  111  107  106  105  104  103   98   90   77   66   57
   51   48   46   46   44   42   40   41   41   43   45   46   45   44   43   42
   43   44   45   45   44   43   42   41   40   40   41   41   41   39   39   39
   43   50   58   67   76   84   92  101  109  117  125  132  137  139  140  140
  140  138  136  135  135  134  134  132  129
    50.0-180.0 180.0   5.0 450.0                            LAT/LON1/LON2/DLON/H
  139  135  128  124  120  115  110  108  108  108  108  105  100   88   77   67
   58   54   51   49   46   43   42   40   41   44   45   47   48   47   46   45
   46   49   52   54   54   54   52   51   51   51   51   50   48   47   45   46
   50   56   65   76   85   93  101  109  118  127  136  142  147  151  153  155
  156  155  153  151  150  150  147  144  139
    47.5-180.0 180.0   5.0 450.0                            LAT/LON1/LON2/DLON/H
  151  145  138  132  126  121  116  113  113  113  113  112  107   98   86   75
   66   59   56   54   51   48   46   44   45   47   49   51   52   51   51   50
   52   56   61   64   66   65   63   61   61   60   59   58   56   53   52   53
   57   65   75   87   97  105  112  120  128  136  144  150  156  160  162  164
  167  168  167  167  167  165  162  156  151
    45.0-180.0 180.0   5.0 450.0                            LAT/LON1/LON2/DLON/H
  162  156  148  142  136  131  126  122  120  120  121  120  116  105   93   82
   71   65   62   60   58   55   53   52   53   54   56   58   57   57   57   57
   60   64   70   73   75   75   73   70   68   67   66   64   62   60   58   59
   65   74   87   98  109  118  125  132  139  146  153  158  163  166  168  171
  174  176  177  178  178  176  173  168  162
    42.5-180.0 180.0   5.0 450.0                            LAT/LON1/LON2/DLON/H
  173  166  160  154  150  146  141  135  132  131  130  129  123  113  100   87
   76   71   69   68   68   66   63   62   62   63   63   63   63   62   61   63
   66   71   75   80   82   81   78   75   73   73   72   70   68   65   64   65
   72   84   97  110  122  132  139  146  152  158  162  165  167  170  172  175
  177  179  182  183  183  181  181  177  173
    40.0-180.0 180.0   5.0 450.0                            LAT/LON1/LON2/DLON/H
  181  177  171  167  165  162  158  151  146  142  140  136  130  119  106   92
   81   77   77   79   80   79   76   73   71   69   68   68   67   66   66   67
   69   73   78   83   84   83   79   77   75   75   75   75   73   70   69   72
   79   92  106  121  134  145  152  158  164  168  170  171  171  173  174  177
  178  179  181  182  183  184  185  185  181
    37.5-180.0 180.0   5.0 450.0                            LAT/LON1/LON2/DLON/H
  187  185  181  178  178  178  174  168  162  156  150  144  136  125  112   98
   88   84   85   89   91   90   87   83   78   74   72   70   70   70   69   69
   70   74   78   82   83   82   79   77   76   77   79   79   77   75   75   77
   86   97  113  130  144  154  161  168  173  177  178  177  176  176  177  178
  179  179  179  179  181  184  188  190  187
    35.0-180.0 180.0   5.0 450.0                            LAT/LON1/LON2/DLON/H
  195  192  190  189  189  190  187  181  175  168  160  152  143  131  118  105
   95   91   94   97  100   98   93   87   82   77   73   71   70   70   70   69
   70   72   76   80   82   81   79   77   78   80   82   82   81   79   78   81
   89  101  118  135  149  159  167  174  180  184  184  183  181  182  183  183
  184  183  181  180  183  186  192  196  195
    32.5-180.0 180.0   5.0 450.0                            LAT/LON1/LON2/DLON/H
  206  203  200  197  198  198  196  191  184  176  167  158  149  136  125  113
  103  100  101  103  102   98   92   85   80   76   72   70   70   71   71   71
   71   73   77   81   83   81   79   79   81   83   85   84   83   80   79   82
   90  103  120  137  151  161  170  178  185  189  191  190  189  191  194  196
  196  195  193  192  193  197  203  207  206
    30.0-180.0 180.0   5.0 450.0                            LAT/LON1/LON2/DLON/H
  224  219  214  208  204  204  202  196  189  181  172  163  153  141  130  119
  111  105  104  102   97   92   85   80   76   74   72   71   72   74   75   76
   76   78   82   86   87   86   83   82   84   86   86   85   82   80   79   82
   90  103  120  137  151  161  171  180  188  194  198  199  202  207  213  217
  220  219  219  217  218  221  226  227  224
    27.5-180.0 180.0   5.0 450.0                            LAT/LON1/LON2/DLON/H
  252  245  234  223  214  210  206  199  191  184  174  164  154  142  132  122
  114  106  102   96   89   83   77   74   73   74   75   76   79   82   84   87
   88   90   93   97   97   94   89   87   87   88   86   83   80   77   77   80
   89  102  118  135  147  159  170  180  190  198  205  209  218  229  239  249
  255  255  258  255  257  260  260  259  252
    25.0-180.0 180.0   5.0 450.0                            LAT/LON1/LON2/DLON/H
  295  279  262  246  231  221  214  204  195  187  177  164  152  140  130  122
  113  102   95   88   81   74   71   72   76   81   84   88   92   98  100  102
  104  105  110  112  111  104   97   93   91   89   85   80   75   72   72   77
   87  101  117  132  145  157  169  180  192  203  214  224  237  255  271  288
  296  301  308  304  309  308  308  306  295
    22.5-180.0 180.0   5.0 450.0                            LAT/LON1/LON2/DLON/H
  344  323  297  275  256  241  229  216  204  193  180  167  152  139  128  119
  109   98   89   82   77   72   72   79   88   97  102  107  113  119  122  123
  124  125  128  130  127  115  105  100   93   87   81   74   68   65   66   73
   84  100  116  131  144  157  170  183  197  211  227  241  261  285  307  328
  341  352  357  359  366  362  362  359  344
    20.0-180.0 180.0   5.0 450.0                            LAT/LON1/LON2/DLON/H
  395  371  339  310  284  266  250  239  223  208  191  175  157  142  128  118
  106   96   88   83   80   80   84   95  109  122  128  131  140  143  144  145
  143  143  145  146  141  125  113  104   94   85   76   67   61   58   60   69
   82   99  116  132  146  160  175  190  207  224  245  264  286  314  339  362
  379  391  398  409  418  415  417  413  395
    17.5-180.0 180.0   5.0 450.0                            LAT/LON1/LON2/DLON/H
  440  416  383  351  320  296  278  265  248  231  210  190  169  151  135  123
  109  100   93   92   94   98  107  122  139  154  159  160  163  168  168  164
  160  159  160  159  149  131  117  105   93   82   72   62   55   52   56   66
   81  100  118  135  151  167  185  203  223  243  266  289  312  340  364  385
  402  412  418  437  445  450  459  457  440
    15.0-180.0 180.0   5.0 450.0                            LAT/LON1/LON2/DLON/H
  465  446  423  391  360  332  310  294  278  259  237  213  188  167  149  138
  124  115  110  113  119  128  139  156  174  189  190  185  184  184  182  178
  171  170  171  165  152  135  119  106   93   82   70   60   53   50   54   66
   83  102  123  141  159  177  198  220  241  263  288  312  336  361  381  396
  407  414  418  435  452  464  476  477  465
    12.5-180.0 180.0   5.0 450.0                            LAT/LON1/LON2/DLON/H
  474  464  445  422  396  368  345  326  309  291  270  242  212  191  175  164
  154  148  143  149  156  167  179  191  206  217  212  202  196  192  189  184
  177  174  173  164  153  136  120  107   95   83   72   62   54   52   55   68
   86  107  127  147  168  188  210  234  257  281  306  330  353  374  389  395
  399  402  407  420  440  456  470  479  474
    10.0-180.0 180.0   5.0 450.0                            LAT/LON1/LON2/DLON/H
  474  470  460  444  426  402  378  358  342  324  302  274  245  222  210  202
  198  197  194  201  206  211  218  221  227  229  218  205  197  193  189  184
  179  175  170  160  149  135  121  110   98   87   75   66   60   58   60   72
   90  111  133  155  175  196  220  245  268  292  316  339  360  378  388  390
  389  389  393  405  424  441  459  472  474
     7.5-180.0 180.0   5.0 450.0                            LAT/LON1/LON2/DLON/H
  470  471  467  458  445  428  408  390  377  359  336  310  280  260  250  246
  248  252  254  261  260  255  245  237  232  227  215  202  194  189  187  183
  178  174  166  156  147  135  124  114  103   91   81   73   67   64   66   77
   94  115  137  160  180  202  226  249  273  296  319  340  360  377  387  388
  385  384  387  395  411  429  448  463  470
     5.0-180.0 180.0   5.0 450.0                            LAT/LON1/LON2/DLON/H
  468  471  469  464  457  445  432  417  406  390  367  340  313  296  290  289
  294  301  307  311  304  285  262  242  229  218  208  195  190  188  187  183
  177  172  164  157  147  138  127  117  107   97   87   79   73   70   71   79
   96  117  140  162  184  206  228  250  271  294  315  335  355  374  386  392
  392  390  393  398  409  424  443  458  468
     2.5-180.0 180.0   5.0 450.0                            LAT/LON1/LON2/DLON/H
  470  472  470  466  462  455  447  436  427  412  391  363  337  323  320  321
  324  330  339  339  325  299  267  241  221  206  197  188  189  191  193  187
  179  171  165  156  147  138  128  120  112  102   93   85   79   74   74   81
   96  118  140  163  185  206  226  245  266  286  305  324  346  368  385  397
  402  405  408  411  420  430  448  462  470
