data/IONEX/CVBB2930.21i
     1.0            IONOSPHERE MAPS     MIX                 IONEX VERSION / TYPE
cmpcmb v1.2          GRL/UWM             6-nov-21 02:14     PGM / RUN BY / DATE 
ionex file containing IGS COMBINED Ionosphere maps          COMMENT             
global ionosphere maps for day 293, 2021                    DESCRIPTION         
IONEX file containing the COMBINED IGS TEC MAPS and DCBs    DESCRIPTION         
      IONEX files of the following IAACs were combined: cod DESCRIPTION         
                                                        esa DESCRIPTION         
                                                        jpl DESCRIPTION         
                                                        upc DESCRIPTION         
Contact address: Andrzej Krankowski                         DESCRIPTION
                 Geodynamics Research Laboratory            DESCRIPTION
                 University of Warmia and Mazury (GRL/UWM)  DESCRIPTION
                 Oczapowski St. 1                           DESCRIPTION
                 10-957-Olsztyn, POLAND                     DESCRIPTION
                 e-mail:  kand@uwm.edu.pl                   DESCRIPTION
                                                            DESCRIPTION         
  2021    10    20     0     0     0                        EPOCH OF FIRST MAP  
  2021    10    21     0     0     0                        EPOCH OF LAST MAP   
  7200                                                      INTERVAL            
    13                                                      # OF MAPS IN FILE   
  COSZ                                                      MAPPING FUNCTION    
     0.0                                                    ELEVATION CUTOFF    
combined TEC calculated as weighted mean of input TEC valuesOBSERVABLES USED    
   359                                                      # OF STATIONS       
    32                                                      # OF SATELLITES     
  6371.0                                                    BASE RADIUS         
     2                                                      MAP DIMENSION       
   450.0 450.0   0.0                                        HGT1 / HGT2 / DHGT  
    87.5 -87.5  -2.5                                        LAT1 / LAT2 / DLAT  
  -180.0 180.0   5.0                                        LON1 / LON2 / DLON  
    -1                                                      EXPONENT            
TEC values in 0.1 tec units;  9999, if no value available   COMMENT             
DCB values in nanoseconds, reference is Sum_of_SatDCBs = 0  COMMENT             
                                                            END OF HEADER       
[from data line 4719]
    12                                                      START OF TEC MAP    
  2021    10    20    22     0     0                        EPOCH OF CURRENT MAP
    87.5-180.0 180.0   5.0 450.0                            LAT/LON1/LON2/DLON/H
   47   48   49   50   50   51   51   52   52   52   53   53   53   54   53   53
   53   52   52   52   52   52   52   52   51   51   49   48   48   46   46   45
   43   43   41   40   40   39   39   38   38   37   37   37   36   36   36   36
   36   37   36   36   37   37   38   38   38   39   39   40   40   41   41   42
   42   43   44   44   44   46   46   47   47
    85.0-180.0 180.0   5.0 450.0                            LAT/LON1/LON2/DLON/H
   55   56   57   58   58   59   59   60   60   61   62   62   63   63   64   64
   64   64   64   63   63   63   62   61   58   56   55   53   52   52   50   49
   47   45   44   42   41   41   39   38   37   36   35   34   33   33   32   32
   32   32   32   32   33   34   35   35   36   37   38   39   41   41   43   44
   45   46   48   49   51   51   53   54   55
    82.5-180.0 180.0   5.0 450.0                            LAT/LON1/LON2/DLON/H
   59   60   61   62   63   65   66   67   69   70   71   72   72   73   73   73
   73   72   73   72   72   72   71   69   68   65   64   64   61   59   58   55
   53   50   49   46   45   43   42   41   40   38   37   36   35   35   34   33
   33   32   33   32   33   33   34   35   36   37   39   40   42   44   45   47
   49   50   52   54   55   57   58   59   59
    80.0-180.0 180.0   5.0 450.0                            LAT/LON1/LON2/DLON/H
   63   64   65   67   68   69   71   73   74   76   78   79   80   82   83   83
   84   83   83   82   80   78   78   77   74   73   70   68   66   64   62   60
   58   56   54   52   50   48   46   44   42   42   41   40   39   38   38   36
   36   35   35   35   35   35   36   36   37   38   40   42   43   45   47   49
   51   53   55   57   59   60   61   62   63
    77.5-180.0 180.0   5.0 450.0                            LAT/LON1/LON2/DLON/H
   67   67   68   70   71   73   75   77   79   80   82   84   86   87   88   89
   90   89   89   88   86   84   80   82   80   78   75   72   70   68   65   63
   61   59   58   57   55   51   50   49   47   46   45   44   44   43   42   41
   40   40   39   39   38   38   38   38   38   39   40   41   43   46   48   50
   52   55   57   60   61   63   64   65   67
    75.0-180.0 180.0   5.0 450.0                            LAT/LON1/LON2/DLON/H
   70   71   72   73   74   75   77   79   81   83   86   89   90   91   93   93
   92   91   91   90   88   86   84   83   82   79   78   75   74   72   69   68
   65   61   60   59   58   56   54   51   50   48   47   47   46   45   44   43
   42   42   41   40   39   39   37   37   37   37   38   39   41   43   46   48
   52   54   58   60   63   65   67   68   70
    72.5-180.0 180.0   5.0 450.0                            LAT/LON1/LON2/DLON/H
   73   74   75   76   77   78   80   82   84   88   91   93   95   96   95   95
   93   91   91   88   89   89   85   83   82   79   77   76   73   71   70   68
   66   64   61   60   59   58   56   54   52   49   47   46   45   44   43   41
   40   39   39   38   37   36   35   34   33   34   34   35   37   39   41   45
   49   53   57   61   64   67   70   72   73
    70.0-180.0 180.0   5.0 450.0                            LAT/LON1/LON2/DLON/H
   78   79   80   81   81   83   84   85   89   93   96   97   98   97   98   97
   93   90   92   88   90   86   83   81   78   77   74   72   69   68   66   64
   63   61   59   58   56   55   53   52   49   47   46   44   42   41   39   37
   35   34   33   32   32   31   30   29   28   28   28   29   30   33   36   40
   45   50   55   60   65   69   72   76   78
    67.5-180.0 180.0   5.0 450.0                            LAT/LON1/LON2/DLON/H
   82   84   85   87   88   89   89   90   93   97   99  100  101  100  100   98
   93   91   91   86   86   82   81   78   73   72   68   66   63   60   59   59
   57   56   54   51   50   48   47   45   43   41   40   38   36   35   33   32
   29   28   27   26   25   24   24   23   23   23   22   23   24   27   31   35
   41   47   53   60   65   71   75   79   82
    65.0-180.0 180.0   5.0 450.0                            LAT/LON1/LON2/DLON/H
   87   90   93   94   95   95   95   96   98  100  102  103  103  102  101   99
   93   92   89   87   84   81   79   75   70   66   61   58   56   53   52   52
   50   48   45   43   41   39   39   37   35   34   33   31   30   29   27   26
   25   23   22   20   20   20   20   19   19   18   18   19   20   23   27   32
   38   45   52   59   66   73   79   84   87
    62.5-180.0 180.0   5.0 450.0                            LAT/LON1/LON2/DLON/H
   94   98  102  102  102  102  102  102  102  104  105  106  105  104  102   99
   97   92   89   87   84   81   78   73   67   62   56   52   49   47   45   44
   42   40   37   34   32   31   31   30   28   28   28   26   25   25   23   22
   21   20   18   17   17   17   17   17   17   16   16   17   19   22   26   32
   38   45   52   60   68   75   82   89   94
    60.0-180.0 180.0   5.0 450.0                            LAT/LON1/LON2/DLON/H
   99  105  108  110  110  109  108  107  106  106  107  108  107  107  104  102
   99   95   93   90   87   84   80   74   66   60   53   48   46   43   41   39
   38   34   31   28   26   25   25   25   25   25   25   25   25   24   23   21
   20   18   17   16   16   16   17   17   17   17   17   19   20   23   28   34
   40   47   55   62   70   77   85   93   99
    57.5-180.0 180.0   5.0 450.0                            LAT/LON1/LON2/DLON/H
  105  111  115  118  118  116  114  112  109  108  108  108  108  108  107  105
  102   99   97   94   91   88   83   75   68   60   53   49   46   43   41   38
   36   33   28   25   24   24   24   24   25   27   27   28   28   27   25   24
   22   21   19   18   18   19   20   20   21   21   21   22   25   28   33   38
   45   51   58   65   72   80   88   96  105
    55.0-180.0 180.0   5.0 450.0                            LAT/LON1/LON2/DLON/H
  109  116  122  125  126  123  120  117  114  110  109  109  109  109  109  107
  105  103  100   98   95   90   84   77   69   62   56   52   49   47   43   41
   38   35   30   28   27   27   28   29   31   32   33   34   33   33   31   29
   27   26   24   23   23   23   25   26   27   27   28   29   31   33   38   44
   50   57   63   70   76   83   92  100  109
    52.5-180.0 180.0   5.0 450.0                            LAT/LON1/LON2/DLON/H
  115  122  129  132  134  132  129  125  121  116  113  110  110  110  110  110
  108  106  103  100   96   92   85   78   70   64   60   56   55   53   50   47
   44   39   36   34   34   34   36   37   38   40   41   41   41   40   39   37
   34   33   32   30   30   31   32   33   33   34   34   35   37   40   44   51
   57   63   69   74   80   87   95  105  115
    50.0-180.0 180.0   5.0 450.0                            LAT/LON1/LON2/DLON/H
  120  129  135  141  143  143  140  136  131  125  119  115  113  113  113  112
  110  108  105  101   97   92   86   79   73   68   64   62   62   60   57   55
   50   46   44   43   43   44   45   46   47   48   49   49   49   49   47   45
   43   42   41   39   39   40   40   40   40   40   40   41   43   46   51   58
   63   70   75   79   85   92  101  111  120
    47.5-180.0 180.0   5.0 450.0                            LAT/LON1/LON2/DLON/H
  128  136  142  149  152  154  153  150  145  137  129  122  119  117  116  115
  114  112  108  104   99   94   88   82   77   73   71   70   70   68   64   61
   57   54   53   52   53   53   54   54   54   55   56   56   56   56   54   53
   52   51   50   50   49   49   48   48   46   44   45   46   48   52   57   64
   70   76   81   86   91   98  107  117  128
    45.0-180.0 180.0   5.0 450.0                            LAT/LON1/LON2/DLON/H
  135  144  151  157  161  165  166  164  158  151  141  132  126  123  121  119
  117  116  112  108  103   98   92   86   82   79   78   77   77   72   68   65
   62   59   60   60   60   61   60   60   60   60   61   62   62   62   61   61
   60   59   60   59   58   57   55   54   51   49   48   49   52   56   62   69
   76   80   86   92   97  104  114  125  135
    42.5-180.0 180.0   5.0 450.0                            LAT/LON1/LON2/DLON/H
  144  154  161  165  170  174  176  175  171  163  153  142  135  130  127  125
  123  121  117  114  110  105   98   93   89   86   84   81   79   75   70   67
   64   64   65   66   66   66   64   64   64   64   66   66   68   68   68   67
   67   67   66   66   65   64   61   58   55   52   51   52   56   61   67   74
   80   86   92   97  102  111  122  132  144
    40.0-180.0 180.0   5.0 450.0                            LAT/LON1/LON2/DLON/H
  153  164  170  175  178  181  184  184  180  173  163  152  144  138  135  131
  129  128  126  123  119  113  107  100   95   91   86   82   78   74   70   67
   66   67   69   70   70   69   67   66   67   67   69   71   73   73   73   73
   72   73   72   71   70   68   65   62   58   55   54   55   59   66   71   78
   84   91   97  102  107  116  128  140  153
    37.5-180.0 180.0   5.0 450.0                            LAT/LON1/LON2/DLON/H
  162  174  180  184  186  188  189  188  185  179  170  160  151  146  141  138
  137  137  136  134  129  123  115  108  101   94   87   80   75   72   69   66
   68   69   72   73   73   71   70   69   70   72   74   76   77   78   77   77
   76   76   74   73   72   70   67   64   61   57   56   58   63   70   76   82
   89   96  102  107  113  121  134  149  162
    35.0-180.0 180.0   5.0 450.0                            LAT/LON1/LON2/DLON/H
  170  183  191  194  194  193  191  189  186  183  175  167  159  153  148  145
  145  145  146  145  139  132  123  114  105   96   86   78   72   70   69   68
   70   73   75   76   75   74   73   74   75   78   80   81   81   80   79   78
   78   76   74   72   71   69   67   65   62   59   58   60   66   74   82   88
   94  101  108  115  121  127  139  154  170
    32.5-180.0 180.0   5.0 450.0                            LAT/LON1/LON2/DLON/H
  177  194  206  208  204  198  193  188  184  182  178  172  166  161  156  154
  153  154  154  153  147  138  128  118  108   96   84   76   72   71   71   73
   75   78   81   81   79   78   78   80   83   85   86   86   84   81   79   78
   77   75   72   70   68   67   66   64   62   60   60   63   69   78   86   92
   98  106  114  121  126  133  143  159  177
    30.0-180.0 180.0   5.0 450.0                            LAT/LON1/LON2/DLON/H
  186  207  222  225  218  209  199  191  186  184  182  178  174  169  165  163
  160  161  161  158  150  141  130  120  107   96   84   78   75   76   79   82
   86   88   89   88   85   84   84   87   91   92   92   90   86   81   78   76
   75   73   70   67   65   64   64   63   62   61   61   64   72   80   89   96
  103  110  119  126  130  137  147  164  186
    27.5-180.0 180.0   5.0 450.0                            LAT/LON1/LON2/DLON/H
  202  225  244  246  239  227  213  202  196  193  192  188  184  180  175  170
  167  166  166  162  151  140  129  118  108   98   88   84   84   86   91   96
  100  101  100   97   93   92   92   94   98   99   98   93   86   81   78   74
   73   71   67   63   61   60   60   61   61   60   60   65   72   82   91   99
  106  114  124  131  136  143  155  176  202
    25.0-180.0 180.0   5.0 450.0                            LAT/LON1/LON2/DLON/H
  225  251  271  275  269  256  241  227  219  215  212  206  200  194  187  180
  173  170  168  162  151  138  126  117  110  104   99   98   99  103  109  115
  119  117  113  108  105  101  101  102  104  103  101   93   85   80   77   74
   72   68   63   58   55   55   56   58   57   57   58   63   72   82   92  100
  108  118  129  138  146  154  168  193  225
    22.5-180.0 180.0   5.0 450.0                            LAT/LON1/LON2/DLON/H
  249  279  299  310  307  297  284  270  260  251  245  237  227  216  203  191
  180  175  171  162  150  136  126  122  120  118  117  118  121  126  132  137
  139  135  127  121  115  111  110  108  107  105  102   93   84   79   75   71
   69   65   59   53   50   49   50   52   53   52   54   61   71   83   93  101
  110  120  134  145  159  169  186  215  249
    20.0-180.0 180.0   5.0 450.0                            LAT/LON1/LON2/DLON/H
  273  304  328  345  350  349  339  331  319  307  292  280  263  246  226  208
  191  182  176  164  151  139  133  134  137  141  142  143  147  155  156  158
  160  153  143  135  128  120  117  111  107  103  101   91   84   78   73   70
   66   61   55   49   46   44   45   46   47   48   51   58   71   83   94  103
  111  123  139  155  173  188  207  238  273
    17.5-180.0 180.0   5.0 450.0                            LAT/LON1/LON2/DLON/H
  294  324  351  375  389  399  402  401  389  373  352  332  308  283  256  232
  209  195  185  172  158  149  148  154  162  169  171  172  174  182  178  177
  177  168  156  147  138  127  119  111  104  101  100   90   84   80   74   69
   65   60   53   46   42   41   41   42   43   45   49   58   72   86   97  106
  114  127  145  166  189  209  233  262  294
    15.0-180.0 180.0   5.0 450.0                            LAT/LON1/LON2/DLON/H
  307  335  366  395  418  438  457  466  460  440  415  389  358  327  293  263
  235  217  201  186  173  168  171  181  191  198  202  202  196  198  189  188
  187  175  164  156  146  133  121  109  100   96   97   91   87   83   78   72
   66   60   53   46   42   40   40   40   40   43   48   59   74   90  102  111
  120  133  152  177  204  230  252  278  307
    12.5-180.0 180.0   5.0 450.0                            LAT/LON1/LON2/DLON/H
  309  335  367  399  431  461  487  512  515  498  473  439  403  370  332  299
  270  246  225  209  197  195  200  210  219  226  227  221  210  201  188  185
  185  177  171  168  156  143  125  109   97   93   96   94   91   88   81   76
   69   61   54   48   44   41   40   39   38   41   48   61   77   94  107  118
  127  141  160  186  217  244  265  287  309
    10.0-180.0 180.0   5.0 450.0                            LAT/LON1/LON2/DLON/H
  312  329  354  388  422  458  493  523  537  528  505  473  441  409  374  339
  309  283  258  242  229  228  232  239  243  248  242  229  213  194  178  173
  176  177  181  181  171  156  134  113   97   92   95   97   97   92   85   79
   71   63   56   51   46   44   41   39   38   41   48   62   80   98  113  124
  135  150  170  195  225  253  275  294  312
     7.5-180.0 180.0   5.0 450.0                            LAT/LON1/LON2/DLON/H
  314  326  341  368  398  433  469  504  525  528  513  488  461  435  406  375
  348  323  300  284  270  264  264  265  262  260  248  229  207  185  170  166
  172  181  190  194  187  170  148  123  104   96   97   99   99   95   87   80
   71   64   59   54   50   47   44   41   40   43   50   65   83  101  118  131
  142  157  177  201  229  257  281  300  314
     5.0-180.0 180.0   5.0 450.0                            LAT/LON1/LON2/DLON/H
  314  324  333  349  372  399  429  462  486  499  495  479  460  443  424  403
  381  360  339  325  310  299  292  286  275  266  251  227  203  183  172  171
  177  187  195  203  201  187  166  138  114  102  101  100  100   95   87   80
   73   66   61   56   53   50   47   43   42   46   54   68   87  107  123  135
  147  161  180  203  229  257  283  302  314
     2.5-180.0 180.0   5.0 450.0                            LAT/LON1/LON2/DLON/H
  315  326  335  341  353  370  391  415  436  453  457  451  442  435  427  418
  404  388  371  358  343  328  316  303  286  270  251  229  207  193  187  186
  189  194  202  212  216  205  185  154  127  110  105  101   99   93   86   81
   74   69   64   59   55   52   48   45   44   47   56   70   89  108  126  139
  151  165  183  204  229  254  281  300  315
