data/IONEX/CVBB2790.21i
     1.0            IONOSPHERE MAPS     MIX                 IONEX VERSION / TYPE
cmpcmb v1.2          GRL/UWM            27-oct-21 23:28     PGM / RUN BY / DATE 
ionex file containing IGS COMBINED Ionosphere maps          COMMENT             
global ionosphere maps for day 279, 2021                    DESCRIPTION         
IONEX file containing the COMBINED IGS TEC MAPS and DCBs    DESCRIPTION         
      IONEX files of the following IAACs were combined: cod DESCRIPTION         
                                                        esa DESCRIPTION         
                                                        jpl DESCRIPTION         
                                                        upc DESCRIPTION         
Contact address: Andrzej Krankowski                         DESCRIPTION
                 Geodynamics Research Laboratory            DESCRIPTION
                 University of Warmia and Mazury (GRL/UWM)  DESCRIPTION
                 Oczapowski St. 1                           DESCRIPTION
                 10-957-Olsztyn, POLAND                     DESCRIPTION
                 e-mail:  kand@uwm.edu.pl                   DESCRIPTION
                                                            DESCRIPTION         
  2021    10     6     0     0     0                        EPOCH OF FIRST MAP  
  2021    10     7     0     0     0                        EPOCH OF LAST MAP   
  7200                                                      INTERVAL            
    13                                                      # OF MAPS IN FILE   
  COSZ                                                      MAPPING FUNCTION    
     0.0                                                    ELEVATION CUTOFF    
combined TEC calculated as weighted mean of input TEC valuesOBSERVABLES USED    
   365                                                      # OF STATIONS       
    32                                                      # OF SATELLITES     
  6371.0                                                    BASE RADIUS         
     2                                                      MAP DIMENSION       
   450.0 450.0   0.0                                        HGT1 / HGT2 / DHGT  
    87.5 -87.5  -2.5                                        LAT1 / LAT2 / DLAT  
  -180.0 180.0   5.0                                        LON1 / LON2 / DLON  
    -1                                                      EXPONENT            
TEC values in 0.1 tec units;  9999, if no value available   COMMENT             
DCB values in nanoseconds, reference is Sum_of_SatDCBs = 0  COMMENT             
                                                            END OF HEADER       
[from data line 4719]
    12                                                      START OF TEC MAP    
  2021    10     6    22     0     0                        EPOCH OF CURRENT MAP
    87.5-180.0 180.0   5.0 450.0                            LAT/LON1/LON2/DLON/H
   51   51   51   52   52   52   52   52   52   52   52   51   51   51   51   50
   50   49   48   48   47   47   46   46   45   44   43   42   42   41   40   39
   38   38   37   36   36   36   36   36   35   35   35   36   36   36   37   38
   38   39   39   40   41   41   42   43   44   44   44   45   46   47   47   47
   48   48   49   49   50   50   51   51   51
    85.0-180.0 180.0   5.0 450.0                            LAT/LON1/LON2/DLON/H
   58   59   59   60   60   60   61   61   61   61   61   61   61   61   61   60
   59   59   58   56   55   53   52   50   48   46   43   41   39   38   36   35
   35   33   33   31   31   31   30   30   30   30   31   31   31   33   34   35
   36   37   38   39   40   42   43   44   46   47   48   49   50   51   52   52
   53   54   55   56   56   56   57   58   58
    82.5-180.0 180.0   5.0 450.0                            LAT/LON1/LON2/DLON/H
   63   63   63   64   64   65   66   67   67   68   69   69   70   70   70   69
   68   67   67   65   63   62   60   57   51   49   48   46   43   41   39   36
   35   32   31   29   29   28   28   28   28   29   29   30   30   32   33   34
   36   37   39   40   42   44   45   47   49   50   51   52   54   55   56   57
   58   59   60   60   61   61   62   63   63
    80.0-180.0 180.0   5.0 450.0                            LAT/LON1/LON2/DLON/H
   66   66   65   66   67   67   68   70   72   73   75   76   78   79   80   80
   80   78   76   74   72   69   67   62   59   54   49   46   42   39   37   35
   33   32   30   30   30   29   29   29   29   30   31   31   32   33   34   35
   37   38   39   42   43   45   47   49   50   52   53   55   56   57   58   60
   61   62   63   64   64   65   65   65   66
    77.5-180.0 180.0   5.0 450.0                            LAT/LON1/LON2/DLON/H
   67   67   67   67   67   68   69   71   73   76   79   81   85   87   90   92
   93   92   89   87   83   79   74   70   65   59   55   49   45   42   39   37
   35   34   34   33   33   33   33   33   33   34   34   34   35   36   36   37
   38   39   40   41   43   45   47   48   49   51   52   54   55   57   58   60
   61   63   64   65   66   67   67   67   67
    75.0-180.0 180.0   5.0 450.0                            LAT/LON1/LON2/DLON/H
   68   68   67   67   67   67   69   71   74   78   83   88   92   96   99  101
  101  101  100   97   93   89   83   77   71   65   59   52   47   43   40   39
   38   38   37   38   38   38   38   38   37   37   37   37   37   38   38   38
   39   39   40   41   42   43   45   46   47   48   49   50   52   53   55   57
   59   61   63   65   66   67   68   69   68
    72.5-180.0 180.0   5.0 450.0                            LAT/LON1/LON2/DLON/H
   70   69   68   67   67   68   70   72   76   80   86   92   97  102  105  107
  109  109  108  103   99   95   90   84   77   69   61   56   50   45   42   40
   39   38   40   40   41   41   42   42   41   40   39   39   38   38   38   38
   38   38   39   39   40   40   41   42   43   43   44   46   47   48   50   52
   55   57   61   64   66   68   70   70   70
    70.0-180.0 180.0   5.0 450.0                            LAT/LON1/LON2/DLON/H
   74   73   72   71   69   70   71   73   77   82   88   94  101  105  109  111
  112  113  109  106  103  100   95   89   82   72   63   57   51   46   41   39
   39   39   41   42   43   43   43   43   43   42   41   40   38   37   37   37
   36   36   35   35   35   36   36   37   38   38   39   40   42   43   46   48
   51   55   58   62   66   69   71   73   74
    67.5-180.0 180.0   5.0 450.0                            LAT/LON1/LON2/DLON/H
   78   78   77   76   74   73   73   75   78   83   90   97  104  108  110  112
  112  111  109  108  105  102   98   92   85   75   66   57   50   45   40   38
   37   38   40   41   42   43   43   43   42   41   40   38   37   36   35   34
   34   33   32   31   31   31   32   32   33   34   35   36   37   39   42   44
   48   52   57   61   66   70   74   77   78
    65.0-180.0 180.0   5.0 450.0                            LAT/LON1/LON2/DLON/H
   83   84   84   82   80   78   77   78   80   84   90   98  103  108  110  110
  110  108  107  107  104  102   99   94   86   77   67   58   49   43   38   36
   36   36   38   39   40   40   41   40   39   38   37   36   35   34   34   33
   33   32   30   29   28   28   29   29   30   31   32   34   35   37   39   42
   46   50   55   60   66   71   76   80   83
    62.5-180.0 180.0   5.0 450.0                            LAT/LON1/LON2/DLON/H
   88   90   91   89   87   85   82   81   82   85   91   96  102  105  107  107
  106  104  104  103  103  103  102   97   89   79   68   59   50   43   37   35
   35   35   36   37   37   37   37   37   35   35   35   36   36   36   36   35
   35   33   31   29   27   26   26   27   28   30   31   33   34   37   39   42
   45   50   55   61   67   73   79   84   88
    60.0-180.0 180.0   5.0 450.0                            LAT/LON1/LON2/DLON/H
   93   97   99   98   96   92   89   86   84   86   89   95   99  103  104  103
  102  101  100  101  103  104  105  100   92   83   72   62   54   46   41   38
   37   37   37   37   37   36   35   35   35   36   37   39   40   41   41   41
   39   37   34   31   28   26   25   26   28   30   31   34   35   37   40   43
   48   52   58   63   69   75   81   88   93
    57.5-180.0 180.0   5.0 450.0                            LAT/LON1/LON2/DLON/H
  100  105  108  108  106  101   96   91   87   87   89   93   97  100  101  101
  100   99   99  100  103  106  106  104   97   88   78   68   61   55   49   48
   46   45   43   42   40   39   38   39   40   42   44   46   47   48   48   47
   46   43   39   34   29   28   27   28   30   31   33   35   37   40   44   47
   52   57   62   68   73   79   86   92  100
    55.0-180.0 180.0   5.0 450.0                            LAT/LON1/LON2/DLON/H
  108  115  119  121  118  113  107  100   94   90   90   92   95   98  100  101
  100   99   99  102  104  107  108  107  102   94   86   80   74   69   64   63
   59   56   54   51   49   48   49   50   52   53   55   57   57   57   57   55
   54   50   45   40   35   32   32   33   34   35   36   38   41   45   49   54
   59   64   69   75   80   85   92   99  108
    52.5-180.0 180.0   5.0 450.0                            LAT/LON1/LON2/DLON/H
  118  127  133  134  134  129  122  113  105   98   94   94   96   98  101  102
  103  102  103  105  107  110  111  109  106  102   96   93   90   86   83   79
   73   69   66   64   62   62   62   64   65   67   68   67   67   67   66   64
   62   59   54   49   44   41   40   40   40   41   41   42   46   51   56   63
   68   73   79   84   88   94  101  109  118
    50.0-180.0 180.0   5.0 450.0                            LAT/LON1/LON2/DLON/H
  132  142  149  152  153  149  141  132  122  112  104  100  100  102  105  108
  108  108  108  109  111  112  113  112  111  110  107  107  105  102   99   95
   87   83   79   78   76   76   76   78   79   79   79   78   77   75   75   73
   72   68   64   60   56   53   51   51   50   49   49   49   53   59   65   72
   79   84   90   95  100  105  112  121  132
    47.5-180.0 180.0   5.0 450.0                            LAT/LON1/LON2/DLON/H
  150  161  168  173  173  171  165  156  144  133  122  113  110  110  113  116
  117  116  115  115  115  116  116  116  117  117  118  119  117  115  112  105
   97   93   90   89   89   88   89   89   90   89   88   86   84   82   82   81
   80   79   75   72   68   66   65   64   61   58   57   57   61   67   75   83
   90   97  104  110  114  119  127  138  150
    45.0-180.0 180.0   5.0 450.0                            LAT/LON1/LON2/DLON/H
  170  182  190  195  198  196  192  185  173  161  145  133  126  124  125  127
  127  126  124  123  122  121  122  123  125  126  127  128  126  121  116  110
  102   98   97   97   98   98   97   96   96   94   93   90   88   87   87   89
   89   88   86   84   81   79   77   74   70   66   63   63   67   76   84   94
  103  111  119  126  131  137  146  156  170
    42.5-180.0 180.0   5.0 450.0                            LAT/LON1/LON2/DLON/H
  192  206  215  219  222  221  219  214  205  190  173  157  144  141  140  140
  139  137  134  132  130  130  131  133  136  136  134  133  128  122  115  107
  101   98   99  102  103  103  101  100   98   97   95   93   91   91   93   95
   97   98   97   95   92   89   86   82   77   71   67   68   74   83   94  105
  116  126  135  143  149  155  165  177  192
    40.0-180.0 180.0   5.0 450.0                            LAT/LON1/LON2/DLON/H
  215  230  238  243  243  242  244  241  232  217  200  182  167  161  157  156
  153  150  146  143  143  142  144  146  149  146  141  135  127  118  110  103
   97   96  100  103  105  105  102  100   98   96   96   95   95   96   98  101
  104  105  105  102   99   96   92   88   81   74   71   72   80   91  104  115
  126  138  149  158  165  173  183  199  215
    37.5-180.0 180.0   5.0 450.0                            LAT/LON1/LON2/DLON/H
  239  253  262  264  264  264  264  263  257  244  225  206  193  182  176  173
  168  164  160  158  159  157  159  160  162  158  148  137  125  114  105   99
   95   96  100  103  106  105  102   98   97   97   97   98   99  102  104  106
  108  108  107  105  102   99   96   90   84   76   72   76   86  100  113  125
  136  149  161  171  180  188  200  220  239
    35.0-180.0 180.0   5.0 450.0                            LAT/LON1/LON2/DLON/H
  258  273  282  285  283  282  282  282  277  265  247  228  214  204  197  191
  184  179  176  175  176  176  177  179  177  169  155  139  125  112  104   99
   97   98  101  104  106  105  101   98   97   98  100  102  104  107  108  109
  108  108  106  104  102   99   96   91   84   77   74   79   91  106  121  134
  146  159  172  183  192  200  213  235  258
    32.5-180.0 180.0   5.0 450.0                            LAT/LON1/LON2/DLON/H
  274  293  302  304  301  296  296  296  289  277  263  247  235  226  218  211
  203  198  194  193  194  196  195  198  192  182  163  142  127  115  108  106
  105  105  107  108  108  106  103  100  100  101  103  106  110  112  111  109
  107  105  103  101   99   96   93   89   83   77   75   81   94  112  128  142
  155  167  181  193  202  212  226  246  274
    30.0-180.0 180.0   5.0 450.0                            LAT/LON1/LON2/DLON/H
  290  312  324  324  319  312  309  306  297  286  276  263  254  247  240  232
  225  219  215  215  215  215  214  215  209  196  172  147  132  123  121  121
  120  119  118  116  113  110  107  105  104  105  107  110  114  115  112  107
  103  101   99   97   94   92   89   86   80   76   76   82   97  116  133  148
  161  174  189  203  213  224  241  263  290
    27.5-180.0 180.0   5.0 450.0                            LAT/LON1/LON2/DLON/H
  312  336  350  351  343  333  324  316  307  297  289  280  274  269  266  261
  250  243  240  239  236  235  232  231  226  211  182  153  141  139  142  144
  142  139  133  126  120  117  115  113  111  109  110  112  116  116  112  105
   99   95   93   91   88   86   83   81   78   75   76   85  100  120  138  154
  168  181  198  212  225  239  258  284  312
    25.0-180.0 180.0   5.0 450.0                            LAT/LON1/LON2/DLON/H
  336  363  381  384  374  360  343  332  325  315  307  300  298  298  295  292
  279  270  264  263  257  252  248  248  244  225  191  164  156  162  170  174
  172  162  152  141  130  125  126  124  120  114  112  113  116  116  112  103
   94   89   86   83   80   79   77   76   75   74   77   87  103  123  143  162
  176  191  209  223  239  256  277  305  336
    22.5-180.0 180.0   5.0 450.0                            LAT/LON1/LON2/DLON/H
  359  391  414  422  412  393  373  357  351  342  332  329  328  331  330  327
  314  300  290  285  275  267  264  264  260  239  208  183  181  192  204  210
  206  190  172  159  145  136  139  139  131  120  115  114  116  116  110   99
   89   82   79   76   73   72   72   72   72   73   78   89  106  128  150  170
  186  202  220  236  257  275  298  326  359
    20.0-180.0 180.0   5.0 450.0                            LAT/LON1/LON2/DLON/H
  380  417  445  458  451  433  411  395  384  376  367  363  364  368  368  363
  349  333  318  305  290  279  279  283  279  258  229  206  209  223  236  240
  235  218  197  179  162  151  153  154  143  127  119  116  117  115  108   95
   83   77   73   72   69   68   68   70   71   73   78   89  108  132  156  178
  196  213  231  252  274  296  318  346  380
    17.5-180.0 180.0   5.0 450.0                            LAT/LON1/LON2/DLON/H
  398  436  469  487  485  471  452  439  427  417  408  403  403  407  406  399
  382  364  344  324  305  294  294  301  299  282  254  230  231  248  257  260
  254  238  215  194  176  166  167  167  153  135  125  119  118  116  107   92
   80   74   72   71   69   67   68   70   71   73   78   91  111  137  162  184
  205  224  244  267  292  315  337  362  398
    15.0-180.0 180.0   5.0 450.0                            LAT/LON1/LON2/DLON/H
  406  445  479  502  509  500  486  478  471  463  454  447  445  447  442  431
  412  391  366  342  321  311  313  319  318  304  279  255  256  267  268  266
  258  243  221  201  189  180  181  177  162  143  130  121  119  117  108   90
   78   74   73   72   70   69   69   70   70   73   79   93  115  141  168  192
  213  234  256  281  306  331  351  373  406
    12.5-180.0 180.0   5.0 450.0                            LAT/LON1/LON2/DLON/H
  405  438  473  498  513  513  505  505  507  503  496  489  485  484  478  461
  440  416  389  363  342  333  336  342  340  325  300  278  275  276  268  258
  248  238  220  209  204  196  194  187  169  147  133  121  120  118  106   89
   78   75   75   75   72   71   70   69   69   71   78   93  117  145  173  198
  220  242  265  291  317  341  360  378  405
    10.0-180.0 180.0   5.0 450.0                            LAT/LON1/LON2/DLON/H
  402  429  457  482  498  507  509  517  528  533  529  524  519  516  509  489
  466  441  413  388  369  361  363  367  362  344  318  297  284  273  255  243
  235  231  225  223  219  211  205  194  175  151  136  122  119  115  103   88
   78   75   75   75   73   71   70   69   68   68   74   91  115  147  177  203
  226  249  272  298  325  348  366  381  402
     7.5-180.0 180.0   5.0 450.0                            LAT/LON1/LON2/DLON/H
  401  422  443  461  475  487  498  516  535  546  547  544  541  539  532  513
  489  464  438  416  400  391  393  391  378  356  331  306  286  266  245  234
  229  230  236  240  236  226  215  199  179  153  137  122  118  110   98   86
   77   74   75   74   72   71   70   69   66   65   71   88  114  145  176  204
  229  253  279  304  331  353  371  385  401
     5.0-180.0 180.0   5.0 450.0                            LAT/LON1/LON2/DLON/H
  405  422  437  447  457  468  482  503  525  540  546  547  547  548  544  528
  506  484  461  443  429  423  419  408  387  361  336  307  283  264  250  241
  235  237  247  253  249  237  220  200  176  150  135  121  114  105   93   83
   74   72   71   70   70   68   69   69   66   64   69   85  110  142  174  203
  229  256  281  308  334  357  375  390  405
     2.5-180.0 180.0   5.0 450.0                            LAT/LON1/LON2/DLON/H
  416  432  442  449  453  459  471  488  507  521  529  534  540  543  542  533
  516  498  481  467  454  447  435  417  392  361  331  304  286  275  267  256
  249  250  255  256  252  237  217  192  166  144  130  114  106   98   88   78
   71   69   68   67   66   67   69   69   66   63   67   83  107  138  169  200
  227  254  281  307  335  359  381  399  416
