data/IONEX/CVBB2860.21i
     1.0            IONOSPHERE MAPS     MIX                 IONEX VERSION / TYPE
cmpcmb v1.2          GRL/UWM            28-oct-21 01:42     PGM / RUN BY / DATE 
ionex file containing IGS COMBINED Ionosphere maps          COMMENT             
global ionosphere maps for day 286, 2021                    DESCRIPTION         
IONEX file containing the COMBINED IGS TEC MAPS and DCBs    DESCRIPTION         
      IONEX files of the following IAACs were combined: cod DESCRIPTION         
                                                        esa DESCRIPTION         
                                                        jpl DESCRIPTION         
                                                        upc DESCRIPTION         
Contact address: Andrzej Krankowski                         DESCRIPTION
                 Geodynamics Research Laboratory            DESCRIPTION
                 University of Warmia and Mazury (GRL/UWM)  DESCRIPTION
                 Oczapowski St. 1                           DESCRIPTION
                 10-957-Olsztyn, POLAND                     DESCRIPTION
                 e-mail:  kand@uwm.edu.pl                   DESCRIPTION
                                                            DESCRIPTION         
  2021    10    13     0     0     0                        EPOCH OF FIRST MAP  
  2021    10    14     0     0     0                        EPOCH OF LAST MAP   
  7200                                                      INTERVAL            
    13                                                      # OF MAPS IN FILE   
  COSZ                                                      MAPPING FUNCTION    
     0.0                                                    ELEVATION CUTOFF    
combined TEC calculated as weighted mean of input TEC valuesOBSERVABLES USED    
   362                                                      # OF STATIONS       
    32                                                      # OF SATELLITES     
  6371.0                                                    BASE RADIUS         
     2                                                      MAP DIMENSION       
   450.0 450.0   0.0                                        HGT1 / HGT2 / DHGT  
    87.5 -87.5  -2.5                                        LAT1 / LAT2 / DLAT  
  -180.0 180.0   5.0                                        LON1 / LON2 / DLON  
    -1                                                      EXPONENT            
TEC values in 0.1 tec units;  9999, if no value available   COMMENT             
DCB values in nanoseconds, reference is Sum_of_SatDCBs = 0  COMMENT             
                                                            END OF HEADER       
[from data line 3432]
     9                                                      START OF TEC MAP    
  2021    10    13    16     0     0                        EPOCH OF CURRENT MAP
    87.5-180.0 180.0   5.0 450.0                            LAT/LON1/LON2/DLON/H
   69   70   70   71   72   73   73   74   75   76   76   76   77   77   78   78
   78   78   78   77   77   76   76   75   74   73   72   71   71   70   69   68
   68   67   66   65   64   64   63   62   61   60   60   59   59   58   58   58
   57   57   57   57   57   57   57   57   57   59   59   59   59   60   61   62
   63   63   64   65   66   67   67   68   69
    85.0-180.0 180.0   5.0 450.0                            LAT/LON1/LON2/DLON/H
   66   67   69   70   71   73   74   76   77   78   80   81   82   83   83   84
   84   84   84   84   83   82   81   79   78   77   76   75   73   72   70   69
   67   65   64   62   60   59   57   55   54   52   51   50   49   49   48   48
   47   47   47   47   47   48   48   48   49   49   50   51   52   53   54   55
   56   57   58   59   60   62   63   65   66
    82.5-180.0 180.0   5.0 450.0                            LAT/LON1/LON2/DLON/H
   60   62   64   65   67   69   71   73   76   78   81   83   85   86   88   89
   89   89   89   89   88   86   83   82   82   80   79   77   75   73   71   69
   66   64   61   59   56   53   51   49   47   45   44   42   41   40   39   39
   39   39   39   39   39   40   41   41   42   43   44   45   46   47   48   49
   50   51   52   53   55   56   57   58   60
    80.0-180.0 180.0   5.0 450.0                            LAT/LON1/LON2/DLON/H
   52   53   55   57   59   62   65   67   70   74   76   80   82   84   86   88
   89   90   90   90   90   90   86   85   83   81   80   78   76   73   71   68
   65   62   59   56   53   51   48   45   42   40   38   36   35   34   33   33
   33   33   34   34   34   35   36   37   38   39   40   41   41   42   43   44
   45   46   47   47   48   49   50   51   52
    77.5-180.0 180.0   5.0 450.0                            LAT/LON1/LON2/DLON/H
   43   44   46   48   50   53   56   60   62   65   69   72   75   78   80   82
   84   86   87   89   90   91   91   90   87   83   80   78   76   73   71   67
   64   61   58   55   52   49   47   43   41   38   36   34   32   31   30   30
   30   31   31   32   33   34   35   37   38   38   39   40   40   41   41   42
   42   42   42   42   42   42   43   42   43
    75.0-180.0 180.0   5.0 450.0                            LAT/LON1/LON2/DLON/H
   36   37   37   39   42   44   47   50   54   57   60   64   67   71   74   77
   80   83   86   89   90   92   92   92   90   87   84   81   78   75   73   70
   67   63   61   58   55   52   49   46   43   40   37   35   33   32   31   30
   31   31   32   33   35   36   37   39   39   40   40   41   40   41   41   40
   40   40   40   39   38   37   36   36   36
    72.5-180.0 180.0   5.0 450.0                            LAT/LON1/LON2/DLON/H
   31   31   31   32   35   37   40   44   46   50   54   59   62   67   70   73
   76   80   85   88   90   93   94   95   93   92   89   85   83   80   77   74
   72   70   67   64   61   58   55   51   48   44   41   39   37   35   34   33
   33   34   35   37   38   39   40   41   41   41   41   41   41   41   40   40
   39   39   38   37   36   34   32   32   31
    70.0-180.0 180.0   5.0 450.0                            LAT/LON1/LON2/DLON/H
   28   27   27   28   30   32   34   38   42   46   50   55   60   64   66   69
   74   78   82   87   91   95   98   99   98   97   95   92   89   86   83   81
   79   76   74   71   68   65   62   59   55   52   48   45   42   40   38   37
   37   38   39   40   41   41   42   43   43   42   41   40   39   39   39   38
   38   38   37   36   35   32   31   29   28
    67.5-180.0 180.0   5.0 450.0                            LAT/LON1/LON2/DLON/H
   26   25   25   25   26   29   32   35   40   44   49   54   58   61   64   68
   72   77   82   88   94   99  102  103  103  102  100   98   95   92   90   87
   85   83   81   78   75   73   70   66   63   60   56   52   49   46   43   41
   40   40   40   41   42   42   41   41   41   40   39   37   36   36   36   36
   36   36   36   36   34   32   30   28   26
    65.0-180.0 180.0   5.0 450.0                            LAT/LON1/LON2/DLON/H
   26   25   24   24   25   27   30   34   39   44   50   54   58   61   63   67
   71   76   83   90   96  102  105  107  107  106  104  101   99   96   94   93
   91   89   87   84   81   79   76   73   70   67   63   58   55   51   48   44
   42   41   40   40   40   39   39   38   37   36   34   33   32   31   31   32
   33   33   34   34   33   32   30   28   26
    62.5-180.0 180.0   5.0 450.0                            LAT/LON1/LON2/DLON/H
   25   24   24   24   25   27   30   34   39   45   50   54   58   61   64   68
   72   77   85   92   99  104  107  109  108  107  105  102  100   99   97   96
   95   94   91   89   86   83   81   78   76   73   69   65   60   56   51   47
   44   41   39   38   37   37   35   34   32   31   29   28   27   26   27   27
   29   30   31   31   32   31   29   27   25
    60.0-180.0 180.0   5.0 450.0                            LAT/LON1/LON2/DLON/H
   25   24   23   24   25   27   31   35   40   45   50   56   59   62   66   69
   74   80   87   94  101  105  108  110  108  106  104  102  100   99   99  100
   99   98   96   92   89   86   84   82   80   78   74   70   65   60   55   49
   45   41   38   36   35   34   32   30   29   27   26   25   24   23   23   24
   25   26   28   29   29   29   28   26   25
    57.5-180.0 180.0   5.0 450.0                            LAT/LON1/LON2/DLON/H
   24   24   23   24   26   28   32   36   41   47   52   58   61   65   68   71
   76   83   90   96  102  106  109  109  107  105  103  101   99  100  101  102
  102  102  100   96   92   90   88   86   85   83   79   75   70   64   58   52
   47   43   40   37   35   34   32   30   29   28   27   26   25   24   24   23
   24   24   25   26   27   27   26   25   24
    55.0-180.0 180.0   5.0 450.0                            LAT/LON1/LON2/DLON/H
   24   24   25   26   27   30   34   37   43   48   55   60   64   68   72   76
   81   86   93   98  103  106  108  108  107  105  102  100  100  101  103  105
  106  106  104  101   98   94   93   91   89   87   83   79   74   68   62   57
   52   48   44   41   39   38   36   35   34   34   33   33   32   31   29   27
   26   25   25   25   25   25   25   24   24
    52.5-180.0 180.0   5.0 450.0                            LAT/LON1/LON2/DLON/H
   25   26   26   28   30   32   35   40   46   51   57   63   68   72   77   81
   86   92   96  101  104  106  107  108  107  105  103  102  103  104  106  109
  111  111  110  107  104  102  100   98   96   93   89   84   78   74   68   65
   60   57   53   49   48   46   45   45   44   44   45   45   44   42   38   35
   32   29   28   27   26   26   25   25   25
    50.0-180.0 180.0   5.0 450.0                            LAT/LON1/LON2/DLON/H
   28   29   30   31   33   35   38   44   49   55   61   67   73   78   82   87
   92   97  101  104  106  108  109  110  110  109  108  107  107  109  111  114
  116  117  117  115  113  112  110  107  103  100   94   89   84   80   76   73
   70   68   64   61   59   58   57   57   56   57   58   58   57   55   50   47
   42   37   34   32   31   29   29   28   28
    47.5-180.0 180.0   5.0 450.0                            LAT/LON1/LON2/DLON/H
   33   34   34   35   37   39   42   47   53   60   67   73   79   84   89   94
   99  103  106  108  110  111  113  115  116  116  115  115  115  116  118  120
  122  124  124  124  124  123  121  118  113  107  101   94   89   86   84   83
   81   79   76   73   71   70   69   68   69   69   69   69   69   66   62   57
   52   47   43   40   37   36   34   33   33
    45.0-180.0 180.0   5.0 450.0                            LAT/LON1/LON2/DLON/H
   40   40   40   41   42   44   46   51   58   65   73   80   85   90   95  100
  104  109  111  113  114  116  119  123  126  127  127  125  124  123  125  127
  129  131  132  133  135  136  136  132  125  117  108  100   94   91   90   90
   90   88   86   84   81   80   79   77   76   75   75   74   74   72   69   65
   61   56   52   48   45   42   41   40   40
    42.5-180.0 180.0   5.0 450.0                            LAT/LON1/LON2/DLON/H
   47   47   47   46   47   48   51   56   63   71   79   85   91   96  100  105
  109  113  116  118  119  123  128  133  137  139  138  136  133  131  132  134
  136  138  140  143  147  150  151  146  139  127  116  105   99   95   94   94
   94   94   92   89   86   84   83   80   78   75   73   72   72   72   70   69
   67   64   60   56   53   50   48   47   47
    40.0-180.0 180.0   5.0 450.0                            LAT/LON1/LON2/DLON/H
   54   53   52   52   51   52   56   61   68   77   85   91   96  101  105  109
  113  117  120  124  126  130  137  143  147  149  148  144  140  138  139  141
  143  145  150  154  161  166  167  162  153  140  126  113  104   98   95   95
   94   94   91   88   85   83   82   79   74   69   66   65   66   68   68   69
   69   68   66   63   60   57   55   55   54
    37.5-180.0 180.0   5.0 450.0                            LAT/LON1/LON2/DLON/H
   59   58   56   55   54   56   59   66   75   83   91   97  102  105  109  113
  116  120  125  129  132  138  144  151  155  156  153  148  144  142  145  148
  152  156  160  168  176  183  184  180  171  156  138  123  110  100   95   93
   92   90   88   83   80   79   77   74   68   63   59   59   60   63   66   69
   70   71   69   67   64   61   60   60   59
    35.0-180.0 180.0   5.0 450.0                            LAT/LON1/LON2/DLON/H
   62   60   58   57   56   57   62   70   80   90   98  103  108  111  114  117
  119  123  128  134  139  145  150  156  159  159  156  150  147  147  151  157
  163  169  176  185  194  201  203  200  190  173  153  134  117  104   96   92
   89   86   83   78   75   74   73   72   68   62   59   57   59   62   66   69
   71   72   72   69   66   64   63   62   62
    32.5-180.0 180.0   5.0 450.0                            LAT/LON1/LON2/DLON/H
   63   61   59   57   56   58   63   72   84   95  104  110  114  117  120  122
  124  128  133  140  147  152  156  159  159  158  155  151  150  153  161  170
  179  187  195  207  216  224  226  221  211  193  173  151  129  112  101   94
   89   86   82   76   72   73   74   76   75   72   69   68   69   70   72   73
   74   75   74   71   68   65   64   63   63
    30.0-180.0 180.0   5.0 450.0                            LAT/LON1/LON2/DLON/H
   63   62   60   57   56   58   64   75   88   99  109  116  121  125  127  131
  132  137  142  149  155  160  161  160  159  156  154  152  155  163  175  188
  201  213  223  234  243  249  249  244  234  216  195  170  146  124  111  103
   99   96   90   83   79   79   83   89   91   91   90   90   89   88   86   84
   81   79   77   74   70   67   64   64   63
    27.5-180.0 180.0   5.0 450.0                            LAT/LON1/LON2/DLON/H
   64   63   62   59   57   59   66   77   90  103  113  120  127  132  136  140
  143  149  154  161  167  170  168  164  160  157  156  159  168  181  199  215
  232  245  255  267  276  276  275  271  260  243  224  196  168  145  131  123
  119  115  108  100   95   96  101  109  116  119  122  121  119  115  107   99
   91   85   81   77   72   68   66   65   64
    25.0-180.0 180.0   5.0 450.0                            LAT/LON1/LON2/DLON/H
   65   65   63   61   59   61   68   80   94  106  116  125  133  141  146  150
  155  164  171  179  182  183  178  171  167  165  167  176  191  213  234  253
  272  285  295  306  312  306  304  298  285  270  252  223  196  172  158  153
  148  144  137  129  122  121  124  133  143  154  159  158  155  147  133  118
  106   96   87   82   76   72   68   66   65
    22.5-180.0 180.0   5.0 450.0                            LAT/LON1/LON2/DLON/H
   66   64   62   61   61   64   73   84   98  110  121  131  140  150  157  162
  170  182  192  200  202  199  193  186  183  185  191  207  228  256  280  300
  318  330  339  348  349  340  335  326  310  296  276  250  224  204  194  190
  187  182  174  168  160  155  153  162  175  189  194  193  190  179  160  138
  122  108   97   90   83   77   72   68   66
    20.0-180.0 180.0   5.0 450.0                            LAT/LON1/LON2/DLON/H
   67   63   61   60   62   67   77   89  103  116  127  136  149  160  169  176
  186  202  214  223  224  220  214  210  211  219  231  253  277  306  332  352
  367  379  386  387  381  369  360  348  331  315  297  277  253  236  231  231
  229  224  215  207  199  190  188  193  202  214  217  217  214  202  181  156
  134  119  108   99   92   84   78   72   67
    17.5-180.0 180.0   5.0 450.0                            LAT/LON1/LON2/DLON/H
   69   64   61   60   63   70   80   94  108  122  133  144  158  171  182  192
  205  222  238  247  249  245  241  243  249  265  282  310  335  364  384  398
  415  419  423  415  400  386  373  359  345  331  315  301  281  265  261  261
  260  257  247  235  228  221  218  221  220  225  226  226  224  212  194  169
  145  128  117  110  102   93   84   76   69
    15.0-180.0 180.0   5.0 450.0                            LAT/LON1/LON2/DLON/H
   72   66   62   60   62   69   82   97  113  128  140  153  168  184  197  211
  224  244  260  271  274  272  271  280  295  315  340  371  395  417  429  438
  449  452  443  430  410  395  382  368  354  344  332  317  299  282  274  270
  270  271  263  252  245  242  240  234  225  223  221  219  217  208  195  175
  153  134  124  117  110  101   91   80   72
    12.5-180.0 180.0   5.0 450.0                            LAT/LON1/LON2/DLON/H
   73   67   62   60   61   67   81   99  117  133  148  163  179  196  211  228
  244  264  282  294  298  299  304  319  341  368  396  422  441  454  459  462
  467  464  449  433  415  402  391  378  366  355  343  327  307  287  273  265
  266  266  261  257  252  253  248  236  221  214  208  204  202  193  184  170
  153  137  128  121  115  107   96   83   73
    10.0-180.0 180.0   5.0 450.0                            LAT/LON1/LON2/DLON/H
   74   66   61   59   60   67   82  103  122  140  156  173  190  209  225  244
  262  283  302  315  320  326  337  357  383  411  437  455  468  472  472  472
  471  464  450  435  422  412  402  391  378  367  352  332  309  285  266  256
  252  253  251  252  253  255  249  234  218  205  194  186  181  172  165  156
  146  134  127  121  116  109   97   84   74
     7.5-180.0 180.0   5.0 450.0                            LAT/LON1/LON2/DLON/H
   74   66   60   57   58   67   85  106  128  148  166  183  202  221  239  258
  279  301  319  332  340  351  368  391  417  443  464  475  480  478  475  473
  469  461  450  439  430  422  414  403  390  377  357  335  308  282  260  245
  237  236  239  244  248  251  248  234  218  201  185  171  163  153  147  140
  135  126  120  115  112  106   96   84   74
     5.0-180.0 180.0   5.0 450.0                            LAT/LON1/LON2/DLON/H
   72   65   59   56   58   68   87  110  134  155  175  193  213  233  252  271
  293  315  332  346  358  373  394  419  441  461  475  482  480  475  471  468
  465  458  450  442  436  429  422  413  399  382  361  337  307  280  255  236
  227  227  229  234  242  248  248  238  224  203  184  165  152  139  132  126
  122  116  111  107  104  100   91   81   72
     2.5-180.0 180.0   5.0 450.0                            LAT/LON1/LON2/DLON/H
   71   64   58   55   58   70   89  114  140  162  183  203  224  244  263  283
  305  326  343  357  371  391  414  438  457  471  478  479  474  467  463  461
  458  455  451  447  443  436  428  417  399  380  357  333  304  276  252  233
  223  220  223  227  237  245  247  244  232  211  188  165  148  133  124  118
  112  106  102   98   96   93   86   78   71
