data/IONEX/CVBB2780.21i
     1.0            IONOSPHERE MAPS     MIX                 IONEX VERSION / TYPE
cmpcmb v1.2          GRL/UWM            27-oct-21 23:23     PGM / RUN BY / DATE 
ionex file containing IGS COMBINED Ionosphere maps          COMMENT             
global ionosphere maps for day 278, 2021                    DESCRIPTION         
IONEX file containing the COMBINED IGS TEC MAPS and DCBs    DESCRIPTION         
      IONEX files of the following IAACs were combined: cod DESCRIPTION         
                                                        esa DESCRIPTION         
                                                        jpl DESCRIPTION         
                                                        upc DESCRIPTION         
Contact address: Andrzej Krankowski                         DESCRIPTION
                 Geodynamics Research Laboratory            DESCRIPTION
                 University of Warmia and Mazury (GRL/UWM)  DESCRIPTION
                 Oczapowski St. 1                           DESCRIPTION
                 10-957-Olsztyn, POLAND                     DESCRIPTION
                 e-mail:  kand@uwm.edu.pl                   DESCRIPTION
                                                            DESCRIPTION         
  2021    10     5     0     0     0                        EPOCH OF FIRST MAP  
  2021    10     6     0     0     0                        EPOCH OF LAST MAP   
  7200                                                      INTERVAL            
    13                                                      # OF MAPS IN FILE   
  COSZ                                                      MAPPING FUNCTION    
     0.0                                                    ELEVATION CUTOFF    
combined TEC calculated as weighted mean of input TEC valuesOBSERVABLES USED    
   354                                                      # OF STATIONS       
    32                                                      # OF SATELLITES     
  6371.0                                                    BASE RADIUS         
     2                                                      MAP DIMENSION       
   450.0 450.0   0.0                                        HGT1 / HGT2 / DHGT  
    87.5 -87.5  -2.5                                        LAT1 / LAT2 / DLAT  
  -180.0 180.0   5.0                                        LON1 / LON2 / DLON  
    -1                                                      EXPONENT            
TEC values in 0.1 tec units;  9999, if no value available   COMMENT             
DCB values in nanoseconds, reference is Sum_of_SatDCBs = 0  COMMENT             
                                                            END OF HEADER       
     1                                                      START OF TEC MAP    
  2021    10     5     0     0     0                        EPOCH OF CURRENT MAP
    87.5-180.0 180.0   5.0 450.0                            LAT/LON1/LON2/DLON/H
   58   58   59   60   61   62   62   63   63   63   64   64   65   65   65   64
   64   63   62   62   60   59   57   56   56   55   55   54   53   53   52   52
   51   51   51   50   50   49   49   49   48   48   47   47   47   47   47   46
   46   46   46   46   46   46   46   47   47   47   48   48   49   49   50   50
   51   52   53   53   54   55   56   57   58
    85.0-180.0 180.0   5.0 450.0                            LAT/LON1/LON2/DLON/H
   63   64   65   67   68   69   70   70   72   73   73   74   74   75   75   74
   74   74   73   71   69   68   64   62   61   59   58   56   55   53   52   50
   48   47   46   46   45   44   44   43   43   43   43   42   42   42   42   42
   42   42   42   43   42   42   43   43   44   45   45   46   46   47   48   49
   50   51   54   56   58   59   61   62   63
    82.5-180.0 180.0   5.0 450.0                            LAT/LON1/LON2/DLON/H
   67   68   70   71   72   74   75   76   78   79   80   81   82   83   83   83
   82   81   81   80   79   74   70   67   64   61   58   55   53   51   49   46
   45   43   42   41   40   39   39   38   39   39   38   38   38   38   38   38
   38   39   39   39   40   40   41   42   42   43   44   44   46   47   48   50
   53   54   57   59   61   63   64   66   67
    80.0-180.0 180.0   5.0 450.0                            LAT/LON1/LON2/DLON/H
   73   74   75   76   77   78   79   80   82   84   86   88   89   90   91   91
   90   88   86   84   81   76   73   64   61   58   55   52   49   46   44   41
   40   38   37   36   36   35   35   35   35   36   36   36   36   36   36   36
   36   37   37   37   38   39   40   40   41   42   43   45   47   48   51   53
   56   58   61   63   65   67   70   71   73
    77.5-180.0 180.0   5.0 450.0                            LAT/LON1/LON2/DLON/H
   81   82   83   83   83   83   84   85   86   88   90   92   92   92   92   91
   90   88   86   84   79   74   73   67   61   57   53   50   46   44   41   39
   36   34   33   33   33   33   32   32   33   33   34   34   35   35   35   35
   35   35   35   36   37   37   38   39   40   42   44   46   48   51   54   58
   61   64   67   70   73   75   78   80   81
    75.0-180.0 180.0   5.0 450.0                            LAT/LON1/LON2/DLON/H
   92   92   92   91   91   90   90   90   90   91   91   91   91   91   90   88
   87   85   82   79   74   72   68   62   59   55   50   45   43   40   37   35
   34   33   33   32   32   32   32   32   32   32   32   32   32   32   33   32
   32   31   32   32   33   34   35   37   38   40   43   46   50   53   57   61
   65   69   74   78   82   85   88   90   92
    72.5-180.0 180.0   5.0 450.0                            LAT/LON1/LON2/DLON/H
  103  103  102  100   98   96   95   94   93   92   91   90   90   89   88   85
   82   80   77   74   69   66   62   57   52   50   46   42   39   37   35   33
   32   32   31   30   30   30   29   30   30   30   30   30   29   29   28   27
   27   27   27   28   29   30   31   34   36   39   42   46   50   55   60   65
   70   75   80   86   91   96   99  102  103
    70.0-180.0 180.0   5.0 450.0                            LAT/LON1/LON2/DLON/H
  113  113  111  108  105  102   99   97   95   93   92   91   89   88   85   81
   77   74   70   65   61   58   55   52   48   48   44   40   36   35   33   31
   30   30   29   29   29   28   27   27   27   27   26   26   25   24   24   23
   24   23   23   24   24   26   28   31   34   38   42   47   53   58   63   69
   75   80   86   93   98  104  108  112  113
    67.5-180.0 180.0   5.0 450.0                            LAT/LON1/LON2/DLON/H
  120  120  118  115  110  106  102   99   96   95   94   92   90   88   82   77
   73   67   62   56   54   52   49   47   46   45   42   37   35   33   30   29
   27   27   27   27   26   26   25   24   23   23   23   23   22   22   21   20
   20   21   21   21   22   23   27   30   34   39   44   50   56   61   67   73
   79   84   91   97  103  110  115  119  120
    65.0-180.0 180.0   5.0 450.0                            LAT/LON1/LON2/DLON/H
  124  125  123  118  113  108  104  101   99   97   96   94   93   88   83   76
   70   64   57   52   50   49   47   45   44   43   40   35   32   30   28   27
   25   25   24   23   22   23   22   21   20   20   20   20   21   21   21   20
   20   19   19   19   21   23   26   30   35   41   48   55   61   68   73   78
   83   87   93   99  106  112  117  122  124
    62.5-180.0 180.0   5.0 450.0                            LAT/LON1/LON2/DLON/H
  125  126  124  120  115  109  105  102  101  100   99   98   96   92   87   79
   72   64   57   52   50   48   46   45   44   42   39   34   30   28   26   25
   24   23   22   20   19   19   19   19   18   19   20   22   24   25   25   23
   22   20   19   19   21   23   27   33   38   45   53   61   68   75   79   84
   88   92   96  100  105  111  117  122  125
    60.0-180.0 180.0   5.0 450.0                            LAT/LON1/LON2/DLON/H
  124  124  124  120  115  111  107  104  102  102  102  101   99   96   92   86
   78   70   62   56   53   49   48   47   45   43   39   34   30   28   27   26
   24   23   22   20   19   19   19   19   20   22   25   27   30   32   32   30
   29   26   23   23   24   27   30   36   42   51   59   68   75   82   86   90
   93   96   98  102  106  111  116  121  124
    57.5-180.0 180.0   5.0 450.0                            LAT/LON1/LON2/DLON/H
  124  125  124  122  117  112  109  106  105  105  105  105  102  100   96   91
   85   78   71   64   59   55   54   52   49   46   41   37   33   32   31   30
   27   25   25   23   23   23   23   25   27   29   33   38   40   42   42   40
   38   34   31   30   30   32   35   41   48   57   66   75   82   89   94   96
   99  101  103  105  108  112  116  121  124
    55.0-180.0 180.0   5.0 450.0                            LAT/LON1/LON2/DLON/H
  126  128  129  126  122  117  113  110  109  108  109  108  106  103  100   95
   90   85   79   73   68   64   61   59   55   51   47   43   39   38   37   36
   33   31   31   31   30   31   33   35   37   41   46   50   52   54   53   51
   47   43   40   39   37   39   42   47   54   63   72   82   89   95  100  103
  105  107  109  112  114  116  120  123  126
    52.5-180.0 180.0   5.0 450.0                            LAT/LON1/LON2/DLON/H
  134  136  137  135  131  125  120  116  114  113  112  111  109  106  103  100
   96   91   86   81   76   72   69   66   62   58   54   51   48   46   44   44
   41   40   40   41   42   44   46   48   51   55   59   61   64   64   63   60
   56   53   50   48   47   47   50   54   62   70   79   88   96  101  104  107
  111  115  118  120  123  124  127  131  134
    50.0-180.0 180.0   5.0 450.0                            LAT/LON1/LON2/DLON/H
  145  148  149  147  142  136  130  125  122  119  116  115  112  109  107  104
  101   97   91   86   81   77   74   71   69   66   62   60   58   55   53   52
   50   50   51   52   54   56   60   62   64   67   70   73   73   73   70   68
   65   63   61   59   57   56   58   62   70   78   87   95  101  105  108  111
  115  121  126  130  133  136  138  142  145
    47.5-180.0 180.0   5.0 450.0                            LAT/LON1/LON2/DLON/H
  157  160  162  160  155  150  143  136  131  127  123  120  116  113  110  109
  106  102   96   90   85   81   79   78   77   75   72   70   68   65   61   59
   58   58   60   62   64   69   72   74   76   78   79   79   79   78   76   75
   73   73   72   70   67   66   67   70   77   85   94  102  107  109  111  114
  118  125  132  138  143  147  151  154  157
    45.0-180.0 180.0   5.0 450.0                            LAT/LON1/LON2/DLON/H
  169  172  173  172  168  162  154  147  141  136  132  126  122  118  116  115
  112  106  100   94   89   86   86   85   85   84   82   79   76   71   66   63
   62   62   65   69   73   77   80   82   83   84   84   83   82   81   80   80
   81   81   81   80   77   76   75   79   86   95  103  110  113  115  116  118
  121  127  135  143  149  155  160  164  169
    42.5-180.0 180.0   5.0 450.0                            LAT/LON1/LON2/DLON/H
  176  179  180  180  178  172  165  157  151  145  140  134  129  126  124  123
  119  113  105   98   93   91   92   93   93   92   90   85   79   73   67   63
   62   63   67   72   76   81   83   85   86   86   85   84   83   82   83   84
   86   88   89   88   86   85   85   89   96  105  114  120  122  124  123  124
  124  128  134  142  150  158  166  172  176
    40.0-180.0 180.0   5.0 450.0                            LAT/LON1/LON2/DLON/H
  180  183  183  183  182  178  171  165  158  153  147  142  138  135  133  131
  128  121  111  104   99   97   98   99   99   97   93   87   79   72   65   61
   60   62   68   73   78   81   83   85   85   85   85   84   84   84   85   88
   91   94   95   95   93   92   93   97  105  114  124  130  133  133  132  130
  129  131  135  141  148  157  167  176  180
    37.5-180.0 180.0   5.0 450.0                            LAT/LON1/LON2/DLON/H
  181  183  183  183  183  179  174  168  164  159  155  151  147  145  144  141
  137  129  119  111  106  104  104  103  102   99   93   85   77   69   62   59
   59   62   68   73   77   80   81   83   84   85   85   85   85   85   87   90
   93   96   96   96   95   94   96  101  110  122  132  140  143  144  142  140
  137  136  137  140  147  156  168  178  181
    35.0-180.0 180.0   5.0 450.0                            LAT/LON1/LON2/DLON/H
  184  183  182  182  181  180  175  170  167  166  162  160  158  156  154  151
  146  136  127  119  113  110  109  105  101   96   88   80   72   65   60   58
   61   65   71   75   77   79   80   82   84   85   86   86   86   87   89   91
   93   93   92   92   90   92   96  104  116  128  139  148  153  155  155  155
  151  148  146  146  153  161  172  182  184
    32.5-180.0 180.0   5.0 450.0                            LAT/LON1/LON2/DLON/H
  194  190  186  182  181  180  176  171  170  170  168  169  167  166  165  162
  155  145  135  127  120  115  109  103   96   89   80   73   67   63   62   62
   66   72   77   81   82   82   82   83   86   89   90   89   88   89   89   88
   88   87   85   84   84   87   94  106  120  133  143  153  160  165  169  172
  170  167  164  165  170  176  186  194  194
    30.0-180.0 180.0   5.0 450.0                            LAT/LON1/LON2/DLON/H
  217  210  201  191  186  182  178  174  174  174  175  175  175  174  172  169
  162  152  143  135  124  116  106   96   88   80   72   66   64   66   68   72
   78   84   89   92   91   89   88   88   91   94   94   93   91   89   87   84
   82   79   76   75   76   81   92  106  121  135  146  156  165  174  184  191
  194  195  194  195  199  206  215  220  217
    27.5-180.0 180.0   5.0 450.0                            LAT/LON1/LON2/DLON/H
  253  243  231  216  204  196  190  185  182  181  182  182  182  180  177  173
  166  158  148  139  127  116  104   91   80   74   69   66   69   76   83   88
   95  101  110  109  106  100   96   96   99  100   99   97   93   89   85   80
   75   70   67   66   69   75   88  103  120  134  146  157  168  181  197  212
  225  229  236  238  243  251  257  259  253
    25.0-180.0 180.0   5.0 450.0                            LAT/LON1/LON2/DLON/H
  302  287  276  257  238  225  215  205  198  194  193  191  189  185  179  172
  167  160  151  140  129  116  103   88   78   73   72   76   88   97  104  111
  119  125  131  128  124  112  107  106  106  106  103   99   93   87   81   74
   68   62   57   57   60   69   82  100  117  132  144  155  169  186  209  233
  253  265  282  289  299  309  312  313  302
    22.5-180.0 180.0   5.0 450.0                            LAT/LON1/LON2/DLON/H
  358  344  326  308  285  267  255  239  226  218  210  204  198  191  181  172
  166  160  152  141  129  117  104   91   85   84   87   96  117  124  130  134
  141  148  153  145  140  124  119  115  112  109  103   97   90   84   77   68
   61   55   50   50   53   63   77   96  114  129  142  155  171  192  219  248
  275  298  325  342  358  370  372  371  358
    20.0-180.0 180.0   5.0 450.0                            LAT/LON1/LON2/DLON/H
  406  396  382  367  345  325  304  284  265  248  234  223  211  199  184  174
  166  160  152  141  131  120  110  103  102  106  114  127  143  153  153  153
  153  158  163  152  146  131  123  119  115  110  102   93   87   81   73   65
   57   50   45   45   50   60   75   95  114  129  142  157  175  199  228  260
  291  321  354  384  409  419  421  418  406
    17.5-180.0 180.0   5.0 450.0                            LAT/LON1/LON2/DLON/H
  432  433  431  424  406  383  361  340  312  287  264  247  229  212  193  178
  168  162  154  145  136  129  124  122  127  136  144  158  173  173  167  163
  154  153  156  146  140  129  122  120  116  109  100   91   84   78   72   63
   55   48   45   45   49   61   78   97  116  132  147  164  184  210  239  270
  299  329  365  396  415  431  437  435  432
    15.0-180.0 180.0   5.0 450.0                            LAT/LON1/LON2/DLON/H
  430  445  460  466  457  440  417  393  362  328  299  274  251  229  206  188
  175  168  160  153  146  143  143  147  157  166  172  184  191  178  169  162
  149  140  138  130  126  121  118  118  115  107   97   88   82   77   71   63
   55   49   46   47   52   64   82  101  120  137  155  175  197  222  251  280
  305  328  356  378  396  410  420  421  430
    12.5-180.0 180.0   5.0 450.0                            LAT/LON1/LON2/DLON/H
  408  434  458  479  486  481  465  441  409  370  334  302  274  250  223  203
  189  180  170  163  160  161  165  173  186  194  195  200  191  168  160  151
  141  131  126  121  119  115  114  116  113  105   94   85   80   76   71   63
   56   51   49   50   55   66   84  104  123  142  161  184  208  233  260  287
  309  325  341  353  365  372  380  393  408
    10.0-180.0 180.0   5.0 450.0                            LAT/LON1/LON2/DLON/H
  376  405  439  470  491  499  491  475  444  401  366  327  295  270  245  222
  209  198  186  178  177  182  190  198  207  211  207  199  178  152  143  138
  133  129  123  118  119  116  116  117  113  105   93   84   80   76   71   64
   57   53   51   51   55   67   85  106  125  145  165  188  213  241  268  292
  311  323  329  333  337  340  346  358  376
     7.5-180.0 180.0   5.0 450.0                            LAT/LON1/LON2/DLON/H
  349  379  414  451  477  493  495  485  458  421  382  347  316  290  266  244
  230  219  209  202  199  204  213  218  220  214  201  180  154  133  129  130
  128  126  124  122  124  123  123  120  113  105   93   85   80   77   72   65
   57   54   51   51   54   65   85  105  126  146  165  189  215  245  273  296
  312  321  323  321  318  318  322  330  349
     5.0-180.0 180.0   5.0 450.0                            LAT/LON1/LON2/DLON/H
  335  361  395  430  457  475  481  475  452  423  390  359  332  308  286  266
  252  243  235  230  225  226  231  230  223  205  180  153  132  120  126  134
  134  134  137  139  140  136  132  126  115  104   94   87   82   79   73   65
   56   52   49   48   51   63   82  105  126  145  164  187  214  244  274  299
  314  322  323  319  314  313  314  320  335
     2.5-180.0 180.0   5.0 450.0                            LAT/LON1/LON2/DLON/H
  340  358  384  415  439  455  459  454  433  410  386  363  341  322  303  286
  274  266  258  253  247  246  244  232  215  188  160  138  122  118  136  149
  151  154  158  160  160  153  145  133  119  104   94   87   82   78   71   62
   54   49   46   44   46   59   81  104  125  141  159  180  207  238  272  300
  320  328  332  328  326  326  327  331  340
