data/IONEX/CVBB2890.21i
     1.0            IONOSPHERE MAPS     MIX                 IONEX VERSION / TYPE
cmpcmb v1.2          GRL/UWM            28-oct-21 02:00     PGM / RUN BY / DATE 
ionex file containing IGS COMBINED Ionosphere maps          COMMENT             
global ionosphere maps for day 289, 2021                    DESCRIPTION         
IONEX file containing the COMBINED IGS TEC MAPS and DCBs    DESCRIPTION         
      IONEX files of the following IAACs were combined: cod DESCRIPTION         
                                                        esa DESCRIPTION         
                                                        jpl DESCRIPTION         
                                                        upc DESCRIPTION         
Contact address: Andrzej Krankowski                         DESCRIPTION
                 Geodynamics Research Laboratory            DESCRIPTION
                 University of Warmia and Mazury (GRL/UWM)  DESCRIPTION
                 Oczapowski St. 1                           DESCRIPTION
                 10-957-Olsztyn, POLAND                     DESCRIPTION
                 e-mail:  kand@uwm.edu.pl                   DESCRIPTION
                                                            DESCRIPTION         
  2021    10    16     0     0     0                        EPOCH OF FIRST MAP  
  2021    10    17     0     0     0                        EPOCH OF LAST MAP   
  7200                                                      INTERVAL            
    13                                                      # OF MAPS IN FILE   
  COSZ                                                      MAPPING FUNCTION    
     0.0                                                    ELEVATION CUTOFF    
combined TEC calculated as weighted mean of input TEC valuesOBSERVABLES USED    
   354                                                      # OF STATIONS       
    32                                                      # OF SATELLITES     
  6371.0                                                    BASE RADIUS         
     2                                                      MAP DIMENSION       
   450.0 450.0   0.0                                        HGT1 / HGT2 / DHGT  
    87.5 -87.5  -2.5                                        LAT1 / LAT2 / DLAT  
  -180.0 180.0   5.0                                        LON1 / LON2 / DLON  
    -1                                                      EXPONENT            
TEC values in 0.1 tec units;  9999, if no value available   COMMENT             
DCB values in nanoseconds, reference is Sum_of_SatDCBs = 0  COMMENT             
                                                            END OF HEADER       
[from data line 4290]
    11                                                      START OF TEC MAP    
  2021    10    16    20     0     0                        EPOCH OF CURRENT MAP
    87.5-180.0 180.0   5.0 450.0                            LAT/LON1/LON2/DLON/H
   63   64   64   65   64   65   65   65   65   65   65   66   65   65   65   65
   65   65   64   64   64   63   63   63   63   62   61   61   61   60   60   59
   59   59   58   58   57   57   56   56   56   56   55   55   55   55   55   55
   55   55   55   55   55   56   56   56   57   57   58   58   59   59   59   60
   61   61   61   62   62   62   63   63   63
    85.0-180.0 180.0   5.0 450.0                            LAT/LON1/LON2/DLON/H
   65   67   68   69   70   70   71   72   72   72   73   73   73   72   72   71
   71   70   69   68   67   67   66   65   65   65   63   62   61   60   59   58
   57   56   55   55   54   53   52   52   52   51   50   50   50   50   49   49
   49   50   50   50   50   50   51   51   52   52   54   54   56   57   57   58
   59   59   60   61   62   63   64   64   65
    82.5-180.0 180.0   5.0 450.0                            LAT/LON1/LON2/DLON/H
   66   67   70   71   72   74   75   76   77   78   78   78   79   78   78   77
   77   76   75   74   72   70   69   69   68   67   65   64   62   61   60   58
   57   56   55   54   53   53   52   51   50   49   49   48   47   46   45   45
   45   44   44   44   45   45   46   46   47   48   49   49   50   52   53   54
   55   55   56   57   59   60   62   64   66
    80.0-180.0 180.0   5.0 450.0                            LAT/LON1/LON2/DLON/H
   63   66   69   71   73   76   78   79   81   83   83   84   84   84   83   83
   82   81   80   79   78   76   74   74   72   71   70   68   67   65   63   61
   59   58   57   55   54   53   52   51   50   48   47   45   44   43   41   40
   40   39   39   39   40   41   41   41   42   42   43   44   46   46   47   48
   48   49   51   52   54   56   59   61   63
    77.5-180.0 180.0   5.0 450.0                            LAT/LON1/LON2/DLON/H
   61   63   67   71   74   77   79   82   85   87   87   88   89   88   88   87
   86   86   85   85   83   83   85   78   78   78   75   73   70   68   66   66
   63   61   60   58   55   54   53   51   49   47   44   43   40   39   37   35
   35   35   35   35   36   36   37   37   37   38   38   39   39   40   40   40
   41   42   44   46   48   51   54   57   61
    75.0-180.0 180.0   5.0 450.0                            LAT/LON1/LON2/DLON/H
   58   62   66   70   74   77   80   84   86   88   90   92   92   92   92   92
   93   94   92   94   92   92   93   89   86   84   81   80   76   72   69   66
   65   64   61   59   57   55   53   52   49   46   43   40   37   34   32   30
   30   30   30   31   32   32   33   33   33   33   33   33   33   33   33   33
   34   35   37   40   42   46   50   54   58
    72.5-180.0 180.0   5.0 450.0                            LAT/LON1/LON2/DLON/H
   57   61   66   70   74   77   81   84   87   90   92   95   97   96   97  100
  101  100  103  103  102  100  102  100   96   93   89   85   80   75   71   67
   63   61   60   58   56   54   51   49   46   44   40   36   33   29   27   26
   25   25   26   27   28   29   29   30   29   28   28   27   27   26   26   26
   27   29   31   34   38   42   47   52   57
    70.0-180.0 180.0   5.0 450.0                            LAT/LON1/LON2/DLON/H
   57   63   67   72   75   79   82   86   89   92   95   98   98  100  104  107
  107  111  113  114  112  112  111  110  106  101   96   90   84   78   71   66
   61   57   55   53   51   49   47   45   42   39   36   32   29   26   24   23
   23   23   24   25   26   26   27   27   26   25   24   23   21   21   21   21
   22   24   26   30   35   40   46   52   57
    67.5-180.0 180.0   5.0 450.0                            LAT/LON1/LON2/DLON/H
   60   66   71   75   80   83   86   89   92   95   98  100  103  106  109  111
  114  117  118  121  121  121  119  116  112  106  101   93   86   79   72   65
   59   54   50   48   46   44   42   40   38   35   32   29   27   24   23   22
   22   23   23   24   25   26   26   25   24   22   21   19   18   17   17   17
   18   20   24   28   34   40   47   54   60
    65.0-180.0 180.0   5.0 450.0                            LAT/LON1/LON2/DLON/H
   65   71   77   81   85   88   91   94   96   99  102  104  107  110  112  114
  117  120  122  124  125  125  123  120  115  109  104   96   88   80   72   64
   57   51   46   43   41   39   37   36   34   32   30   27   26   24   23   23
   23   23   24   25   26   26   26   24   23   21   19   18   16   16   16   16
   17   20   23   28   34   42   49   58   65
    62.5-180.0 180.0   5.0 450.0                            LAT/LON1/LON2/DLON/H
   69   76   83   87   91   94   98  100  103  105  107  109  111  113  115  117
  120  122  124  126  127  127  124  121  116  110  104   97   88   80   73   64
   56   49   44   40   37   36   34   33   32   31   30   28   27   26   26   25
   26   26   27   28   28   27   26   25   23   21   19   17   17   16   16   17
   18   20   24   29   35   43   52   61   69
    60.0-180.0 180.0   5.0 450.0                            LAT/LON1/LON2/DLON/H
   73   81   88   94   98  101  105  108  110  112  114  115  116  117  118  120
  122  124  126  128  128  127  124  120  116  109  103   97   89   81   73   65
   57   50   45   40   38   36   34   34   33   32   32   32   32   32   32   31
   31   31   31   31   30   29   28   26   25   23   21   20   19   19   19   19
   21   22   25   30   37   45   55   64   73
    57.5-180.0 180.0   5.0 450.0                            LAT/LON1/LON2/DLON/H
   76   85   93   99  104  109  112  116  119  120  121  122  122  122  123  123
  125  127  129  130  130  128  124  120  114  108  102   98   91   84   77   69
   62   54   49   44   41   40   38   37   36   37   38   39   39   40   39   39
   39   37   36   35   34   33   32   31   29   28   26   25   24   24   24   24
   25   26   27   32   38   46   57   66   76
    55.0-180.0 180.0   5.0 450.0                            LAT/LON1/LON2/DLON/H
   78   87   96  103  109  115  119  124  128  129  130  130  129  127  127  127
  128  130  131  132  131  129  124  120  115  109  105  100   95   89   83   75
   68   61   56   51   48   46   45   43   44   44   46   47   48   48   47   47
   46   45   43   42   41   40   38   38   37   35   34   33   32   33   32   32
   30   30   31   34   40   48   58   69   78
    52.5-180.0 180.0   5.0 450.0                            LAT/LON1/LON2/DLON/H
   80   89   98  106  114  121  127  133  137  139  139  138  136  134  132  132
  132  133  134  135  133  131  127  122  117  113  109  105  101   97   91   83
   75   70   64   60   56   54   52   51   51   52   54   56   57   58   57   56
   55   53   52   51   50   49   48   47   46   44   43   42   43   42   42   41
   39   36   36   37   42   51   60   70   80
    50.0-180.0 180.0   5.0 450.0                            LAT/LON1/LON2/DLON/H
   82   90  100  108  117  126  135  142  146  149  149  147  144  140  137  137
  137  137  137  137  136  134  131  126  122  118  114  111  108  104   98   91
   82   76   72   67   64   62   60   59   58   59   61   63   64   65   65   65
   65   64   62   61   61   59   58   56   56   55   54   54   54   53   52   50
   46   43   41   42   46   53   63   72   82
    47.5-180.0 180.0   5.0 450.0                            LAT/LON1/LON2/DLON/H
   85   92  101  110  121  132  142  151  156  159  158  155  151  147  144  142
  141  141  141  141  140  138  136  133  130  126  123  120  115  110  103   95
   87   81   77   73   70   68   65   64   64   64   66   68   69   71   71   72
   73   73   73   72   71   70   68   67   66   65   65   65   64   62   60   57
   53   49   47   47   51   58   67   76   85
    45.0-180.0 180.0   5.0 450.0                            LAT/LON1/LON2/DLON/H
   88   96  104  113  125  138  149  158  164  167  167  162  158  154  150  148
  146  146  145  145  145  144  143  142  139  137  133  129  122  115  106   96
   88   82   79   76   75   73   70   68   67   68   69   71   72   74   76   78
   80   82   82   83   82   80   79   77   75   74   74   73   72   70   67   64
   60   55   53   53   57   65   73   81   88
    42.5-180.0 180.0   5.0 450.0                            LAT/LON1/LON2/DLON/H
   93  100  107  118  130  144  156  164  169  172  172  168  163  160  156  154
  152  151  150  149  149  151  151  151  150  148  143  137  129  119  108   96
   87   81   79   79   78   76   73   71   70   70   71   72   75   77   80   84
   87   90   91   92   91   89   86   84   82   80   79   78   76   74   72   69
   64   60   59   60   65   73   81   88   93
    40.0-180.0 180.0   5.0 450.0                            LAT/LON1/LON2/DLON/H
  101  105  112  122  135  149  161  169  173  175  174  171  167  164  161  159
  159  156  155  154  154  156  158  159  160  159  153  145  136  124  111   98
   88   83   82   82   82   80   77   74   72   72   72   74   77   80   83   87
   90   94   96   97   96   93   89   86   84   82   81   79   78   76   73   70
   67   64   64   68   75   82   90   96  101
    37.5-180.0 180.0   5.0 450.0                            LAT/LON1/LON2/DLON/H
  108  112  117  128  140  155  166  172  176  177  175  173  169  167  164  164
  163  161  160  159  159  162  164  167  169  169  164  154  143  131  119  105
   93   88   88   89   90   87   83   79   76   75   75   77   80   83   86   89
   92   95   97   97   96   92   88   85   82   81   80   79   78   75   73   70
   67   66   68   74   84   92  101  105  108
    35.0-180.0 180.0   5.0 450.0                            LAT/LON1/LON2/DLON/H
  115  118  123  133  146  160  169  175  177  177  175  173  170  168  168  167
  167  166  164  163  164  167  170  173  176  177  173  165  154  143  132  118
  107  102  102  103  102   98   92   86   83   81   81   81   83   86   89   90
   92   94   95   94   92   88   85   82   79   78   77   77   75   74   71   69
   67   67   72   80   91  102  109  113  115
    32.5-180.0 180.0   5.0 450.0                            LAT/LON1/LON2/DLON/H
  122  125  131  140  151  164  173  177  178  177  175  173  171  171  170  171
  171  170  169  169  170  173  175  179  182  183  181  176  168  159  150  139
  131  126  124  124  120  115  107   99   93   89   88   87   87   89   90   91
   91   90   89   88   87   84   81   80   78   77   76   75   74   71   68   66
   66   68   74   84   97  108  116  120  122
    30.0-180.0 180.0   5.0 450.0                            LAT/LON1/LON2/DLON/H
  130  134  141  149  158  169  177  180  180  179  178  175  174  172  172  173
  174  174  174  175  177  179  181  184  187  189  190  188  186  181  175  167
  161  158  155  153  147  135  126  115  106  100   96   93   92   93   94   94
   91   87   86   84   83   81   79   78   78   76   75   73   71   69   67   65
   65   68   76   87  102  113  122  127  130
    27.5-180.0 180.0   5.0 450.0                            LAT/LON1/LON2/DLON/H
  139  144  152  160  168  177  183  186  187  186  184  181  178  175  174  175
  176  178  181  183  185  187  189  190  193  196  199  204  208  208  207  205
  199  198  197  196  184  163  152  139  124  113  104  100   98   98  100   99
   95   89   85   82   81   81   80   78   77   76   73   71   69   67   65   64
   65   69   78   91  106  117  127  134  139
    25.0-180.0 180.0   5.0 450.0                            LAT/LON1/LON2/DLON/H
  149  157  165  173  180  187  192  197  200  199  196  192  186  181  179  179
  180  182  187  191  194  196  197  198  202  207  212  221  232  243  248  244
  240  244  245  244  225  202  178  161  139  125  113  106  103  106  109  107
  103   93   87   85   84   83   82   80   78   76   73   69   67   65   64   63
   64   69   79   93  108  121  132  141  149
    22.5-180.0 180.0   5.0 450.0                            LAT/LON1/LON2/DLON/H
  160  171  182  189  195  201  207  214  217  218  214  208  200  193  189  188
  187  189  193  199  203  204  206  208  212  219  229  244  261  280  288  282
  280  283  291  279  255  224  195  169  143  132  121  112  106  111  117  115
  111  100   95   93   92   90   89   85   82   77   72   67   63   62   61   60
   62   68   79   95  112  126  139  150  160
    20.0-180.0 180.0   5.0 450.0                            LAT/LON1/LON2/DLON/H
  171  184  198  207  213  220  228  237  241  241  238  231  221  211  205  201
  199  199  203  208  212  213  214  218  225  235  249  269  290  312  321  319
  319  309  310  287  259  224  189  163  143  134  124  114  109  113  120  120
  117  110  107  105  104  102  100   94   87   79   71   64   60   58   57   57
   59   66   79   97  115  132  146  158  171
    17.5-180.0 180.0   5.0 450.0                            LAT/LON1/LON2/DLON/H
  181  197  212  223  232  242  252  264  268  269  266  259  249  237  229  221
  215  214  215  219  221  221  222  227  239  255  272  293  316  333  342  343
  341  319  298  267  236  200  163  147  138  135  128  118  112  115  122  124
  123  120  119  120  120  116  112  104   93   82   71   62   57   54   53   53
   57   66   80  100  119  136  151  166  181
    15.0-180.0 180.0   5.0 450.0                            LAT/LON1/LON2/DLON/H
  191  208  225  238  249  262  279  290  295  295  293  288  280  269  259  247
  238  232  230  231  229  229  229  235  252  271  291  315  333  344  348  344
  330  292  264  237  202  168  141  136  140  142  133  122  116  118  124  127
  129  129  131  134  135  130  123  113   98   84   71   61   55   52   51   51
   55   66   83  104  123  141  156  173  191
    12.5-180.0 180.0   5.0 450.0                            LAT/LON1/LON2/DLON/H
  199  219  237  253  266  280  298  312  320  319  318  318  314  305  294  279
  264  254  246  242  237  235  235  242  260  279  302  328  343  344  337  320
  293  254  228  205  175  150  138  142  152  152  141  128  121  122  126  130
  133  136  140  145  144  138  129  116   99   84   70   60   53   50   48   50
   55   68   87  108  128  146  161  179  199
    10.0-180.0 180.0   5.0 450.0                            LAT/LON1/LON2/DLON/H
  206  227  246  263  279  294  313  330  338  338  338  341  343  341  330  312
  293  276  263  255  247  243  243  250  267  289  312  335  347  340  324  294
  262  229  200  183  165  152  151  161  172  169  154  139  130  129  130  132
  134  139  144  148  146  139  127  113   97   82   70   60   54   50   49   50
   56   70   90  114  134  152  166  186  206
     7.5-180.0 180.0   5.0 450.0                            LAT/LON1/LON2/DLON/H
  212  233  253  271  288  304  322  339  347  349  350  357  364  368  361  343
  320  299  283  271  259  253  254  262  281  306  327  343  349  339  318  287
  253  219  195  183  176  173  179  193  201  195  176  158  146  143  139  136
  136  139  144  145  141  133  120  107   94   81   70   62   57   54   51   52
   58   72   94  117  139  156  172  191  212
     5.0-180.0 180.0   5.0 450.0                            LAT/LON1/LON2/DLON/H
  216  239  260  277  295  312  328  342  349  351  354  364  376  385  382  367
  343  319  302  287  274  268  269  280  300  325  344  355  355  342  321  293
  262  229  215  208  206  212  221  232  234  228  205  186  171  164  156  147
  142  138  140  137  132  122  111  100   89   79   71   66   62   60   56   56
   62   75   96  120  142  159  176  195  216
     2.5-180.0 180.0   5.0 450.0                            LAT/LON1/LON2/DLON/H
  218  242  264  282  301  320  335  344  348  350  354  366  381  394  393  382
  359  338  320  305  292  287  290  302  322  345  361  368  366  351  331  309
  283  258  249  248  251  258  265  268  266  257  237  220  201  192  179  162
  150  138  135  129  122  112  102   94   87   79   73   69   67   66   62   61
   66   78   98  122  143  161  177  196  218
