data/IONEX/CVBB2770.21i
     1.0            IONOSPHERE MAPS     MIX                 IONEX VERSION / TYPE
cmpcmb v1.2          GRL/UWM            27-oct-21 23:17     PGM / RUN BY / DATE 
ionex file containing IGS COMBINED Ionosphere maps          COMMENT             
global ionosphere maps for day 277, 2021                    DESCRIPTION         
IONEX file containing the COMBINED IGS TEC MAPS and DCBs    DESCRIPTION         
      IONEX files of the following IAACs were combined: cod DESCRIPTION         
                                                        esa DESCRIPTION         
                                                        jpl DESCRIPTION         
                                                        upc DESCRIPTION         
Contact address: Andrzej Krankowski                         DESCRIPTION
                 Geodynamics Research Laboratory            DESCRIPTION
                 University of Warmia and Mazury (GRL/UWM)  DESCRIPTION
                 Oczapowski St. 1                           DESCRIPTION
                 10-957-Olsztyn, POLAND                     DESCRIPTION
                 e-mail:  kand@uwm.edu.pl                   DESCRIPTION
                                                            DESCRIPTION         
  2021    10     4     0     0     0                        EPOCH OF FIRST MAP  
  2021    10     5     0     0     0                        EPOCH OF LAST MAP   
  7200                                                      INTERVAL            
    13                                                      # OF MAPS IN FILE   
  COSZ                                                      MAPPING FUNCTION    
     0.0                                                    ELEVATION CUTOFF    
combined TEC calculated as weighted mean of input TEC valuesOBSERVABLES USED    
   354                                                      # OF STATIONS       
    32                                                      # OF SATELLITES     
  6371.0                                                    BASE RADIUS         
     2                                                      MAP DIMENSION       
   450.0 450.0   0.0                                        HGT1 / HGT2 / DHGT  
    87.5 -87.5  -2.5                                        LAT1 / LAT2 / DLAT  
  -180.0 180.0   5.0                                        LON1 / LON2 / DLON  
    -1                                                      EXPONENT            
TEC values in 0.1 tec units;  9999, if no value available   COMMENT             
DCB values in nanoseconds, reference is Sum_of_SatDCBs = 0  COMMENT             
                                                            END OF HEADER       
[from data line 3432]
     9                                                      START OF TEC MAP    
  2021    10     4    16     0     0                        EPOCH OF CURRENT MAP
    87.5-180.0 180.0   5.0 450.0                            LAT/LON1/LON2/DLON/H
   83   83   84   85   86   87   87   88   88   89   89   89   89   89   89   89
   89   89   88   88   87   87   86   86   85   85   83   83   82   80   79   79
   78   77   76   75   74   73   72   72   71   70   70   69   69   68   68   68
   68   68   68   68   68   69   69   70   70   71   72   72   73   74   74   75
   76   77   78   78   79   80   81   82   83
    85.0-180.0 180.0   5.0 450.0                            LAT/LON1/LON2/DLON/H
   80   81   83   84   85   86   87   88   90   91   92   93   93   94   95   95
   95   96   95   94   93   92   92   91   89   88   87   85   83   81   79   78
   76   74   72   70   68   67   65   63   62   60   59   58   58   57   56   56
   55   56   56   56   57   57   59   60   61   62   63   64   65   66   67   69
   70   71   72   74   75   76   78   79   80
    82.5-180.0 180.0   5.0 450.0                            LAT/LON1/LON2/DLON/H
   73   74   76   77   78   80   82   84   86   88   90   91   94   95   96   98
   98   99   99  100   99   97   95   94   94   92   90   88   86   83   80   77
   75   72   69   67   64   61   59   57   55   52   51   49   48   47   46   46
   45   45   46   46   47   48   49   51   52   54   55   56   57   59   60   62
   63   64   65   67   68   69   70   72   73
    80.0-180.0 180.0   5.0 450.0                            LAT/LON1/LON2/DLON/H
   62   63   65   67   69   71   74   77   81   84   87   90   92   94   97   99
  100  100  100  100   99  101   98   98   96   91   89   87   84   81   79   76
   73   70   67   64   61   58   56   53   51   48   46   44   42   41   39   39
   38   38   39   39   40   41   43   44   45   47   48   49   50   52   53   54
   55   56   57   58   58   59   60   61   62
    77.5-180.0 180.0   5.0 450.0                            LAT/LON1/LON2/DLON/H
   50   51   53   55   58   61   64   68   70   74   79   83   87   90   93   94
   96   97   98   99   99   99  101   99   97   94   91   88   85   81   78   76
   74   71   67   64   61   59   56   52   49   46   43   41   39   38   36   35
   35   35   35   36   36   37   38   39   41   41   42   44   44   45   46   47
   47   48   49   49   48   49   49   49   50
    75.0-180.0 180.0   5.0 450.0                            LAT/LON1/LON2/DLON/H
   40   41   43   45   48   51   54   58   62   67   71   76   79   83   85   88
   90   93   95   97   98  100  101   99   97   95   92   89   86   83   80   78
   76   74   72   69   66   63   59   56   52   49   45   42   40   38   36   35
   35   35   35   35   35   35   36   37   37   38   38   39   39   39   39   40
   40   41   41   40   40   40   39   39   40
    72.5-180.0 180.0   5.0 450.0                            LAT/LON1/LON2/DLON/H
   32   33   35   37   40   43   47   51   56   61   66   69   73   77   80   83
   86   90   94   96  100  101  101  100   99   97   94   92   89   87   84   83
   82   80   78   75   73   70   66   62   58   54   51   47   44   42   39   38
   37   36   36   36   35   35   35   35   35   35   35   35   34   34   35   34
   35   35   35   34   34   33   32   32   32
    70.0-180.0 180.0   5.0 450.0                            LAT/LON1/LON2/DLON/H
   28   28   30   32   35   39   43   47   53   58   62   66   70   73   77   81
   85   89   93   96  101  103  103  103  102  100   99   96   94   92   90   89
   88   87   86   84   81   78   74   71   67   63   58   54   51   47   45   42
   40   39   38   37   36   36   35   34   34   32   32   31   30   30   30   30
   30   31   31   31   30   29   28   28   28
    67.5-180.0 180.0   5.0 450.0                            LAT/LON1/LON2/DLON/H
   26   26   28   31   33   37   42   47   52   57   62   67   70   73   77   81
   85   90   94   99  103  106  107  107  106  104  102  100   98   96   95   94
   94   94   93   91   88   85   82   78   73   69   65   62   57   53   50   46
   44   41   40   38   37   36   35   33   32   31   30   28   27   27   27   28
   29   30   30   30   29   28   27   26   26
    65.0-180.0 180.0   5.0 450.0                            LAT/LON1/LON2/DLON/H
   27   27   28   31   34   38   44   49   54   59   64   68   71   75   78   83
   87   92   97  102  107  110  112  112  111  108  106  103  101  100   99   99
   99  100   99   97   94   90   87   82   78   74   70   67   63   57   54   50
   47   43   41   38   37   35   34   33   32   30   29   27   26   25   26   26
   28   29   31   31   31   30   29   28   27
    62.5-180.0 180.0   5.0 450.0                            LAT/LON1/LON2/DLON/H
   30   30   31   33   37   41   46   52   57   62   66   70   74   77   81   85
   91   95  102  107  112  115  116  116  114  112  109  106  104  103  103  104
  104  105  104  101   99   94   90   85   81   78   74   70   66   61   56   52
   48   44   41   39   37   36   35   33   32   31   29   28   26   25   26   27
   29   30   31   33   33   33   32   31   30
    60.0-180.0 180.0   5.0 450.0                            LAT/LON1/LON2/DLON/H
   33   32   33   35   38   43   48   54   59   64   69   73   77   81   85   89
   95  100  106  111  116  118  120  119  118  114  112  109  107  107  108  109
  111  110  109  106  103   98   93   89   85   81   78   75   70   65   60   55
   50   47   43   41   39   37   36   35   34   33   32   30   29   28   29   29
   31   32   33   35   36   35   35   34   33
    57.5-180.0 180.0   5.0 450.0                            LAT/LON1/LON2/DLON/H
   36   35   35   37   40   45   50   57   62   67   71   75   80   84   89   93
   99  104  110  115  119  121  122  122  121  117  114  113  112  113  115  117
  118  118  116  112  108  103   98   94   90   87   84   79   74   69   64   59
   54   50   47   44   42   41   40   39   38   38   37   36   35   34   34   34
   34   35   35   37   38   38   37   36   36
    55.0-180.0 180.0   5.0 450.0                            LAT/LON1/LON2/DLON/H
   38   37   37   38   41   46   52   58   65   70   74   78   83   88   93   98
  104  109  114  118  121  122  123  122  122  119  117  117  118  120  123  126
  126  126  124  120  116  111  107  103   99   95   92   87   81   75   70   65
   60   57   53   51   49   48   47   46   46   46   46   46   45   44   42   42
   40   39   39   40   40   40   39   38   38
    52.5-180.0 180.0   5.0 450.0                            LAT/LON1/LON2/DLON/H
   40   40   40   40   43   47   54   61   68   74   79   83   88   93   98  104
  109  115  118  121  123  123  124  123  122  122  121  122  123  127  131  134
  135  134  132  129  126  122  119  115  111  107  102   95   89   83   77   73
   69   67   64   61   59   58   57   56   56   56   56   57   56   54   52   51
   48   46   45   44   43   43   42   41   40
    50.0-180.0 180.0   5.0 450.0                            LAT/LON1/LON2/DLON/H
   44   43   43   43   45   50   56   65   73   79   85   89   94   99  105  110
  116  120  122  124  124  124  124  125  124  125  125  127  130  134  138  141
  142  142  141  139  137  135  133  130  125  119  112  105   98   91   86   83
   80   78   76   73   71   69   67   66   66   66   66   67   66   65   62   60
   56   54   51   50   49   47   46   45   44
    47.5-180.0 180.0   5.0 450.0                            LAT/LON1/LON2/DLON/H
   49   48   47   47   49   53   61   69   79   87   92   97  102  106  111  117
  123  126  129  128  127  127  128  128  129  130  131  133  136  140  144  146
  146  146  147  147  147  149  148  146  140  133  124  114  106   99   95   92
   91   90   87   85   82   79   78   76   75   75   75   75   75   74   71   68
   64   61   59   58   57   54   53   50   49
    45.0-180.0 180.0   5.0 450.0                            LAT/LON1/LON2/DLON/H
   54   53   52   52   53   58   65   75   86   95  102  108  111  114  119  125
  131  134  135  134  133  132  133  134  136  137  138  140  143  145  146  147
  148  149  152  154  158  162  164  161  156  146  134  122  113  106  101   99
   99   99   97   96   93   90   88   85   83   83   82   81   81   80   78   76
   72   69   67   66   64   62   60   56   54
    42.5-180.0 180.0   5.0 450.0                            LAT/LON1/LON2/DLON/H
   60   58   58   57   58   63   70   81   94  105  113  118  121  123  127  133
  138  141  142  141  140  140  141  143  145  147  146  147  148  148  147  147
  148  151  156  161  169  175  179  177  170  158  145  130  119  110  105  103
  104  105  105  104  101   99   96   92   89   86   86   84   84   84   82   81
   78   75   74   73   72   69   66   62   60
    40.0-180.0 180.0   5.0 450.0                            LAT/LON1/LON2/DLON/H
   64   62   62   61   62   66   74   86  100  114  123  128  130  132  135  140
  144  148  149  149  148  149  151  153  155  156  154  153  152  150  149  148
  150  155  162  171  181  190  195  194  187  173  154  138  123  113  107  106
  107  108  108  107  105  103  100   97   93   89   86   85   84   85   85   83
   81   79   78   77   76   73   70   66   64
    37.5-180.0 180.0   5.0 450.0                            LAT/LON1/LON2/DLON/H
   65   64   63   62   63   67   77   90  106  121  132  137  139  141  142  146
  151  153  155  156  156  157  160  162  164  164  162  159  156  153  152  153
  156  164  173  184  196  207  213  213  205  188  167  146  129  117  109  106
  107  108  107  107  105  102  100   97   94   89   86   84   84   84   84   84
   83   82   80   79   77   74   71   67   65
    35.0-180.0 180.0   5.0 450.0                            LAT/LON1/LON2/DLON/H
   64   63   61   61   62   67   76   91  110  127  140  147  149  149  150  152
  155  158  159  160  162  164  167  170  172  172  169  166  163  160  160  162
  169  181  194  205  218  230  236  236  225  206  183  160  140  123  113  107
  106  105  105  104  103  100   98   96   92   88   86   84   83   82   83   83
   83   83   81   79   76   73   69   66   64
    32.5-180.0 180.0   5.0 450.0                            LAT/LON1/LON2/DLON/H
   61   59   58   57   58   62   73   90  111  131  146  154  158  159  158  159
  160  161  161  163  166  169  172  174  177  178  176  173  172  171  173  179
  192  208  223  235  247  260  264  263  250  231  204  179  156  134  120  110
  106  106  105  103  100   98   96   95   92   89   87   84   83   82   82   83
   84   84   82   79   74   70   66   63   61
    30.0-180.0 180.0   5.0 450.0                            LAT/LON1/LON2/DLON/H
   57   55   54   52   53   57   69   86  109  131  150  161  165  167  166  166
  165  164  164  166  168  171  174  176  179  182  182  182  184  186  192  204
  224  244  260  274  285  293  300  296  281  256  231  206  175  149  133  118
  112  111  109  106  101   97   95   93   92   92   90   88   86   85   85   86
   87   87   83   78   73   68   63   60   57
    27.5-180.0 180.0   5.0 450.0                            LAT/LON1/LON2/DLON/H
   55   53   50   49   48   53   64   84  109  131  151  164  171  174  174  173
  170  169  168  170  171  174  175  177  180  186  189  194  200  207  219  237
  264  289  307  322  333  338  340  332  310  282  253  228  197  168  152  135
  126  127  120  112  105   98   95   94   93   94   95   94   93   91   90   91
   92   91   86   79   72   66   61   58   55
    25.0-180.0 180.0   5.0 450.0                            LAT/LON1/LON2/DLON/H
   54   52   49   47   47   51   64   84  107  131  151  166  175  181  181  180
  176  175  175  177  177  178  178  179  182  190  197  207  219  233  254  280
  311  343  362  376  383  390  376  360  330  298  269  246  218  190  173  156
  146  148  136  123  113  103   97   96   96  100  103  103  102   99   97   98
   99   96   90   82   73   66   60   56   54
    22.5-180.0 180.0   5.0 450.0                            LAT/LON1/LON2/DLON/H
   53   51   48   47   47   53   65   85  108  131  152  168  178  186  189  189
  186  186  186  188  187  187  185  185  189  199  210  226  243  264  291  323
  364  397  418  428  428  422  400  378  344  313  283  260  238  211  194  177
  167  165  153  138  125  112  106  104  105  109  113  115  114  110  106  107
  108  104   96   86   75   67   61   56   53
    20.0-180.0 180.0   5.0 450.0                            LAT/LON1/LON2/DLON/H
   53   50   48   46   48   56   69   89  110  132  153  169  181  191  197  199
  199  200  201  203  203  201  198  197  202  214  230  250  271  297  329  370
  409  434  456  459  452  434  409  386  356  326  296  272  252  234  215  194
  181  175  166  152  140  127  121  117  118  122  127  130  130  125  121  119
  118  113  102   91   79   70   62   57   53
    17.5-180.0 180.0   5.0 450.0                            LAT/LON1/LON2/DLON/H
   54   52   49   47   49   58   74   94  114  134  153  169  184  195  205  209
  213  217  220  223  223  221  218  217  223  237  256  280  302  329  364  402
  436  459  472  466  451  433  409  388  364  336  306  281  261  245  224  202
  187  178  171  162  152  143  138  134  134  138  142  144  145  140  135  131
  127  121  109   96   84   73   65   59   54
    15.0-180.0 180.0   5.0 450.0                            LAT/LON1/LON2/DLON/H
   59   54   50   48   50   60   78   98  118  137  154  171  186  199  210  219
  227  235  241  246  247  246  243  242  248  264  285  309  333  361  392  420
  448  465  473  461  444  428  408  387  369  341  311  285  263  244  220  200
  188  179  175  170  163  160  156  154  153  155  157  158  158  153  146  139
  133  125  113  100   87   76   69   63   59
    12.5-180.0 180.0   5.0 450.0                            LAT/LON1/LON2/DLON/H
   63   57   52   49   51   61   79  101  122  140  157  174  189  204  216  228
  239  252  261  271  273  272  269  270  277  293  313  337  362  388  411  430
  450  462  464  452  441  429  412  395  377  347  316  287  260  236  210  194
  183  179  178  176  173  172  172  172  171  169  169  168  166  160  153  145
  135  126  115  101   89   79   73   68   63
    10.0-180.0 180.0   5.0 450.0                            LAT/LON1/LON2/DLON/H
   66   61   55   50   51   61   79  102  125  144  161  178  194  209  224  237
  252  268  282  291  298  295  294  297  306  322  340  361  385  408  424  438
  451  458  456  448  440  432  421  408  388  359  323  291  261  232  207  190
  180  179  182  183  182  182  183  187  186  182  178  174  169  163  156  145
  134  123  112   99   89   81   75   72   66
     7.5-180.0 180.0   5.0 450.0                            LAT/LON1/LON2/DLON/H
   69   64   57   52   52   61   80  104  127  149  167  184  201  217  232  247
  264  284  300  312  318  317  317  322  333  348  365  385  406  421  433  446
  456  456  453  448  442  437  430  421  404  374  337  301  266  238  212  195
  187  188  191  193  194  193  196  200  199  194  186  176  169  160  152  141
  129  117  106   96   88   81   77   74   69
     5.0-180.0 180.0   5.0 450.0                            LAT/LON1/LON2/DLON/H
   69   65   58   52   52   61   80  105  131  153  173  193  208  226  241  258
  276  296  314  326  333  334  336  343  354  369  386  404  421  433  442  450
  457  456  455  451  447  447  445  438  420  392  352  315  281  251  227  211
  206  208  208  207  208  206  208  211  209  203  192  177  168  154  144  133
  121  109   99   91   85   80   77   73   69
     2.5-180.0 180.0   5.0 450.0                            LAT/LON1/LON2/DLON/H
   67   64   59   52   51   62   82  108  134  159  181  201  218  235  252  268
  285  305  322  335  343  347  351  359  370  384  401  416  431  441  448  454
  461  461  461  460  458  460  462  456  438  406  368  332  299  271  253  246
  239  236  228  221  219  214  213  215  213  205  190  172  161  146  135  124
  113  101   92   86   82   78   75   71   67
