data/IONEX/CVBB2830.21i
     1.0            IONOSPHERE MAPS     MIX                 IONEX VERSION / TYPE
cmpcmb v1.2          GRL/UWM            28-oct-21 01:25     PGM / RUN BY / DATE 
ionex file containing IGS COMBINED Ionosphere maps          COMMENT             
global ionosphere maps for day 283, 2021                    DESCRIPTION         
IONEX file containing the COMBINED IGS TEC MAPS and DCBs    DESCRIPTION         
      IONEX files of the following IAACs were combined: cod DESCRIPTION         
                                                        esa DESCRIPTION         
                                                        jpl DESCRIPTION         
                                                        upc DESCRIPTION         
Contact address: Andrzej Krankowski                         DESCRIPTION
                 Geodynamics Research Laboratory            DESCRIPTION
                 University of Warmia and Mazury (GRL/UWM)  DESCRIPTION
                 Oczapowski St. 1                           DESCRIPTION
                 10-957-Olsztyn, POLAND                     DESCRIPTION
                 e-mail:  kand@uwm.edu.pl                   DESCRIPTION
                                                            DESCRIPTION         
  2021    10    10     0     0     0                        EPOCH OF FIRST MAP  
  2021    10    11     0     0     0                        EPOCH OF LAST MAP   
  7200                                                      INTERVAL            
    13                                                      # OF MAPS IN FILE   
  COSZ                                                      MAPPING FUNCTION    
     0.0                                                    ELEVATION CUTOFF    
combined TEC calculated as weighted mean of input TEC valuesOBSERVABLES USED    
   359                                                      # OF STATIONS       
    32                                                      # OF SATELLITES     
  6371.0                                                    BASE RADIUS         
     2                                                      MAP DIMENSION       
   450.0 450.0   0.0                                        HGT1 / HGT2 / DHGT  
    87.5 -87.5  -2.5                                        LAT1 / LAT2 / DLAT  
  -180.0 180.0   5.0                                        LON1 / LON2 / DLON  
    -1                                                      EXPONENT            
TEC values in 0.1 tec units;  9999, if no value available   COMMENT             
DCB values in nanoseconds, reference is Sum_of_SatDCBs = 0  COMMENT             
                                                            END OF HEADER       
[from data line 3432]
     9                                                      START OF TEC MAP    
  2021    10    10    16     0     0                        EPOCH OF CURRENT MAP
    87.5-180.0 180.0   5.0 450.0                            LAT/LON1/LON2/DLON/H
   91   91   92   92   93   94   94   95   95   96   96   96   97   97   97   97
   97   97   97   98   97   98   98   98   98   98   98   97   97   96   95   95
   95   94   94   93   92   92   92   91   91   91   90   90   89   89   89   89
   90   89   89   89   89   89   89   88   88   88   87   87   87   87   87   87
   87   88   88   88   89   89   90   91   91
    85.0-180.0 180.0   5.0 450.0                            LAT/LON1/LON2/DLON/H
   85   87   88   88   90   91   92   93   94   95   96   96   98   98   99   99
  100  100  101  100  100   99   99   98   98   96   96   95   94   93   92   92
   91   91   90   89   89   88   88   87   86   86   86   85   85   84   83   82
   82   81   80   80   80   79   79   79   78   78   77   77   77   77   78   78
   79   80   81   82   82   83   84   85   85
    82.5-180.0 180.0   5.0 450.0                            LAT/LON1/LON2/DLON/H
   79   80   82   83   85   86   87   89   90   92   94   95   97   98   99   99
   99   99   98   98  100   99   98   94   92   91   90   90   89   88   88   86
   85   84   83   82   81   81   80   80   79   79   78   77   77   77   77   77
   76   76   75   73   72   71   70   69   68   67   66   67   67   67   68   69
   70   71   72   73   73   75   76   77   79
    80.0-180.0 180.0   5.0 450.0                            LAT/LON1/LON2/DLON/H
   73   74   76   77   79   81   83   85   88   90   92   94   95   95   96   96
   97   98   98   98   97   93   94   91   92   92   90   89   87   85   84   82
   79   77   75   73   71   71   69   69   71   71   71   71   70   70   69   69
   69   69   68   67   65   64   63   61   60   59   58   58   58   59   60   60
   61   63   64   65   66   68   70   72   73
    77.5-180.0 180.0   5.0 450.0                            LAT/LON1/LON2/DLON/H
   69   71   73   74   76   77   79   81   81   83   84   87   90   91   91   92
   91   92   93   96   98   97   94   91   91   91   90   88   85   83   81   79
   77   73   70   68   66   65   62   61   60   61   62   62   62   63   63   64
   64   63   63   62   61   59   57   56   54   53   52   52   51   52   53   54
   55   57   59   61   63   65   66   67   69
    75.0-180.0 180.0   5.0 450.0                            LAT/LON1/LON2/DLON/H
   69   71   72   73   74   75   76   78   79   81   83   84   85   86   85   87
   88   90   91   93   93   95   97   96   94   94   92   91   88   86   83   80
   78   74   70   66   64   61   60   58   58   57   56   56   57   57   58   59
   59   59   58   58   56   55   54   52   51   49   48   47   47   48   49   50
   52   55   57   59   62   64   66   67   69
    72.5-180.0 180.0   5.0 450.0                            LAT/LON1/LON2/DLON/H
   71   72   72   73   75   76   77   78   80   82   83   83   83   83   83   83
   85   87   90   92   94   98  103  105  106  104  103   99   98   94   91   88
   84   80   75   71   67   63   60   57   56   57   55   55   55   55   55   56
   56   55   55   55   54   53   51   50   48   47   46   45   44   45   47   49
   51   54   57   60   63   65   67   69   71
    70.0-180.0 180.0   5.0 450.0                            LAT/LON1/LON2/DLON/H
   72   72   73   74   76   77   78   80   81   83   83   83   83   82   81   83
   84   86   90   94   97  105  112  117  121  120  119  116  112  109  105  102
   97   92   86   81   75   70   65   62   59   58   58   57   57   57   56   56
   55   54   53   53   52   51   49   48   46   45   44   43   43   44   46   48
   51   54   58   62   65   67   70   71   72
    67.5-180.0 180.0   5.0 450.0                            LAT/LON1/LON2/DLON/H
   70   71   71   73   74   75   77   79   81   82   83   83   83   83   83   83
   83   86   91   97  102  115  125  135  138  140  140  136  133  130  126  121
  116  110  102   95   88   82   75   70   67   65   63   63   63   62   60   58
   56   54   52   51   50   49   48   46   45   44   43   42   42   43   45   47
   50   54   58   62   65   67   69   70   70
    65.0-180.0 180.0   5.0 450.0                            LAT/LON1/LON2/DLON/H
   66   66   66   68   70   71   73   76   78   81   83   84   85   86   85   84
   84   87   92   99  109  123  137  150  155  159  159  157  154  153  149  144
  139  132  122  113  105   98   90   83   79   77   73   72   71   68   66   62
   58   55   52   50   49   47   46   44   43   43   42   41   40   41   43   45
   48   51   55   58   62   63   65   66   66
    62.5-180.0 180.0   5.0 450.0                            LAT/LON1/LON2/DLON/H
   59   59   59   61   63   65   68   71   74   78   81   85   87   88   87   87
   88   89   95  103  115  130  145  159  169  173  174  174  173  173  169  165
  160  153  143  133  123  114  105   98   94   90   87   84   80   76   71   65
   60   56   51   49   47   45   44   43   42   42   41   41   39   39   40   42
   45   47   50   53   55   57   59   59   59
    60.0-180.0 180.0   5.0 450.0                            LAT/LON1/LON2/DLON/H
   52   52   52   53   56   58   61   64   69   74   79   84   88   89   90   90
   91   93   99  108  120  135  151  166  177  183  186  187  187  187  186  183
  178  171  159  149  139  128  120  114  109  104  100   96   90   83   76   69
   63   56   51   47   45   44   43   43   42   42   41   40   39   39   38   38
   40   42   45   47   49   50   51   52   52
    57.5-180.0 180.0   5.0 450.0                            LAT/LON1/LON2/DLON/H
   46   47   46   48   50   52   56   60   65   71   77   83   88   90   92   94
   95   98  104  112  125  140  156  170  183  190  193  196  198  198  197  197
  192  184  173  163  153  143  135  128  123  118  113  107  100   91   82   73
   65   58   52   48   45   44   43   44   44   45   44   43   41   39   38   37
   37   38   40   42   42   43   45   45   46
    55.0-180.0 180.0   5.0 450.0                            LAT/LON1/LON2/DLON/H
   43   44   45   46   48   51   54   59   64   70   77   83   88   92   95   97
  100  104  109  119  131  145  160  174  186  193  198  202  204  206  207  206
  203  196  186  176  165  156  149  142  136  131  124  117  108   98   88   79
   70   62   56   51   48   47   47   48   49   49   49   48   46   43   40   38
   38   38   39   40   40   41   42   42   43
    52.5-180.0 180.0   5.0 450.0                            LAT/LON1/LON2/DLON/H
   44   45   45   47   50   52   56   62   67   73   79   86   91   95   99  102
  106  111  117  125  137  150  163  177  187  195  200  204  208  212  213  212
  209  204  195  186  177  169  162  156  150  143  136  127  116  105   95   85
   77   70   64   59   56   54   54   55   56   57   57   56   54   51   47   45
   44   43   44   44   44   44   44   44   44
    50.0-180.0 180.0   5.0 450.0                            LAT/LON1/LON2/DLON/H
   50   50   50   51   54   57   63   69   75   82   86   92   97  100  105  109
  113  120  126  134  145  156  168  179  189  196  202  207  210  214  215  215
  213  208  201  195  188  182  177  171  164  156  147  135  124  113  102   94
   86   80   74   70   66   63   63   63   64   66   66   65   63   60   56   55
   53   53   54   54   53   52   51   50   50
    47.5-180.0 180.0   5.0 450.0                            LAT/LON1/LON2/DLON/H
   59   57   57   57   60   64   70   77   85   92   97  101  106  109  113  119
  124  131  138  146  155  164  174  184  193  200  205  209  212  215  216  214
  212  209  205  201  198  195  191  185  177  168  157  143  130  119  110  103
   96   91   86   81   76   74   73   73   74   75   74   73   71   69   67   65
   64   65   65   66   65   63   62   60   59
    45.0-180.0 180.0   5.0 450.0                            LAT/LON1/LON2/DLON/H
   68   66   65   65   66   70   77   86   95  104  110  114  119  122  126  132
  137  144  151  159  167  176  184  192  200  207  211  214  214  213  214  212
  210  208  207  206  207  207  205  200  190  178  164  149  136  125  117  110
  105  101   96   91   87   84   83   82   82   81   80   78   77   76   75   74
   74   75   76   76   75   73   72   69   68
    42.5-180.0 180.0   5.0 450.0                            LAT/LON1/LON2/DLON/H
   75   73   72   70   71   75   84   94  106  116  124  129  134  137  142  148
  153  159  166  174  181  190  197  204  210  215  218  217  214  210  211  209
  208  208  209  212  216  219  219  213  202  186  169  153  139  129  121  115
  111  108  103   99   95   91   90   89   87   85   82   81   80   80   80   80
   80   82   82   82   81   80   78   77   75
    40.0-180.0 180.0   5.0 450.0                            LAT/LON1/LON2/DLON/H
   79   78   76   74   74   78   88  100  114  128  137  145  150  155  159  165
  169  175  180  188  195  204  210  216  221  225  223  218  213  207  207  207
  207  209  213  218  226  231  232  224  211  194  175  155  140  129  121  116
  113  110  106  101   98   95   93   90   88   84   81   79   80   81   81   82
   82   83   82   82   81   80   80   79   79
    37.5-180.0 180.0   5.0 450.0                            LAT/LON1/LON2/DLON/H
   78   78   76   74   74   78   88  103  120  136  150  161  168  174  179  182
  186  189  193  200  206  215  222  227  231  232  228  219  212  206  207  209
  212  215  220  228  237  243  244  236  221  201  177  156  139  127  119  114
  112  108  104   99   96   94   92   90   86   82   78   76   77   79   81   81
   81   80   78   76   74   74   75   76   78
    35.0-180.0 180.0   5.0 450.0                            LAT/LON1/LON2/DLON/H
   72   73   72   71   71   75   86  103  123  141  159  174  186  194  199  202
  201  202  204  209  215  223  231  236  238  239  233  224  215  211  214  218
  223  228  233  241  249  255  256  247  230  206  180  157  138  125  116  111
  108  104   99   94   91   90   89   88   84   80   76   74   75   76   79   79
   78   76   72   68   65   65   67   70   72
    32.5-180.0 180.0   5.0 450.0                            LAT/LON1/LON2/DLON/H
   65   66   66   66   65   70   81   99  120  143  164  183  199  211  218  220
  216  213  212  216  222  229  237  242  243  241  239  233  224  223  229  235
  243  248  253  259  265  268  268  258  239  214  187  162  141  123  113  109
  106  101   95   90   87   86   87   87   85   80   77   74   75   77   79   79
   77   73   67   61   57   56   58   62   65
    30.0-180.0 180.0   5.0 450.0                            LAT/LON1/LON2/DLON/H
   58   60   61   60   61   65   76   94  116  140  165  188  209  223  230  232
  229  222  219  222  228  234  240  244  245  242  243  244  239  242  252  262
  271  276  279  283  283  283  281  272  254  227  199  173  146  127  116  112
  110  106   99   92   87   87   89   90   89   85   82   79   80   81   83   82
   80   75   68   60   55   52   53   55   58
    27.5-180.0 180.0   5.0 450.0                            LAT/LON1/LON2/DLON/H
   55   57   57   57   58   63   74   90  111  136  162  188  210  227  236  239
  235  229  226  228  232  237  243  247  249  248  251  256  260  269  284  297
  307  310  308  310  306  300  296  287  269  244  218  187  157  138  127  125
  124  119  110  101   95   95   97   99   97   94   91   89   89   90   91   91
   88   82   76   68   60   56   54   54   55
    25.0-180.0 180.0   5.0 450.0                            LAT/LON1/LON2/DLON/H
   57   57   57   56   57   63   73   88  106  130  156  183  206  225  235  239
  238  234  232  233  238  243  248  254  258  261  265  275  286  306  323  338
  350  350  341  338  329  322  314  305  287  264  239  208  177  158  148  147
  148  141  129  119  112  111  111  113  110  108  105  103  103  104  104  105
  101   97   90   83   75   68   64   58   57
    22.5-180.0 180.0   5.0 450.0                            LAT/LON1/LON2/DLON/H
   63   60   59   59   61   66   76   90  105  125  150  175  200  220  231  237
  237  237  237  241  246  250  256  264  272  281  289  302  320  345  372  387
  394  392  374  365  352  343  334  327  308  288  262  231  204  184  176  177
  177  170  157  146  137  135  133  132  128  125  123  121  122  122  122  121
  119  116  110  103   95   88   79   69   63
    20.0-180.0 180.0   5.0 450.0                            LAT/LON1/LON2/DLON/H
   73   67   63   63   65   71   82   94  108  124  145  169  193  213  228  235
  237  241  243  250  256  261  270  282  294  308  320  335  356  385  413  426
  434  428  405  388  372  361  354  348  334  317  291  263  235  215  208  210
  208  202  188  178  169  165  159  158  150  145  143  141  142  141  141  140
  139  136  132  126  118  109   98   84   73
    17.5-180.0 180.0   5.0 450.0                            LAT/LON1/LON2/DLON/H
   86   75   69   68   70   77   88  101  113  127  144  165  188  208  223  233
  240  246  253  262  270  278  290  306  323  343  356  370  388  415  440  452
  455  450  429  404  388  377  373  370  359  345  324  296  267  246  239  238
  235  229  218  209  201  194  190  186  175  166  161  161  161  159  158  157
  157  154  151  146  138  128  116  102   86
    15.0-180.0 180.0   5.0 450.0                            LAT/LON1/LON2/DLON/H
   98   84   76   73   75   82   94  108  120  132  146  164  186  205  220  233
  244  255  266  278  288  298  313  333  355  374  390  401  414  433  451  460
  461  459  441  416  400  391  388  386  382  371  352  323  296  272  258  253
  248  244  239  229  224  219  215  209  198  185  178  177  177  174  172  172
  171  168  165  159  152  142  130  115   98
    12.5-180.0 180.0   5.0 450.0                            LAT/LON1/LON2/DLON/H
  105   91   81   77   78   86   99  115  128  140  153  169  189  207  223  236
  251  268  283  295  307  319  336  360  382  401  414  423  433  444  456  459
  460  457  444  425  412  405  403  402  399  389  370  342  312  283  262  252
  248  246  242  237  235  235  232  224  213  201  194  190  190  184  183  182
  181  177  172  166  157  148  136  121  105
    10.0-180.0 180.0   5.0 450.0                            LAT/LON1/LON2/DLON/H
  109   95   84   79   80   88  103  121  136  148  162  179  198  217  232  248
  264  284  301  315  325  339  358  382  403  418  430  438  443  450  457  459
  461  459  450  437  427  421  419  416  410  398  376  346  314  283  256  243
  238  236  233  232  236  240  238  230  223  213  205  200  197  192  189  187
  185  179  173  165  156  147  136  123  109
     7.5-180.0 180.0   5.0 450.0                            LAT/LON1/LON2/DLON/H
  109   96   86   80   81   91  107  126  143  158  173  191  210  230  247  263
  281  302  320  333  344  357  376  399  418  429  437  444  447  452  457  460
  465  465  460  451  444  436  432  425  415  400  374  343  308  275  248  230
  221  217  217  221  228  234  235  232  228  220  211  205  200  196  193  190
  186  178  169  160  149  141  131  121  109
     5.0-180.0 180.0   5.0 450.0                            LAT/LON1/LON2/DLON/H
  107   95   86   81   82   93  110  128  148  166  183  202  224  244  262  280
  299  320  338  350  359  372  390  411  427  434  438  443  445  449  457  465
  473  475  473  467  459  449  438  426  413  395  367  335  298  265  236  216
  206  202  203  209  216  222  228  232  233  226  217  208  200  197  194  190
  184  174  164  153  142  133  125  117  107
     2.5-180.0 180.0   5.0 450.0                            LAT/LON1/LON2/DLON/H
  103   93   85   81   83   93  110  130  150  169  189  210  233  256  275  294
  314  334  349  362  372  383  399  419  432  437  437  439  442  447  457  470
  481  485  485  481  470  456  440  421  402  381  353  321  286  252  225  206
  196  193  195  201  206  210  220  231  237  233  221  208  199  194  193  189
  181  169  158  146  135  125  118  111  103
