data/IONEX/CVBB2890.21i
     1.0            IONOSPHERE MAPS     MIX                 IONEX VERSION / TYPE
cmpcmb v1.2          GRL/UWM            28-oct-21 02:00     PGM / RUN BY / DATE 
ionex file containing IGS COMBINED Ionosphere maps          COMMENT             
global ionosphere maps for day 289, 2021                    DESCRIPTION         
IONEX file containing the COMBINED IGS TEC MAPS and DCBs    DESCRIPTION         
      IONEX files of the following IAACs were combined: cod DESCRIPTION         
                                                        esa DESCRIPTION         
                                                        jpl DESCRIPTION         
                                                        upc DESCRIPTION         
Contact address: Andrzej Krankowski                         DESCRIPTION
                 Geodynamics Research Laboratory            DESCRIPTION
                 University of Warmia and Mazury (GRL/UWM)  DESCRIPTION
                 Oczapowski St. 1                           DESCRIPTION
                 10-957-Olsztyn, POLAND                     DESCRIPTION
                 e-mail:  kand@uwm.edu.pl                   DESCRIPTION
                                                            DESCRIPTION         
  2021    10    16     0     0     0                        EPOCH OF FIRST MAP  
  2021    10    17     0     0     0                        EPOCH OF LAST MAP   
  7200                                                      INTERVAL            
    13                                                      # OF MAPS IN FILE   
  COSZ                                                      MAPPING FUNCTION    
     0.0                                                    ELEVATION CUTOFF    
combined TEC calculated as weighted mean of input TEC valuesOBSERVABLES USED    
   354                                                      # OF STATIONS       
    32                                                      # OF SATELLITES     
  6371.0                                                    BASE RADIUS         
     2                                                      MAP DIMENSION       
   450.0 450.0   0.0                                        HGT1 / HGT2 / DHGT  
    87.5 -87.5  -2.5                                        LAT1 / LAT2 / DLAT  
  -180.0 180.0   5.0                                        LON1 / LON2 / DLON  
    -1                                                      EXPONENT            
TEC values in 0.1 tec units;  9999, if no value available   COMMENT             
DCB values in nanoseconds, reference is Sum_of_SatDCBs = 0  COMMENT             
                                                            END OF HEADER       
[from data line 4719]
    12                                                      START OF TEC MAP    
  2021    10    16    22     0     0                        EPOCH OF CURRENT MAP
    87.5-180.0 180.0   5.0 450.0                            LAT/LON1/LON2/DLON/H
   59   61   61   61   61   61   61   61   61   61   61   61   61   60   60   60
   59   58   58   58   58   57   57   56   56   55   54   54   53   52   52   51
   50   50   49   49   48   48   48   48   48   48   48   49   49   49   50   50
   50   51   51   51   51   52   53   53   53   54   54   54   55   55   56   56
   57   57   58   58   58   59   59   60   59
    85.0-180.0 180.0   5.0 450.0                            LAT/LON1/LON2/DLON/H
   66   67   68   69   69   70   70   70   70   70   70   70   69   68   68   67
   66   65   64   62   61   60   59   57   55   53   52   50   48   47   47   46
   45   44   43   43   42   42   42   42   42   42   42   42   42   43   43   44
   45   46   47   47   48   49   50   51   51   52   53   54   55   55   56   57
   58   59   60   61   62   63   64   65   66
    82.5-180.0 180.0   5.0 450.0                            LAT/LON1/LON2/DLON/H
   70   71   72   73   74   75   76   76   76   76   76   76   75   74   73   72
   72   70   69   68   65   63   60   58   55   53   52   50   49   46   45   43
   42   41   40   39   38   38   37   36   36   36   36   36   37   38   39   41
   41   43   43   44   45   47   47   49   50   50   51   52   53   54   55   57
   58   59   61   62   64   66   67   69   70
    80.0-180.0 180.0   5.0 450.0                            LAT/LON1/LON2/DLON/H
   71   73   75   77   78   78   79   79   80   80   80   78   78   77   76   76
   74   73   72   70   69   67   64   61   59   56   53   51   48   46   44   42
   40   39   37   37   36   35   34   34   33   32   32   32   33   33   34   37
   38   40   42   42   44   44   45   46   47   48   48   49   50   51   52   54
   56   58   60   62   64   66   68   69   71
    77.5-180.0 180.0   5.0 450.0                            LAT/LON1/LON2/DLON/H
   73   76   77   79   80   80   81   81   82   82   80   80   81   82   82   82
   81   79   78   76   73   72   66   66   63   59   57   54   51   49   47   45
   43   41   40   39   38   36   35   33   32   31   31   30   30   31   32   33
   35   37   39   40   41   41   41   42   42   43   44   44   45   46   48   50
   52   55   57   60   63   66   68   71   73
    75.0-180.0 180.0   5.0 450.0                            LAT/LON1/LON2/DLON/H
   75   78   79   80   82   83   83   84   83   83   85   86   86   86   86   86
   88   86   83   80   80   78   73   70   68   64   60   56   53   52   49   46
   45   44   42   40   39   37   36   35   33   31   30   29   28   28   29   31
   32   34   35   36   37   36   37   36   36   37   37   38   39   41   43   45
   48   51   55   59   62   66   70   73   75
    72.5-180.0 180.0   5.0 450.0                            LAT/LON1/LON2/DLON/H
   79   81   83   84   85   85   86   86   87   88   89   89   90   92   93   96
   94   91   89   89   88   85   81   76   71   69   64   59   56   53   50   48
   45   44   42   41   39   37   35   33   31   30   29   28   27   26   26   27
   28   29   30   31   31   30   30   30   30   30   30   31   32   34   37   40
   44   48   53   58   62   67   71   75   79
    70.0-180.0 180.0   5.0 450.0                            LAT/LON1/LON2/DLON/H
   83   86   88   89   89   89   89   90   90   91   92   94   95   96   99   99
   98   98  100   98   95   93   88   83   76   72   67   62   56   53   49   46
   44   43   41   39   38   36   34   32   29   28   26   26   24   24   24   24
   24   26   26   26   26   25   25   24   24   23   23   24   26   28   32   36
   41   47   52   58   64   69   74   79   83
    67.5-180.0 180.0   5.0 450.0                            LAT/LON1/LON2/DLON/H
   89   92   95   96   95   94   93   93   93   94   95   97   99  100  101  101
  102  104  105  102  100   97   94   90   82   75   69   63   57   51   47   44
   41   40   38   37   35   33   31   29   27   26   25   24   23   23   23   23
   23   23   23   23   23   22   21   20   19   18   18   19   21   24   29   34
   40   46   53   59   66   72   78   84   89
    65.0-180.0 180.0   5.0 450.0                            LAT/LON1/LON2/DLON/H
   94   99  102  103  102  101   99   98   96   97   98   99  101  102  103  103
  103  105  105  103  102  100   98   95   87   78   71   64   57   51   46   43
   40   37   35   33   31   30   28   27   26   26   25   24   24   24   23   23
   23   23   22   22   21   20   18   17   16   15   15   16   19   23   27   34
   40   47   54   61   69   76   83   89   94
    62.5-180.0 180.0   5.0 450.0                            LAT/LON1/LON2/DLON/H
  100  105  109  110  110  109  107  104  101  100  101  101  102  103  104  104
  104  104  103  103  103  103  101   97   90   82   74   66   58   52   47   43
   40   36   33   30   29   27   26   26   26   27   27   27   27   26   26   25
   25   24   24   23   21   20   18   17   15   14   15   16   18   23   28   35
   42   50   57   65   72   79   86   94  100
    60.0-180.0 180.0   5.0 450.0                            LAT/LON1/LON2/DLON/H
  105  111  116  117  117  117  114  110  106  104  103  103  105  106  106  106
  106  104  103  103  104  103  101   98   91   83   75   68   61   55   50   45
   41   37   34   31   28   27   27   28   29   30   31   32   32   31   31   30
   29   28   27   26   24   23   21   19   18   17   17   19   21   26   31   38
   46   53   60   67   75   82   90   98  105
    57.5-180.0 180.0   5.0 450.0                            LAT/LON1/LON2/DLON/H
  109  117  121  124  126  125  122  117  113  108  107  107  108  110  110  110
  109  106  104  104  103  102  100   97   91   83   76   70   65   60   55   49
   45   41   37   33   31   30   31   32   34   36   38   39   38   37   36   36
   35   34   33   31   29   28   27   24   23   22   22   24   27   31   37   43
   50   55   62   70   76   84   92  100  109
    55.0-180.0 180.0   5.0 450.0                            LAT/LON1/LON2/DLON/H
  113  121  127  131  134  134  130  127  122  116  113  112  113  113  114  113
  112  109  106  105  103  101   99   95   90   83   78   73   70   67   62   57
   52   47   42   38   37   36   37   39   42   44   46   46   46   45   44   44
   43   42   41   39   38   37   35   34   32   31   30   32   35   38   43   49
   54   60   65   71   78   85   94  103  113
    52.5-180.0 180.0   5.0 450.0                            LAT/LON1/LON2/DLON/H
  117  125  132  139  143  143  140  137  133  126  121  117  116  117  118  118
  116  114  110  107  104  101   98   93   89   84   81   78   77   76   70   65
   61   54   50   46   45   45   47   49   51   53   54   54   53   53   53   54
   53   53   52   50   48   48   46   45   43   41   40   41   43   46   50   54
   59   64   69   74   79   87   96  106  117
    50.0-180.0 180.0   5.0 450.0                            LAT/LON1/LON2/DLON/H
  121  131  139  146  152  153  152  150  146  137  129  123  120  120  121  122
  121  119  115  111  107  103   98   94   90   87   85   85   86   84   78   73
   67   61   57   55   54   55   56   58   59   61   61   60   61   62   63   64
   64   65   64   63   61   60   59   57   54   52   51   50   51   54   57   60
   64   68   72   76   82   90  100  109  121
    47.5-180.0 180.0   5.0 450.0                            LAT/LON1/LON2/DLON/H
  128  137  145  153  160  164  164  163  158  149  139  131  126  125  126  128
  128  126  122  117  113  107  102   97   93   92   91   92   92   90   83   77
   71   66   63   62   63   64   64   64   66   66   67   67   68   69   71   73
   74   76   76   75   73   72   70   67   63   60   58   57   58   60   63   67
   70   73   77   82   88   95  106  117  128
    45.0-180.0 180.0   5.0 450.0                            LAT/LON1/LON2/DLON/H
  136  145  153  160  166  171  174  173  168  160  149  140  134  131  131  134
  135  133  131  126  120  114  108  103  100   97   97   97   96   90   84   77
   71   67   66   68   69   70   70   70   70   70   71   71   73   75   78   81
   84   86   87   85   84   81   77   74   70   66   64   62   64   67   70   74
   77   80   85   90   95  102  113  124  136
    42.5-180.0 180.0   5.0 450.0                            LAT/LON1/LON2/DLON/H
  144  154  160  166  171  176  179  179  175  168  159  148  141  139  137  139
  141  141  138  135  130  125  119  113  108  105  101   99   95   89   81   75
   69   67   68   71   73   74   74   73   72   72   74   75   77   80   84   88
   91   94   94   92   89   85   82   78   74   70   67   66   68   72   77   82
   86   90   93   98  103  110  121  133  144
    40.0-180.0 180.0   5.0 450.0                            LAT/LON1/LON2/DLON/H
  152  162  167  171  174  176  179  180  177  172  164  155  148  145  143  145
  147  148  146  145  142  138  132  126  119  113  104   98   91   85   79   73
   68   67   70   74   77   77   76   75   74   74   76   78   82   85   90   94
   97   98   97   94   91   86   83   79   75   71   69   69   72   77   83   89
   94   99  103  106  111  118  129  141  152
    37.5-180.0 180.0   5.0 450.0                            LAT/LON1/LON2/DLON/H
  160  169  174  175  176  176  177  177  176  172  167  160  155  151  150  151
  153  154  154  155  153  151  146  139  131  121  108   98   90   85   79   75
   71   72   75   79   81   81   79   77   77   77   79   83   87   91   94   97
   98   98   96   92   88   84   81   78   74   71   69   70   74   81   89   96
  103  108  112  116  121  126  136  149  160
    35.0-180.0 180.0   5.0 450.0                            LAT/LON1/LON2/DLON/H
  167  176  182  182  179  177  174  172  172  171  168  164  161  159  157  158
  159  161  161  163  164  163  158  150  140  129  113  100   91   88   85   84
   82   82   84   86   87   86   84   82   82   82   85   89   92   94   95   96
   96   94   90   87   83   80   78   75   71   69   68   71   75   84   94  102
  110  117  122  126  131  134  142  154  167
    32.5-180.0 180.0   5.0 450.0                            LAT/LON1/LON2/DLON/H
  174  185  193  193  187  180  174  169  168  167  167  166  166  167  167  167
  167  167  168  170  172  171  167  158  147  135  119  106  100   99  100  100
  100  100   99   98   96   93   90   89   89   90   92   95   96   96   95   93
   91   88   86   82   79   77   75   72   69   67   67   71   77   87   97  107
  116  126  133  136  140  144  148  159  174
    30.0-180.0 180.0   5.0 450.0                            LAT/LON1/LON2/DLON/H
  183  199  208  209  202  192  181  173  169  168  169  170  172  175  176  177
  177  177  176  178  178  177  171  163  152  139  126  117  116  118  124  127
  127  125  119  113  107  103   98   97   98  100  100  102  100   98   94   90
   87   85   83   81   77   74   71   69   67   65   66   70   78   89  100  111
  122  132  142  147  150  153  157  167  183
    27.5-180.0 180.0   5.0 450.0                            LAT/LON1/LON2/DLON/H
  200  219  231  232  224  212  198  186  179  176  176  177  179  182  186  187
  188  187  186  186  185  181  174  167  157  145  135  133  139  147  155  160
  162  154  141  130  122  114  106  105  106  109  108  108  105   99   94   90
   86   86   85   82   77   72   69   66   64   62   64   68   77   89  102  114
  127  139  151  158  162  164  169  181  200
    25.0-180.0 180.0   5.0 450.0                            LAT/LON1/LON2/DLON/H
  225  247  260  264  256  243  227  212  201  195  192  189  190  192  194  197
  199  199  198  194  190  185  177  172  163  154  149  153  170  187  198  199
  196  182  163  146  135  124  114  111  113  115  114  112  108  102   96   92
   88   89   89   84   78   71   67   63   60   59   61   66   75   89  103  117
  131  145  160  169  177  180  186  202  225
    22.5-180.0 180.0   5.0 450.0                            LAT/LON1/LON2/DLON/H
  252  278  294  301  295  283  268  252  238  227  217  210  205  204  204  206
  208  209  207  202  195  188  182  178  173  169  168  178  208  239  251  240
  226  212  182  162  146  132  122  117  118  121  120  117  112  106  101   96
   93   94   93   89   80   73   66   60   57   55   56   62   73   89  105  119
  134  151  167  181  192  199  208  226  252
    20.0-180.0 180.0   5.0 450.0                            LAT/LON1/LON2/DLON/H
  278  308  329  339  335  329  318  307  289  271  253  238  226  220  216  216
  217  218  215  209  200  193  188  188  189  189  192  204  247  285  296  275
  255  234  204  176  155  139  126  119  124  126  127  119  116  112  108  103
  101  101  100   95   85   75   65   58   54   51   53   59   72   89  106  122
  137  155  174  192  208  220  230  249  278
    17.5-180.0 180.0   5.0 450.0                            LAT/LON1/LON2/DLON/H
  298  333  360  371  369  369  371  367  349  324  296  272  251  238  230  228
  225  224  221  215  207  201  197  201  206  211  219  235  265  303  312  296
  268  238  206  175  154  137  121  116  125  128  130  120  121  119  115  111
  109  109  106  100   90   77   67   59   53   49   50   58   72   91  110  126
  142  160  181  204  223  238  254  272  298
    15.0-180.0 180.0   5.0 450.0                            LAT/LON1/LON2/DLON/H
  316  352  381  393  393  398  412  422  408  376  341  308  279  258  244  237
  233  229  224  218  213  210  209  214  223  233  247  262  282  296  298  280
  250  214  185  159  141  128  113  110  117  119  123  121  123  124  123  120
  118  117  113  105   94   81   69   60   52   48   50   58   73   94  115  133
  148  166  188  213  236  256  272  289  316
    12.5-180.0 180.0   5.0 450.0                            LAT/LON1/LON2/DLON/H
  327  358  384  396  399  413  435  454  449  421  383  342  305  279  260  248
  239  232  224  219  217  219  223  229  240  251  265  274  276  270  257  239
  211  185  156  145  138  127  115  108  111  115  120  120  125  128  128  127
  125  122  116  107   96   82   71   61   53   49   50   59   76   99  121  139
  155  173  195  221  246  267  284  302  327
    10.0-180.0 180.0   5.0 450.0                            LAT/LON1/LON2/DLON/H
  330  354  373  383  388  408  437  461  465  444  408  367  330  300  277  259
  247  236  227  223  223  229  238  247  257  266  271  269  260  243  219  193
  168  158  151  151  148  139  125  113  111  113  117  119  125  129  130  129
  126  122  115  106   94   82   72   62   54   50   52   61   81  104  127  146
  162  180  202  228  253  273  291  309  330
     7.5-180.0 180.0   5.0 450.0                            LAT/LON1/LON2/DLON/H
  330  348  359  364  369  390  420  449  460  449  421  385  350  319  293  271
  255  244  235  234  236  243  254  265  275  279  276  265  246  222  194  169
  157  158  166  173  169  157  140  126  116  114  115  118  123  128  130  127
  122  117  110  100   90   81   72   64   56   52   54   64   84  109  132  152
  168  185  207  232  256  276  294  312  330
     5.0-180.0 180.0   5.0 450.0                            LAT/LON1/LON2/DLON/H
  331  345  351  350  354  371  398  425  441  438  420  393  363  335  308  284
  267  255  248  250  254  262  273  284  293  293  284  264  234  209  184  167
  168  179  196  205  198  183  164  146  129  121  118  119  124  128  127  123
  116  110  102   94   86   79   72   65   58   54   57   68   88  112  137  157
  173  189  209  233  255  275  293  312  331
     2.5-180.0 180.0   5.0 450.0                            LAT/LON1/LON2/DLON/H
  334  349  353  350  350  360  380  401  415  418  408  391  368  345  322  300
  283  272  267  271  275  284  296  306  312  310  294  267  235  210  191  183
  194  212  230  239  231  214  193  170  148  132  126  123  127  129  124  118
  110  103   96   88   82   75   70   65   60   55   58   70   90  114  139  159
  175  190  209  231  252  271  292  313  334
