data/IONEX/CVBB2760.21i
     1.0            IONOSPHERE MAPS     MIX                 IONEX VERSION / TYPE
cmpcmb v1.2          GRL/UWM            27-oct-21 23:11     PGM / RUN BY / DATE 
ionex file containing IGS COMBINED Ionosphere maps          COMMENT             
global ionosphere maps for day 276, 2021                    DESCRIPTION         
IONEX file containing the COMBINED IGS TEC MAPS and DCBs    DESCRIPTION         
      IONEX files of the following IAACs were combined: cod DESCRIPTION         
                                                        esa DESCRIPTION         
                                                        jpl DESCRIPTION         
                                                        upc DESCRIPTION         
Contact address: Andrzej Krankowski                         DESCRIPTION
                 Geodynamics Research Laboratory            DESCRIPTION
                 University of Warmia and Mazury (GRL/UWM)  DESCRIPTION
                 Oczapowski St. 1                           DESCRIPTION
                 10-957-Olsztyn, POLAND                     DESCRIPTION
                 e-mail:  kand@uwm.edu.pl                   DESCRIPTION
                                                            DESCRIPTION         
  2021    10     3     0     0     0                        EPOCH OF FIRST MAP  
  2021    10     4     0     0     0                        EPOCH OF LAST MAP   
  7200                                                      INTERVAL            
    13                                                      # OF MAPS IN FILE   
  COSZ                                                      MAPPING FUNCTION    
     0.0                                                    ELEVATION CUTOFF    
combined TEC calculated as weighted mean of input TEC valuesOBSERVABLES USED    
   359                                                      # OF STATIONS       
    32                                                      # OF SATELLITES     
  6371.0                                                    BASE RADIUS         
     2                                                      MAP DIMENSION       
   450.0 450.0   0.0                                        HGT1 / HGT2 / DHGT  
    87.5 -87.5  -2.5                                        LAT1 / LAT2 / DLAT  
  -180.0 180.0   5.0                                        LON1 / LON2 / DLON  
    -1                                                      EXPONENT            
TEC values in 0.1 tec units;  9999, if no value available   COMMENT             
DCB values in nanoseconds, reference is Sum_of_SatDCBs = 0  COMMENT             
                                                            END OF HEADER       
[from data line 2574]
     7                                                      START OF TEC MAP    
  2021    10     3    12     0     0                        EPOCH OF CURRENT MAP
    87.5-180.0 180.0   5.0 450.0                            LAT/LON1/LON2/DLON/H
   72   73   74   76   76   77   78   79   80   81   82   83   83   83   84   84
   85   85   86   86   86   86   86   86   85   85   84   84   83   83   82   82
   81   80   80   79   78   77   76   75   74   73   72   71   70   69   68   67
   67   66   65   65   64   64   63   63   63   63   63   63   63   64   64   64
   65   66   66   67   68   69   70   71   72
    85.0-180.0 180.0   5.0 450.0                            LAT/LON1/LON2/DLON/H
   65   66   69   70   73   74   77   79   80   83   84   85   87   88   89   90
   91   91   92   92   92   92   92   91   91   91   90   89   88   87   86   85
   84   82   81   79   78   76   74   73   71   69   68   66   65   63   62   60
   59   58   57   56   55   54   52   52   51   50   50   50   50   50   51   52
   53   54   55   56   58   60   62   63   65
    82.5-180.0 180.0   5.0 450.0                            LAT/LON1/LON2/DLON/H
   57   59   62   65   68   71   74   76   79   81   83   84   86   86   88   89
   90   91   91   92   92   94   93   93   92   92   92   91   90   90   89   87
   86   84   82   79   77   75   73   71   68   67   64   63   61   59   57   56
   54   53   52   51   49   48   47   45   44   43   42   41   41   41   41   41
   42   43   43   45   47   49   51   54   57
    80.0-180.0 180.0   5.0 450.0                            LAT/LON1/LON2/DLON/H
   49   52   56   59   63   67   71   74   77   79   80   81   82   82   81   81
   81   81   81   83   85   88   89   89   90   91   91   91   91   90   90   88
   87   85   83   81   79   77   74   71   68   66   64   62   61   59   57   55
   54   52   51   50   48   47   46   44   43   41   40   39   37   37   36   35
   35   35   36   37   39   41   43   46   49
    77.5-180.0 180.0   5.0 450.0                            LAT/LON1/LON2/DLON/H
   42   46   50   54   58   62   65   68   69   69   70   70   70   70   70   71
   72   74   75   75   78   80   80   83   86   89   90   91   92   93   93   93
   91   90   87   84   82   79   76   73   71   68   67   65   64   62   61   60
   58   57   56   54   53   52   51   49   48   46   44   43   40   39   37   35
   34   33   32   33   34   35   37   39   42
    75.0-180.0 180.0   5.0 450.0                            LAT/LON1/LON2/DLON/H
   37   40   44   48   51   55   58   59   60   61   61   60   60   60   60   60
   60   61   63   67   68   72   74   78   82   86   89   94   95   97   99   99
   99   97   95   92   89   86   83   80   77   75   72   72   70   70   69   69
   68   67   66   64   63   61   60   59   57   55   53   50   48   45   42   40
   37   35   33   32   32   32   33   35   37
    72.5-180.0 180.0   5.0 450.0                            LAT/LON1/LON2/DLON/H
   34   36   40   43   46   49   51   53   54   54   53   52   52   51   50   49
   49   51   55   56   60   64   70   74   81   85   89   94   99  102  104  106
  106  105  103  102   99   96   93   90   87   85   83   82   82   81   81   80
   80   79   77   75   73   72   70   69   67   65   62   59   57   53   49   46
   42   39   36   34   32   31   31   32   34
    70.0-180.0 180.0   5.0 450.0                            LAT/LON1/LON2/DLON/H
   32   34   37   39   42   44   46   48   49   49   48   47   45   43   41   42
   42   45   47   50   55   60   68   73   79   87   92   97  101  106  110  112
  112  112  111  110  108  105  103  100   98   96   95   95   95   94   94   93
   92   90   88   86   82   80   78   77   75   72   70   66   62   59   55   51
   47   43   39   37   34   32   31   31   32
    67.5-180.0 180.0   5.0 450.0                            LAT/LON1/LON2/DLON/H
   32   33   35   36   38   40   42   45   46   45   44   42   40   38   38   38
   38   40   42   47   52   59   69   75   83   90   96  101  106  110  113  115
  117  118  117  117  116  114  112  109  107  106  106  106  106  106  106  105
  102  100   97   93   88   85   82   80   78   75   72   69   65   61   57   53
   50   46   42   39   37   34   33   32   32
    65.0-180.0 180.0   5.0 450.0                            LAT/LON1/LON2/DLON/H
   32   32   32   34   35   37   39   41   42   42   41   40   38   36   36   36
   37   39   42   47   53   62   71   79   87   95  101  106  109  113  116  118
  120  122  122  122  122  121  118  116  115  115  114  116  117  116  116  113
  110  106  102   96   91   86   83   79   76   73   69   66   62   59   55   52
   48   45   43   40   38   36   35   33   32
    62.5-180.0 180.0   5.0 450.0                            LAT/LON1/LON2/DLON/H
   33   32   31   32   32   34   36   37   39   39   39   38   37   36   35   36
   37   40   44   49   57   66   75   84   92   99  105  109  112  115  118  121
  123  125  126  126  126  124  123  121  121  121  122  123  125  124  123  119
  114  109  103   96   90   85   80   76   72   68   64   61   57   54   50   47
   45   43   41   40   39   38   37   35   33
    60.0-180.0 180.0   5.0 450.0                            LAT/LON1/LON2/DLON/H
   35   33   32   31   31   32   32   34   34   35   36   36   35   34   34   35
   37   40   45   51   60   68   78   87   95  102  107  111  115  118  121  124
  127  128  129  129  129  128  126  125  125  126  127  130  131  131  129  125
  119  111  103   97   89   83   77   72   69   65   60   57   53   50   46   43
   42   40   40   39   40   39   39   37   35
    57.5-180.0 180.0   5.0 450.0                            LAT/LON1/LON2/DLON/H
   38   35   33   32   30   30   30   30   31   32   32   33   33   32   32   33
   35   39   45   51   60   69   78   88   97  104  109  113  117  121  124  128
  131  132  133  133  132  130  129  128  128  130  133  136  137  137  135  130
  123  114  106   98   90   84   78   73   68   65   60   56   52   49   46   43
   41   40   39   40   41   42   41   40   38
    55.0-180.0 180.0   5.0 450.0                            LAT/LON1/LON2/DLON/H
   42   39   36   33   31   30   29   29   29   29   29   29   29   28   29   30
   32   37   44   51   59   69   79   89   98  105  111  116  121  125  129  133
  136  138  138  138  136  134  133  132  133  136  139  142  144  144  141  137
  129  120  111  102   95   89   84   80   75   71   66   61   57   54   51   48
   45   43   42   43   44   46   46   44   42
    52.5-180.0 180.0   5.0 450.0                            LAT/LON1/LON2/DLON/H
   47   44   41   38   35   33   32   30   30   29   28   28   27   26   26   27
   29   34   41   49   58   70   80   90   99  108  115  121  126  131  134  138
  142  143  143  143  141  140  139  138  139  142  145  149  151  152  149  145
  137  128  119  111  104   98   94   90   85   81   76   71   67   64   61   57
   54   51   50   49   50   51   51   50   47
    50.0-180.0 180.0   5.0 450.0                            LAT/LON1/LON2/DLON/H
   53   50   47   44   41   40   37   36   35   33   31   30   27   26   24   25
   27   32   40   50   61   72   83   94  103  112  120  127  133  138  142  145
  148  149  149  149  148  146  146  146  147  150  153  156  158  159  158  155
  148  139  130  122  115  109  105  101   96   92   87   82   78   75   72   70
   66   62   60   58   58   59   58   56   53
    47.5-180.0 180.0   5.0 450.0                            LAT/LON1/LON2/DLON/H
   60   57   54   51   49   47   44   42   42   39   37   34   31   28   26   25
   28   33   42   53   65   77   88   98  108  118  126  134  140  145  148  151
  154  155  155  156  154  154  154  155  157  159  161  163  166  167  167  165
  159  150  142  135  127  121  116  111  104   99   94   89   86   85   84   82
   78   74   71   68   67   67   66   63   60
    45.0-180.0 180.0   5.0 450.0                            LAT/LON1/LON2/DLON/H
   67   64   61   59   56   54   52   50   50   48   45   42   39   35   31   29
   31   37   47   59   72   84   95  105  114  123  132  140  145  149  151  154
  157  160  161  162  163  163  163  164  166  168  170  171  172  173  173  172
  167  160  153  145  138  131  125  117  108  100   94   90   89   90   91   90
   87   83   80   77   76   74   72   70   67
    42.5-180.0 180.0   5.0 450.0                            LAT/LON1/LON2/DLON/H
   71   68   67   65   64   62   60   59   58   56   54   51   48   44   39   37
   37   44   54   68   81   93  102  111  120  129  137  144  148  151  152  154
  158  162  166  168  170  172  174  175  177  178  178  178  178  179  179  178
  174  169  162  155  148  138  128  118  106   95   87   84   85   87   90   92
   90   86   84   81   80   78   76   73   71
    40.0-180.0 180.0   5.0 450.0                            LAT/LON1/LON2/DLON/H
   73   71   71   70   70   69   68   66   66   65   64   62   59   55   49   46
   46   52   63   77   90  101  109  116  125  133  141  147  150  151  152  154
  158  163  168  173  178  181  184  186  188  189  187  186  185  185  185  185
  182  179  173  166  157  144  130  116  102   89   80   76   76   80   84   87
   87   84   82   81   80   79   77   76   73
    37.5-180.0 180.0   5.0 450.0                            LAT/LON1/LON2/DLON/H
   73   71   71   71   72   72   73   72   73   73   73   72   70   66   61   56
   56   61   71   85   98  107  115  121  128  136  143  148  150  150  151  153
  157  163  171  178  185  190  194  198  201  200  198  196  195  195  195  195
  194  192  188  179  169  153  135  117  103   89   78   72   72   74   77   80
   80   79   78   77   77   76   76   74   73
    35.0-180.0 180.0   5.0 450.0                            LAT/LON1/LON2/DLON/H
   70   68   69   69   70   71   73   74   76   79   80   81   80   77   72   67
   66   69   79   92  104  113  118  124  131  137  143  148  150  149  149  151
  157  165  175  186  195  202  207  211  214  215  212  209  210  209  211  212
  213  213  208  199  187  169  150  132  116  101   89   81   76   75   75   75
   75   75   74   74   73   73   73   72   70
    32.5-180.0 180.0   5.0 450.0                            LAT/LON1/LON2/DLON/H
   68   66   65   65   66   67   69   72   75   80   83   86   87   86   82   77
   74   76   84   96  107  116  121  125  132  139  143  147  149  147  148  153
  160  171  185  197  208  216  222  227  231  232  230  229  229  231  234  239
  241  242  238  230  217  200  180  162  146  131  117  105   94   87   83   79
   77   76   75   75   73   73   73   70   68
    30.0-180.0 180.0   5.0 450.0                            LAT/LON1/LON2/DLON/H
   68   64   62   60   61   62   64   67   71   76   81   85   89   90   88   83
   80   81   88   99  110  118  123  127  135  140  144  146  147  147  151  158
  169  183  198  215  227  236  241  246  251  251  253  255  257  260  268  276
  282  284  283  275  261  245  226  210  195  180  164  147  130  116  104   97
   91   88   86   83   81   79   75   72   68
    27.5-180.0 180.0   5.0 450.0                            LAT/LON1/LON2/DLON/H
   71   67   62   59   57   57   59   62   66   70   76   80   85   88   88   85
   82   82   89   99  112  121  126  130  136  142  145  147  148  152  160  170
  185  203  220  237  249  256  262  269  274  277  283  287  291  296  311  323
  331  340  339  332  317  301  281  269  254  240  222  202  178  156  140  128
  117  111  106  101   96   90   84   77   71
    25.0-180.0 180.0   5.0 450.0                            LAT/LON1/LON2/DLON/H
   80   72   66   60   57   56   56   59   61   65   68   73   78   81   84   83
   81   82   88   99  113  123  129  134  139  144  147  149  154  163  175  189
  207  229  249  268  279  283  287  297  302  307  314  323  329  341  363  376
  389  401  400  394  378  357  338  330  315  299  282  260  231  206  182  167
  153  143  134  127  117  108   99   89   80
    22.5-180.0 180.0   5.0 450.0                            LAT/LON1/LON2/DLON/H
   93   81   72   64   59   57   56   57   58   60   62   65   69   73   77   78
   77   79   88  101  115  125  131  137  142  147  151  155  163  177  194  214
  235  260  281  301  312  308  312  324  327  335  347  359  366  384  410  431
  445  456  453  449  431  406  383  373  362  347  330  308  279  252  226  209
  193  181  168  157  143  131  119  105   93
    20.0-180.0 180.0   5.0 450.0                            LAT/LON1/LON2/DLON/H
  110   93   81   70   64   61   58   58   57   56   57   58   60   64   67   70
   72   76   88  103  118  128  134  140  145  151  156  164  176  194  216  241
  268  290  313  332  339  332  335  346  351  362  379  394  406  422  447  471
  483  487  482  473  456  430  405  389  379  367  352  331  308  284  260  241
  230  217  201  187  169  155  140  123  110
    17.5-180.0 180.0   5.0 450.0                            LAT/LON1/LON2/DLON/H
  127  107   91   79   72   67   62   59   57   55   53   52   53   55   58   61
   65   73   87  104  120  129  136  142  148  155  163  175  191  213  241  269
  296  316  335  349  355  351  355  364  374  389  409  426  436  448  468  485
  490  486  478  466  448  428  401  380  367  356  344  326  310  295  279  263
  251  239  227  211  191  174  158  140  127
    15.0-180.0 180.0   5.0 450.0                            LAT/LON1/LON2/DLON/H
  141  119  102   90   80   73   68   64   60   56   52   49   48   49   50   53
   58   69   86  104  119  129  136  142  150  158  170  186  206  234  267  296
  320  334  345  353  357  360  368  380  395  412  431  444  451  457  468  474
  470  461  452  440  423  405  378  355  337  323  314  302  289  283  277  268
  256  248  240  225  205  187  169  154  141
    12.5-180.0 180.0   5.0 450.0                            LAT/LON1/LON2/DLON/H
  151  128  112   99   89   81   74   68   63   59   54   49   47   46   46   48
   53   65   84  102  117  127  134  141  151  163  179  197  223  256  290  316
  335  343  347  349  354  363  377  393  412  428  442  449  450  452  453  451
  440  430  419  407  393  375  350  321  299  283  274  268  262  259  259  254
  248  242  238  227  211  193  177  162  151
    10.0-180.0 180.0   5.0 450.0                            LAT/LON1/LON2/DLON/H
  156  136  120  107   96   87   80   73   67   62   56   51   48   46   45   45
   49   62   81  100  115  125  133  142  154  169  189  213  241  274  304  327
  341  346  346  348  354  366  383  400  418  432  442  446  443  439  435  426
  413  400  389  379  368  352  327  295  270  251  242  237  235  237  238  236
  235  232  230  222  210  194  179  165  156
     7.5-180.0 180.0   5.0 450.0                            LAT/LON1/LON2/DLON/H
  157  140  124  110   99   90   83   76   70   65   59   54   51   48   47   46
   49   61   80   99  114  125  134  146  160  179  201  228  258  289  316  335
  346  349  347  348  355  369  385  400  414  427  435  438  434  427  418  406
  392  381  372  365  354  340  315  284  256  238  229  221  218  221  223  223
  224  225  224  218  208  193  179  166  157
     5.0-180.0 180.0   5.0 450.0                            LAT/LON1/LON2/DLON/H
  156  141  124  108   98   90   83   77   71   66   61   57   54   51   49   49
   51   62   80   99  115  127  138  152  169  191  217  246  275  303  326  344
  351  351  348  348  355  367  381  393  404  415  423  427  423  418  409  397
  387  377  371  364  354  340  318  290  265  249  239  229  220  216  218  218
  220  222  222  216  206  192  179  166  156
     2.5-180.0 180.0   5.0 450.0                            LAT/LON1/LON2/DLON/H
  153  137  121  105   94   87   80   74   70   66   62   58   56   54   52   51
   54   65   81  100  117  130  144  160  180  205  232  261  290  316  335  348
  355  354  351  351  355  363  373  381  389  399  409  414  413  412  407  400
  395  388  383  376  366  353  334  312  292  277  269  258  244  232  228  226
  224  226  225  219  206  193  179  164  153
