data/IONEX/CVBB2810.21i
     1.0            IONOSPHERE MAPS     MIX                 IONEX VERSION / TYPE
cmpcmb v1.2          GRL/UWM            27-oct-21 23:40     PGM / RUN BY / DATE 
ionex file containing IGS COMBINED Ionosphere maps          COMMENT             
global ionosphere maps for day 281, 2021                    DESCRIPTION         
IONEX file containing the COMBINED IGS TEC MAPS and DCBs    DESCRIPTION         
      IONEX files of the following IAACs were combined: cod DESCRIPTION         
                                                        esa DESCRIPTION         
                                                        jpl DESCRIPTION         
                                                        upc DESCRIPTION         
Contact address: Andrzej Krankowski                         DESCRIPTION
                 Geodynamics Research Laboratory            DESCRIPTION
                 University of Warmia and Mazury (GRL/UWM)  DESCRIPTION
                 Oczapowski St. 1                           DESCRIPTION
                 10-957-Olsztyn, POLAND                     DESCRIPTION
                 e-mail:  kand@uwm.edu.pl                   DESCRIPTION
                                                            DESCRIPTION         
  2021    10     8     0     0     0                        EPOCH OF FIRST MAP  
  2021    10     9     0     0     0                        EPOCH OF LAST MAP   
  7200                                                      INTERVAL            
    13                                                      # OF MAPS IN FILE   
  COSZ                                                      MAPPING FUNCTION    
     0.0                                                    ELEVATION CUTOFF    
combined TEC calculated as weighted mean of input TEC valuesOBSERVABLES USED    
   354                                                      # OF STATIONS       
    32                                                      # OF SATELLITES     
  6371.0                                                    BASE RADIUS         
     2                                                      MAP DIMENSION       
   450.0 450.0   0.0                                        HGT1 / HGT2 / DHGT  
    87.5 -87.5  -2.5                                        LAT1 / LAT2 / DLAT  
  -180.0 180.0   5.0                                        LON1 / LON2 / DLON  
    -1                                                      EXPONENT            
TEC values in 0.1 tec units;  9999, if no value available   COMMENT             
DCB values in nanoseconds, reference is Sum_of_SatDCBs = 0  COMMENT             
                                                            END OF HEADER       
[from data line 858]
     3                                                      START OF TEC MAP    
  2021    10     8     4     0     0                        EPOCH OF CURRENT MAP
    87.5-180.0 180.0   5.0 450.0                            LAT/LON1/LON2/DLON/H
   54   54   54   54   54   54   54   54   54   54   54   54   54   54   53   53
   53   53   53   52   52   51   51   50   50   49   49   48   48   47   47   47
   47   46   46   46   46   46   46   45   46   45   46   46   46   46   46   46
   47   47   47   48   48   48   49   49   50   50   51   52   52   52   53   53
   54   53   53   54   54   54   54   54   54
    85.0-180.0 180.0   5.0 450.0                            LAT/LON1/LON2/DLON/H
   56   55   55   55   55   55   55   55   56   55   55   56   55   55   55   55
   54   53   53   52   51   50   50   49   48   47   46   45   43   42   41   40
   39   39   38   38   38   38   38   38   38   39   39   39   40   41   42   42
   43   44   44   46   46   47   48   49   50   51   53   53   54   54   55   55
   55   56   56   56   55   55   55   55   56
    82.5-180.0 180.0   5.0 450.0                            LAT/LON1/LON2/DLON/H
   56   55   54   54   54   54   54   54   54   55   55   55   55   56   55   55
   55   54   53   52   51   49   48   48   47   44   41   39   39   37   36   35
   34   33   33   33   33   33   34   34   34   35   36   36   37   37   38   39
   41   43   44   45   47   49   50   52   53   55   57   58   59   60   61   60
   61   60   60   59   59   58   58   56   56
    80.0-180.0 180.0   5.0 450.0                            LAT/LON1/LON2/DLON/H
   56   54   53   52   51   51   51   51   52   52   53   53   54   55   55   55
   55   54   53   52   50   50   47   43   41   38   36   34   32   31   29   28
   28   28   28   28   29   30   30   31   32   32   33   34   35   36   38   39
   41   43   46   48   50   53   56   58   61   63   65   67   69   69   70   70
   69   69   67   66   64   62   60   58   56
    77.5-180.0 180.0   5.0 450.0                            LAT/LON1/LON2/DLON/H
   58   56   53   51   50   49   49   49   48   48   50   51   51   51   51   50
   49   48   48   47   46   44   41   39   37   34   32   30   28   27   25   24
   24   24   25   26   27   28   29   29   31   32   33   34   36   37   38   41
   43   46   49   52   55   59   63   67   70   73   77   78   80   81   82   82
   82   80   78   75   72   68   65   62   58
    75.0-180.0 180.0   5.0 450.0                            LAT/LON1/LON2/DLON/H
   64   60   56   53   51   48   45   43   44   44   45   44   44   44   43   43
   44   44   43   42   41   40   39   37   35   33   31   28   26   24   23   22
   22   23   23   25   26   27   28   29   31   32   34   35   37   39   41   43
   47   50   54   58   62   67   71   76   80   85   88   91   93   95   95   96
   95   92   90   86   82   77   73   68   64
    72.5-180.0 180.0   5.0 450.0                            LAT/LON1/LON2/DLON/H
   72   67   62   58   53   48   45   43   41   39   39   37   37   37   38   38
   38   38   38   37   37   37   36   36   35   32   31   29   26   24   23   22
   22   23   23   24   25   26   27   29   31   33   34   37   39   41   43   46
   50   54   59   64   69   75   80   86   90   95   99  102  105  106  107  107
  107  104  101   97   93   88   83   77   72
    70.0-180.0 180.0   5.0 450.0                            LAT/LON1/LON2/DLON/H
   82   76   71   65   58   53   48   44   40   38   35   34   34   34   33   32
   31   33   33   33   34   35   35   36   35   32   32   30   28   26   25   24
   23   24   25   25   25   25   26   27   29   31   34   37   40   43   46   50
   55   60   66   71   77   83   88   94   99  103  107  110  112  114  115  115
  114  112  109  106  103   98   93   87   82
    67.5-180.0 180.0   5.0 450.0                            LAT/LON1/LON2/DLON/H
   91   85   79   73   66   60   53   47   42   38   35   33   32   30   29   28
   27   28   29   30   32   32   34   35   35   33   33   32   30   28   27   26
   25   25   25   25   25   25   25   26   27   30   32   36   40   44   49   54
   60   66   72   79   84   91   95  101  104  107  110  113  114  116  116  117
  116  115  114  112  109  105  102   96   91
    65.0-180.0 180.0   5.0 450.0                            LAT/LON1/LON2/DLON/H
   99   94   88   81   74   67   59   51   45   40   36   33   31   29   28   26
   25   26   27   27   29   31   33   34   35   34   34   33   31   30   29   28
   27   27   26   26   24   23   22   23   25   27   31   35   41   47   52   58
   65   72   79   86   92   97  102  105  108  110  111  113  113  114  113  113
  113  113  112  112  111  110  107  103   99
    62.5-180.0 180.0   5.0 450.0                            LAT/LON1/LON2/DLON/H
  102   99   93   87   80   73   64   56   48   42   37   35   32   30   29   27
   25   25   26   26   28   30   32   34   34   34   33   33   32   31   31   30
   29   29   27   26   24   22   21   21   23   25   30   35   41   49   56   63
   71   78   86   93   98  103  107  109  110  111  111  111  110  109  108  107
  107  107  108  109  110  110  108  106  102
    60.0-180.0 180.0   5.0 450.0                            LAT/LON1/LON2/DLON/H
  103   99   95   91   84   77   68   59   51   44   39   36   34   32   31   29
   28   26   27   28   29   31   31   32   33   33   32   31   31   31   31   32
   32   30   29   28   26   23   21   22   23   27   31   38   46   53   61   69
   76   85   92  100  105  109  112  113  114  113  112  111  108  106  104  102
  101  101  102  104  106  107  106  104  103
    57.5-180.0 180.0   5.0 450.0                            LAT/LON1/LON2/DLON/H
   99   96   94   91   86   80   71   62   53   46   41   38   36   35   34   33
   31   30   30   30   31   31   31   31   31   31   31   31   31   31   32   34
   34   34   33   31   29   26   25   25   27   30   36   43   51   59   67   75
   83   92  100  107  112  116  118  119  119  119  117  114  111  107  103  100
   98   97   98  100  102  103  102  101   99
    55.0-180.0 180.0   5.0 450.0                            LAT/LON1/LON2/DLON/H
   95   93   92   90   87   82   73   64   55   47   42   39   37   37   36   36
   35   34   33   33   33   32   32   31   31   32   31   32   33   33   34   36
   37   38   38   37   35   33   32   32   34   37   43   49   57   66   73   81
   91   98  107  114  119  124  126  128  129  128  126  123  118  113  109  104
  100   99   99  100  101  101   99   96   95
    52.5-180.0 180.0   5.0 450.0                            LAT/LON1/LON2/DLON/H
   91   90   90   91   88   84   76   66   57   49   43   40   39   38   38   38
   38   38   38   38   37   36   35   34   34   35   35   37   37   37   38   40
   42   43   44   45   45   43   43   43   43   46   51   58   65   74   81   90
   98  106  115  121  127  132  136  139  140  140  138  135  130  125  119  113
  108  105  104  103  103  101   97   94   91
    50.0-180.0 180.0   5.0 450.0                            LAT/LON1/LON2/DLON/H
   92   90   90   92   91   87   80   71   61   52   46   42   40   38   38   39
   40   42   42   43   42   41   40   40   41   42   42   44   44   43   44   45
   47   48   50   53   54   55   54   53   53   55   60   66   74   83   91   99
  108  115  122  129  135  140  145  150  152  153  152  150  145  139  132  125
  119  115  113  111  109  105  100   95   92
    47.5-180.0 180.0   5.0 450.0                            LAT/LON1/LON2/DLON/H
   97   95   95   96   95   92   85   76   66   57   49   45   42   40   39   41
   43   45   47   48   48   48   48   49   50   51   52   52   53   52   51   51
   51   53   57   61   63   65   65   63   63   64   67   74   83   91   99  109
  118  125  132  138  144  149  155  160  163  166  166  164  159  153  145  137
  130  125  122  120  117  113  107  101   97
    45.0-180.0 180.0   5.0 450.0                            LAT/LON1/LON2/DLON/H
  107  104  102  102  101   97   90   81   72   62   54   49   45   42   41   42
   46   50   53   55   56   56   57   58   60   60   62   62   61   59   57   56
   56   57   61   66   71   74   73   71   70   70   73   81   90   99  108  119
  128  135  141  147  153  158  164  169  173  175  176  173  169  162  154  147
  139  133  130  129  127  123  119  113  107
    42.5-180.0 180.0   5.0 450.0                            LAT/LON1/LON2/DLON/H
  122  116  112  110  106  101   94   85   76   67   60   54   50   46   44   46
   50   55   59   62   64   65   66   67   68   68   69   69   66   64   62   60
   59   60   64   70   76   79   79   77   74   75   79   87   97  108  118  129
  138  146  152  157  161  166  170  175  178  180  179  177  174  168  160  152
  144  138  136  136  136  135  133  128  122
    40.0-180.0 180.0   5.0 450.0                            LAT/LON1/LON2/DLON/H
  139  132  125  118  112  105   97   87   78   71   65   60   55   51   50   50
   56   61   65   70   72   73   73   73   74   72   72   71   69   66   64   62
   61   62   66   71   77   81   81   79   77   78   83   93  105  118  129  140
  150  158  162  165  168  172  175  179  180  181  181  179  177  173  165  157
  148  141  140  141  145  147  147  145  139
    37.5-180.0 180.0   5.0 450.0                            LAT/LON1/LON2/DLON/H
  159  149  138  127  117  107   97   88   80   74   69   66   62   59   57   58
   62   67   71   76   79   79   79   77   76   73   71   69   67   66   65   63
   62   63   66   71   77   81   81   80   78   81   88   99  113  125  139  151
  161  168  171  172  173  175  179  182  183  184  183  183  183  180  174  167
  157  148  148  148  155  160  163  163  159
    35.0-180.0 180.0   5.0 450.0                            LAT/LON1/LON2/DLON/H
  180  170  155  137  122  107   95   86   79   75   74   73   71   69   67   65
   68   73   77   81   84   83   82   79   76   71   68   65   64   64   64   63
   63   63   66   70   76   79   80   79   79   83   93  106  119  133  147  159
  169  175  175  175  176  178  182  185  188  188  190  193  195  196  192  184
  173  165  166  164  171  175  181  182  180
    32.5-180.0 180.0   5.0 450.0                            LAT/LON1/LON2/DLON/H
  205  196  176  152  130  109   92   83   77   75   76   78   79   78   76   75
   75   78   81   83   85   85   83   79   75   69   64   61   60   62   63   64
   65   65   66   69   74   77   78   78   80   85   96  110  125  138  152  163
  172  177  177  175  178  182  187  193  198  200  204  210  217  221  220  214
  201  193  196  190  193  196  201  206  205
    30.0-180.0 180.0   5.0 450.0                            LAT/LON1/LON2/DLON/H
  240  227  202  171  141  113   89   77   73   71   74   78   81   83   84   83
   82   82   83   85   86   85   82   79   73   69   62   59   59   62   66   68
   68   68   68   70   73   75   75   77   80   87   99  113  127  141  152  163
  171  176  176  177  181  189  197  209  216  222  229  239  250  258  261  256
  243  236  237  225  222  221  228  239  240
    27.5-180.0 180.0   5.0 450.0                            LAT/LON1/LON2/DLON/H
  278  263  231  196  158  125   94   74   66   63   70   76   80   83   86   86
   85   84   82   84   84   84   81   78   74   71   66   64   65   68   72   74
   74   73   71   70   71   72   72   74   78   87   99  113  127  139  150  159
  167  172  174  180  188  199  213  229  241  251  263  277  294  305  310  310
  297  289  284  266  259  253  258  272  278
    25.0-180.0 180.0   5.0 450.0                            LAT/LON1/LON2/DLON/H
  316  305  272  232  187  146  108   82   65   61   67   72   76   80   82   83
   83   82   80   81   82   82   81   80   79   78   75   75   77   80   81   82
   81   79   75   71   70   69   69   71   76   84   97  111  125  135  145  155
  162  168  173  185  197  214  233  254  270  286  304  322  343  358  367  372
  359  348  334  317  306  293  293  306  316
    22.5-180.0 180.0   5.0 450.0                            LAT/LON1/LON2/DLON/H
  355  347  324  278  227  181  137  105   79   67   68   70   73   75   77   80
   79   78   78   79   81   82   83   85   87   90   90   93   96   97   96   93
   90   84   78   73   69   67   67   68   71   79   92  105  119  130  141  150
  158  166  175  190  208  230  256  281  302  323  345  365  384  406  419  427
  418  405  386  368  348  335  339  349  355
    20.0-180.0 180.0   5.0 450.0                            LAT/LON1/LON2/DLON/H
  389  384  364  325  274  224  175  137  105   87   79   74   73   73   74   76
   76   75   75   77   80   82   87   94  100  106  111  117  119  119  115  107
   99   90   82   75   70   66   63   63   66   73   85  101  115  127  137  146
  156  166  180  200  224  249  278  306  329  351  372  393  410  426  443  451
  450  444  431  413  394  381  375  383  389
    17.5-180.0 180.0   5.0 450.0                            LAT/LON1/LON2/DLON/H
  409  408  393  361  317  270  221  177  140  115  100   88   80   77   75   75
   75   74   74   77   79   84   92  103  113  123  133  141  144  141  133  120
  106   94   85   78   71   65   61   59   61   67   80   97  113  125  135  146
  157  173  192  214  242  270  301  327  349  367  382  398  412  425  437  442
  446  449  448  437  424  413  403  403  409
    15.0-180.0 180.0   5.0 450.0                            LAT/LON1/LON2/DLON/H
  411  415  405  380  347  305  259  218  179  147  128  110   97   88   84   81
   80   80   79   82   83   89  100  113  126  137  148  161  165  158  145  127
  109   96   86   78   72   66   61   57   57   63   76   94  112  125  137  150
  165  182  205  232  263  291  320  342  359  372  380  388  397  407  417  424
  426  431  437  435  428  422  415  408  411
    12.5-180.0 180.0   5.0 450.0                            LAT/LON1/LON2/DLON/H
  403  408  407  390  363  334  298  256  222  186  160  141  123  111  103   96
   93   92   90   92   91   98  110  125  139  149  160  170  173  165  149  127
  107   95   87   80   74   68   62   57   55   61   75   94  112  127  142  156
  174  195  220  250  281  308  332  350  363  370  372  374  380  388  396  403
  407  413  418  421  420  415  410  403  403
    10.0-180.0 180.0   5.0 450.0                            LAT/LON1/LON2/DLON/H
  390  392  394  385  365  347  322  288  256  222  194  174  154  139  129  119
  112  110  108  107  105  111  123  138  152  160  166  173  172  163  146  126
  108   97   88   82   77   71   65   58   55   61   75   93  113  130  146  163
  182  205  233  263  292  317  337  352  361  364  364  363  367  375  383  389
  395  399  405  410  410  405  399  391  390
     7.5-180.0 180.0   5.0 450.0                            LAT/LON1/LON2/DLON/H
  374  374  373  369  358  346  328  304  277  249  225  204  185  170  158  146
  135  130  128  125  125  130  139  153  165  172  171  170  166  156  143  124
  110  100   92   86   81   74   68   60   56   63   78   97  116  134  151  168
  188  212  239  268  295  318  336  350  359  363  362  361  364  374  385  389
  393  396  400  404  403  398  389  379  374
     5.0-180.0 180.0   5.0 450.0                            LAT/LON1/LON2/DLON/H
  363  360  358  357  350  340  326  306  284  265  246  228  212  201  186  173
  157  150  147  148  149  152  158  170  180  184  177  170  161  149  138  125
  113  104   97   90   83   76   69   62   59   67   83  103  121  138  155  172
  192  214  238  265  290  312  330  348  361  367  369  369  372  384  400  406
  404  404  404  406  402  393  381  370  363
     2.5-180.0 180.0   5.0 450.0                            LAT/LON1/LON2/DLON/H
  359  355  353  351  348  338  324  306  285  270  258  244  230  221  207  195
  179  169  167  172  175  176  180  192  200  198  185  171  158  145  134  124
  114  107   99   92   84   76   69   62   61   70   87  107  125  141  156  173
  191  210  233  258  280  302  322  342  362  375  380  383  390  407  426  431
  425  422  418  416  409  395  379  367  359
