data/IONEX/CVBB2830.21i
     1.0            IONOSPHERE MAPS     MIX                 IONEX VERSION / TYPE
cmpcmb v1.2          GRL/UWM            28-oct-21 01:25     PGM / RUN BY / DATE 
ionex file containing IGS COMBINED Ionosphere maps          COMMENT             
global ionosphere maps for day 283, 2021                    DESCRIPTION         
IONEX file containing the COMBINED IGS TEC MAPS and DCBs    DESCRIPTION         
      IONEX files of the following IAACs were combined: cod DESCRIPTION         
                                                        esa DESCRIPTION         
                                                        jpl DESCRIPTION         
                                                        upc DESCRIPTION         
Contact address: Andrzej Krankowski                         DESCRIPTION
                 Geodynamics Research Laboratory            DESCRIPTION
                 University of Warmia and Mazury (GRL/UWM)  DESCRIPTION
                 Oczapowski St. 1                           DESCRIPTION
                 10-957-Olsztyn, POLAND                     DESCRIPTION
                 e-mail:  kand@uwm.edu.pl                   DESCRIPTION
                                                            DESCRIPTION         
  2021    10    10     0     0     0                        EPOCH OF FIRST MAP  
  2021    10    11     0     0     0                        EPOCH OF LAST MAP   
  7200                                                      INTERVAL            
    13                                                      # OF MAPS IN FILE   
  COSZ                                                      MAPPING FUNCTION    
     0.0                                                    ELEVATION CUTOFF    
combined TEC calculated as weighted mean of input TEC valuesOBSERVABLES USED    
   359                                                      # OF STATIONS       
    32                                                      # OF SATELLITES     
  6371.0                                                    BASE RADIUS         
     2                                                      MAP DIMENSION       
   450.0 450.0   0.0                                        HGT1 / HGT2 / DHGT  
    87.5 -87.5  -2.5                                        LAT1 / LAT2 / DLAT  
  -180.0 180.0   5.0                                        LON1 / LON2 / DLON  
    -1                                                      EXPONENT            
TEC values in 0.1 tec units;  9999, if no value available   COMMENT             
DCB values in nanoseconds, reference is Sum_of_SatDCBs = 0  COMMENT             
                                                            END OF HEADER       
[from data line 4290]
    11                                                      START OF TEC MAP    
  2021    10    10    20     0     0                        EPOCH OF CURRENT MAP
    87.5-180.0 180.0   5.0 450.0                            LAT/LON1/LON2/DLON/H
   71   71   71   72   72   72   72   73   73   73   73   73   73   73   73   72
   72   72   73   73   72   72   73   73   72   72   71   70   70   69   68   68
   67   67   66   65   65   65   65   64   64   64   63   64   64   64   64   65
   65   65   65   65   66   66   67   67   67   67   68   68   68   68   68   69
   69   69   69   70   70   70   70   71   71
    85.0-180.0 180.0   5.0 450.0                            LAT/LON1/LON2/DLON/H
   73   74   75   75   76   77   78   79   79   80   81   81   81   81   82   81
   80   79   77   76   75   75   75   75   73   72   70   68   67   65   64   63
   63   62   61   61   61   61   61   61   61   61   61   61   60   61   61   62
   62   62   63   63   64   64   65   66   66   66   66   67   67   67   68   68
   68   68   69   69   70   71   71   72   73
    82.5-180.0 180.0   5.0 450.0                            LAT/LON1/LON2/DLON/H
   71   72   73   74   76   77   78   80   81   83   85   86   87   88   89   89
   89   88   87   86   82   79   78   76   73   70   67   65   63   61   60   59
   58   57   57   57   57   57   58   58   59   58   58   58   58   58   59   60
   60   62   62   63   63   63   64   65   65   66   66   66   66   66   66   67
   67   67   68   68   69   69   70   70   71
    80.0-180.0 180.0   5.0 450.0                            LAT/LON1/LON2/DLON/H
   68   69   69   71   72   74   76   79   82   84   87   90   91   93   94   96
   96   96   94   93   91   87   82   77   73   70   67   63   61   58   56   55
   53   52   51   51   51   53   54   55   55   56   57   57   57   57   57   58
   59   59   60   60   61   61   62   62   63   63   63   63   63   64   64   65
   65   65   66   66   66   66   67   67   68
    77.5-180.0 180.0   5.0 450.0                            LAT/LON1/LON2/DLON/H
   64   65   66   68   70   73   75   77   79   82   87   91   96   99  101  102
  103  102  100   98   95   91   85   81   74   68   64   59   56   53   51   49
   48   47   48   49   49   50   51   52   54   55   56   56   56   56   56   56
   57   56   56   56   57   57   57   58   58   58   59   59   59   60   60   61
   62   63   62   63   63   63   63   63   64
    75.0-180.0 180.0   5.0 450.0                            LAT/LON1/LON2/DLON/H
   62   63   65   67   69   70   72   75   79   84   89   94   98  102  105  107
  107  106  107  104   99   94   90   85   77   71   65   59   54   51   47   45
   45   45   45   45   47   49   50   51   53   53   54   54   54   53   53   53
   53   52   52   51   50   51   51   51   52   52   53   53   54   54   55   56
   56   57   58   58   59   59   60   61   62
    72.5-180.0 180.0   5.0 450.0                            LAT/LON1/LON2/DLON/H
   61   63   65   66   68   69   71   74   78   83   88   94   99  104  108  109
  112  112  109  107  102   98   94   88   81   73   65   59   55   51   47   43
   42   41   42   44   45   47   49   50   51   51   51   52   52   51   50   49
   48   47   47   46   45   44   44   44   44   44   44   46   46   47   48   49
   50   51   52   54   55   57   58   60   61
    70.0-180.0 180.0   5.0 450.0                            LAT/LON1/LON2/DLON/H
   63   65   66   68   69   70   72   75   79   83   88   94  100  105  109  113
  115  114  113  109  106  103   98   92   85   77   68   61   56   52   47   44
   42   41   40   41   43   45   47   48   49   49   49   49   48   47   46   45
   44   43   42   42   40   39   38   37   37   37   37   37   38   39   40   41
   42   44   46   49   52   55   58   61   63
    67.5-180.0 180.0   5.0 450.0                            LAT/LON1/LON2/DLON/H
   66   69   71   72   73   74   75   77   80   84   89   93   98  104  109  113
  115  117  115  111  109  108  103   96   90   83   76   67   60   55   49   45
   43   41   40   41   42   43   45   46   47   47   46   45   44   43   42   41
   40   39   38   38   36   34   33   32   30   30   30   30   31   32   34   35
   37   39   42   45   50   55   59   63   66
    65.0-180.0 180.0   5.0 450.0                            LAT/LON1/LON2/DLON/H
   71   74   76   78   79   79   80   80   82   85   89   93   97  102  108  112
  115  118  116  115  114  114  109  103   97   90   83   75   67   60   55   50
   46   43   41   40   42   42   44   45   46   45   45   43   41   40   38   38
   37   35   34   33   32   30   29   28   27   26   26   26   27   28   30   31
   33   35   39   43   49   54   60   66   71
    62.5-180.0 180.0   5.0 450.0                            LAT/LON1/LON2/DLON/H
   75   79   83   84   85   86   85   85   86   88   91   94   98  103  107  111
  115  119  120  121  121  120  116  112  107  100   92   85   76   69   63   58
   53   49   45   43   43   44   44   44   46   45   44   43   41   40   39   37
   36   34   32   30   29   28   27   26   25   25   25   25   26   27   28   29
   32   34   37   42   48   55   63   69   75
    60.0-180.0 180.0   5.0 450.0                            LAT/LON1/LON2/DLON/H
   79   84   88   91   92   92   92   91   91   93   95   98  101  105  109  113
  117  121  124  125  127  127  125  122  116  109  101   95   87   81   75   69
   64   58   53   49   47   47   47   47   48   48   48   47   47   45   43   41
   39   36   34   31   30   28   28   27   27   27   27   27   28   29   30   31
   32   33   37   42   49   56   64   72   79
    57.5-180.0 180.0   5.0 450.0                            LAT/LON1/LON2/DLON/H
   83   89   94   97   98  100  100  100   99   99  100  103  106  110  114  118
  122  125  129  132  133  134  133  129  124  118  110  105   99   94   89   84
   77   70   63   58   55   53   54   54   54   54   55   55   54   53   51   48
   46   42   39   36   34   33   32   32   32   32   32   32   33   34   34   34
   34   36   38   44   49   58   66   75   83
    55.0-180.0 180.0   5.0 450.0                            LAT/LON1/LON2/DLON/H
   87   94   99  103  106  107  109  109  109  108  108  110  113  117  121  125
  129  132  135  137  139  140  139  135  130  124  117  114  109  106  102   96
   89   82   75   69   64   63   62   63   63   64   65   65   64   62   59   56
   53   49   45   43   40   39   39   39   39   40   40   40   40   41   40   40
   39   39   41   45   52   60   69   78   87
    52.5-180.0 180.0   5.0 450.0                            LAT/LON1/LON2/DLON/H
   92   99  105  111  115  118  121  121  121  120  118  119  122  125  129  133
  136  139  141  143  144  145  143  138  133  126  122  119  117  115  111  106
   99   91   85   79   76   74   73   74   74   75   75   75   73   71   68   64
   61   57   54   51   49   48   47   47   48   49   48   49   49   49   48   47
   44   43   45   48   55   64   73   83   92
    50.0-180.0 180.0   5.0 450.0                            LAT/LON1/LON2/DLON/H
   97  105  112  119  125  130  133  137  136  134  132  131  133  134  139  142
  145  147  148  149  149  148  145  140  134  128  124  124  123  122  119  113
  105   97   91   87   84   84   83   84   84   85   85   84   82   79   77   74
   71   66   64   62   59   58   57   56   56   57   57   58   58   56   55   52
   48   47   48   53   59   68   79   89   97
    47.5-180.0 180.0   5.0 450.0                            LAT/LON1/LON2/DLON/H
  105  112  120  128  136  143  149  154  154  152  149  146  146  146  149  152
  154  156  155  155  154  151  146  141  135  131  129  129  129  128  123  115
  106   99   95   92   91   92   92   93   94   94   93   91   88   86   83   81
   79   76   74   72   70   68   66   65   65   65   65   65   64   62   59   55
   51   50   51   56   64   74   85   96  105
    45.0-180.0 180.0   5.0 450.0                            LAT/LON1/LON2/DLON/H
  113  121  129  137  147  157  165  172  174  171  166  162  159  159  160  163
  164  164  163  162  159  155  150  145  140  138  136  137  136  132  126  114
  104   98   95   95   96   98   99  100  101  101  100   97   94   91   89   87
   86   84   83   82   80   77   75   73   72   71   70   70   68   65   61   57
   53   52   54   60   69   80   92  103  113
    42.5-180.0 180.0   5.0 450.0                            LAT/LON1/LON2/DLON/H
  120  129  137  147  158  170  181  188  190  187  182  177  172  171  172  175
  175  174  172  170  167  162  157  152  148  148  148  148  145  137  126  113
  101   96   94   96   99  102  104  105  106  106  104  101   98   95   93   93
   93   92   91   91   88   86   82   80   78   76   74   71   69   65   61   57
   54   53   57   64   74   86   99  111  120
    40.0-180.0 180.0   5.0 450.0                            LAT/LON1/LON2/DLON/H
  128  137  146  155  167  181  193  200  203  201  195  189  185  182  184  186
  186  185  182  179  176  172  167  163  161  161  162  162  157  145  129  114
  102   96   96   99  102  105  108  109  109  109  107  104  101   99   98   98
   99   99   98   97   95   91   87   83   80   78   75   71   68   65   61   56
   54   55   59   68   79   92  105  117  128
    37.5-180.0 180.0   5.0 450.0                            LAT/LON1/LON2/DLON/H
  133  143  152  163  174  189  201  209  213  212  207  201  195  193  193  195
  196  195  193  189  186  183  179  177  176  177  177  178  169  155  138  121
  109  104  104  105  108  110  112  113  113  112  110  106  103  101  101  101
  102  103  102  100   97   93   89   86   82   79   75   71   68   65   61   57
   55   56   62   71   83   96  110  122  133
    35.0-180.0 180.0   5.0 450.0                            LAT/LON1/LON2/DLON/H
  137  148  158  168  179  192  204  213  220  220  216  210  205  203  202  204
  205  205  204  202  199  196  193  192  193  194  193  193  183  168  152  136
  126  120  118  117  117  118  117  116  115  114  111  107  104  102  102  102
  103  103  102  100   96   93   89   87   83   79   75   71   67   64   61   59
   58   60   66   75   88  101  113  124  137
    32.5-180.0 180.0   5.0 450.0                            LAT/LON1/LON2/DLON/H
  139  152  163  174  183  194  204  215  223  224  222  219  215  214  213  214
  216  216  216  214  211  208  207  206  208  210  208  207  198  183  169  157
  151  144  139  134  131  127  124  121  119  116  112  108  103  101  100  100
  101  101   99   96   94   91   90   88   85   81   76   71   68   65   63   61
   62   65   72   81   93  103  115  127  139
    30.0-180.0 180.0   5.0 450.0                            LAT/LON1/LON2/DLON/H
  144  158  171  182  189  197  206  216  224  227  227  226  225  226  226  227
  228  228  227  225  223  220  217  216  220  223  220  218  212  200  190  183
  180  174  164  157  150  140  133  127  123  118  113  107  102   99   98   98
   98   97   94   92   90   89   90   90   87   83   77   72   68   67   66   67
   68   72   79   88   98  108  118  130  144
    27.5-180.0 180.0   5.0 450.0                            LAT/LON1/LON2/DLON/H
  149  166  181  192  199  205  213  222  230  233  235  236  238  239  241  242
  241  240  239  238  235  230  226  224  226  229  227  226  224  218  215  215
  213  207  196  187  176  161  146  136  128  120  112  105  100   97   94   93
   93   93   90   88   87   88   90   92   90   85   78   73   70   70   71   73
   76   81   88   97  108  115  124  135  149
    25.0-180.0 180.0   5.0 450.0                            LAT/LON1/LON2/DLON/H
  158  176  193  206  213  217  223  233  242  246  248  251  254  256  257  258
  255  255  254  252  248  240  234  231  231  233  231  232  237  242  246  249
  246  239  226  213  195  183  160  146  135  122  112  104   98   94   91   90
   90   88   86   85   86   88   92   94   92   87   80   74   72   73   76   79
   84   90   98  110  120  126  133  142  158
    22.5-180.0 180.0   5.0 450.0                            LAT/LON1/LON2/DLON/H
  170  189  210  223  230  235  241  251  261  266  268  272  275  278  278  277
  273  272  271  269  262  253  245  240  239  239  239  242  255  269  279  282
  276  261  242  215  191  182  165  153  140  126  113  105   99   93   90   88
   87   86   85   85   87   91   96   98   96   89   81   75   73   76   79   83
   89   97  108  122  133  141  147  156  170
    20.0-180.0 180.0   5.0 450.0                            LAT/LON1/LON2/DLON/H
  186  205  226  241  251  258  264  276  287  294  298  300  303  306  304  302
  297  295  293  290  283  271  261  256  254  252  251  257  275  298  312  314
  299  276  248  208  179  169  156  147  142  128  117  109  103   97   93   89
   88   87   88   88   90   96  101  103   99   91   82   76   74   77   80   84
   91  101  117  134  147  157  163  172  186
    17.5-180.0 180.0   5.0 450.0                            LAT/LON1/LON2/DLON/H
  204  222  242  259  271  281  292  306  317  325  331  334  337  340  338  335
  328  325  322  319  310  297  286  278  275  271  270  277  297  320  334  332
  301  278  245  198  167  147  137  138  139  134  126  120  114  108  103   96
   93   91   92   94   98  104  108  108  102   92   83   77   75   77   80   84
   92  105  124  145  160  172  179  189  204
    15.0-180.0 180.0   5.0 450.0                            LAT/LON1/LON2/DLON/H
  221  238  257  274  289  303  320  335  347  355  363  368  374  377  378  374
  367  363  358  354  343  330  316  306  299  295  292  300  316  333  339  332
  290  254  218  179  150  132  126  134  144  145  143  138  133  125  117  103
   99   96   97  101  107  112  113  111  104   94   84   79   77   77   79   84
   93  109  130  153  171  184  193  206  221
    12.5-180.0 180.0   5.0 450.0                            LAT/LON1/LON2/DLON/H
  235  252  271  288  305  323  342  359  374  384  392  401  408  415  419  416
  410  405  400  395  383  368  353  339  329  320  314  319  331  341  337  319
  274  229  191  160  140  127  128  142  158  164  165  162  156  145  132  115
  108  101  101  106  113  116  117  113  105   94   86   81   79   77   79   83
   94  112  135  159  179  195  206  219  235
    10.0-180.0 180.0   5.0 450.0                            LAT/LON1/LON2/DLON/H
  246  263  281  299  318  338  359  377  393  404  415  426  436  447  455  456
  453  451  445  440  425  409  391  376  361  347  338  339  345  349  335  304
  261  219  183  159  146  141  145  159  176  188  192  187  178  165  145  125
  115  105  104  108  114  118  117  112  104   94   87   83   81   79   80   83
   94  112  137  164  186  203  216  231  246
     7.5-180.0 180.0   5.0 450.0                            LAT/LON1/LON2/DLON/H
  254  270  288  307  326  348  370  388  403  416  428  441  454  468  480  488
  490  493  492  485  467  447  428  411  391  374  362  358  359  353  333  297
  256  218  190  173  165  164  169  181  196  209  214  211  199  180  157  133
  119  106  104  107  111  115  113  109  103   95   89   86   84   83   82   85
   94  112  138  165  189  207  223  238  254
     5.0-180.0 180.0   5.0 450.0                            LAT/LON1/LON2/DLON/H
  256  273  292  311  332  354  375  394  407  419  431  445  461  479  492  505
  514  520  524  518  500  480  458  438  416  396  383  375  368  355  330  293
  255  225  207  198  193  195  200  209  217  227  231  226  211  188  162  134
  118  104  102  102  106  109  107  105  103   97   93   89   87   86   86   87
   95  112  136  164  188  207  224  240  256
     2.5-180.0 180.0   5.0 450.0                            LAT/LON1/LON2/DLON/H
  253  271  291  312  335  359  380  397  408  418  427  440  458  473  490  507
  520  529  535  533  519  500  478  457  434  412  396  384  372  355  327  291
  259  238  226  225  226  227  230  233  236  242  240  231  215  191  162  135
  116  102   97   97   99  102  102  101  101   98   94   92   91   91   90   91
   97  114  136  163  186  204  220  238  253
