data/IONEX/CVBB2920.21i
     1.0            IONOSPHERE MAPS     MIX                 IONEX VERSION / TYPE
cmpcmb v1.2          GRL/UWM             6-nov-21 02:09     PGM / RUN BY / DATE 
ionex file containing IGS COMBINED Ionosphere maps          COMMENT             
global ionosphere maps for day 292, 2021                    DESCRIPTION         
IONEX file containing the COMBINED IGS TEC MAPS and DCBs    DESCRIPTION         
      IONEX files of the following IAACs were combined: cod DESCRIPTION         
                                                        esa DESCRIPTION         
                                                        jpl DESCRIPTION         
                                                        upc DESCRIPTION         
Contact address: Andrzej Krankowski                         DESCRIPTION
                 Geodynamics Research Laboratory            DESCRIPTION
                 University of Warmia and Mazury (GRL/UWM)  DESCRIPTION
                 Oczapowski St. 1                           DESCRIPTION
                 10-957-Olsztyn, POLAND                     DESCRIPTION
                 e-mail:  kand@uwm.edu.pl                   DESCRIPTION
                                                            DESCRIPTION         
  2021    10    19     0     0     0                        EPOCH OF FIRST MAP  
  2021    10    20     0     0     0                        EPOCH OF LAST MAP   
  7200                                                      INTERVAL            
    13                                                      # OF MAPS IN FILE   
  COSZ                                                      MAPPING FUNCTION    
     0.0                                                    ELEVATION CUTOFF    
combined TEC calculated as weighted mean of input TEC valuesOBSERVABLES USED    
   357                                                      # OF STATIONS       
    32                                                      # OF SATELLITES     
  6371.0                                                    BASE RADIUS         
     2                                                      MAP DIMENSION       
   450.0 450.0   0.0                                        HGT1 / HGT2 / DHGT  
    87.5 -87.5  -2.5                                        LAT1 / LAT2 / DLAT  
  -180.0 180.0   5.0                                        LON1 / LON2 / DLON  
    -1                                                      EXPONENT            
TEC values in 0.1 tec units;  9999, if no value available   COMMENT             
DCB values in nanoseconds, reference is Sum_of_SatDCBs = 0  COMMENT             
                                                            END OF HEADER       
[from data line 4719]
    12                                                      START OF TEC MAP    
  2021    10    19    22     0     0                        EPOCH OF CURRENT MAP
    87.5-180.0 180.0   5.0 450.0                            LAT/LON1/LON2/DLON/H
   39   39   39   39   40   40   40   40   40   39   39   39   38   38   38   37
   36   36   35   34   33   33   32   31   30   30   28   27   27   26   25   25
   24   23   23   22   22   22   22   22   22   22   22   22   22   23   24   24
   24   25   26   26   27   28   29   29   30   31   31   32   33   34   34   35
   35   36   37   37   38   38   38   38   39
    85.0-180.0 180.0   5.0 450.0                            LAT/LON1/LON2/DLON/H
   47   47   47   47   47   47   48   48   47   47   47   47   46   46   46   45
   44   43   41   40   39   38   36   34   31   29   28   26   25   24   22   22
   20   20   19   19   18   18   18   18   18   19   19   20   20   20   21   22
   23   24   25   26   27   29   30   31   32   34   35   36   38   39   40   41
   42   43   44   44   45   45   46   47   47
    82.5-180.0 180.0   5.0 450.0                            LAT/LON1/LON2/DLON/H
   53   54   54   55   56   56   57   57   57   57   57   57   56   56   54   53
   52   51   50   48   46   44   41   38   35   34   32   30   29   26   25   22
   21   19   18   17   16   16   16   17   17   17   18   18   20   21   22   24
   25   27   28   29   30   32   33   35   36   38   39   41   42   44   45   46
   47   48   50   50   51   52   52   53   53
    80.0-180.0 180.0   5.0 450.0                            LAT/LON1/LON2/DLON/H
   58   59   60   61   62   63   64   65   65   66   65   65   65   64   63   62
   61   59   57   55   53   50   47   45   43   41   38   36   33   30   28   25
   23   21   19   18   17   17   17   18   18   18   19   20   22   23   24   27
   28   30   32   33   35   36   37   38   40   41   43   44   46   47   49   50
   51   53   54   55   56   57   57   58   58
    77.5-180.0 180.0   5.0 450.0                            LAT/LON1/LON2/DLON/H
   63   63   64   64   66   67   68   69   69   69   69   69   71   71   71   71
   69   67   65   64   60   59   53   52   51   47   44   41   38   34   32   29
   27   25   24   22   21   20   20   21   22   22   23   23   24   25   27   29
   31   33   35   37   38   39   40   41   41   42   43   44   46   48   49   51
   53   54   56   58   59   60   61   62   63
    75.0-180.0 180.0   5.0 450.0                            LAT/LON1/LON2/DLON/H
   65   65   66   65   67   68   69   69   70   71   74   75   76   78   77   75
   74   72   70   67   66   62   58   56   53   50   48   44   43   40   37   34
   31   29   28   27   27   26   26   25   25   26   27   27   27   28   29   30
   32   34   36   37   38   39   39   40   40   40   41   42   43   44   47   49
   51   54   56   59   61   62   64   65   65
    72.5-180.0 180.0   5.0 450.0                            LAT/LON1/LON2/DLON/H
   67   66   66   66   67   68   68   69   72   75   77   80   81   82   81   80
   78   76   72   69   68   63   60   57   55   53   50   47   45   42   39   37
   34   32   30   29   29   29   29   29   29   28   28   29   29   30   30   31
   32   33   34   35   35   36   36   36   36   36   36   36   38   39   42   44
   48   51   55   58   61   64   66   66   67
    70.0-180.0 180.0   5.0 450.0                            LAT/LON1/LON2/DLON/H
   68   68   68   67   67   67   68   71   74   77   81   83   85   86   85   84
   81   77   73   70   67   64   60   57   54   53   50   47   44   41   39   37
   35   33   31   30   30   30   30   30   30   29   29   28   29   29   29   29
   30   31   31   31   31   31   31   31   30   29   29   30   31   33   36   40
   43   49   53   57   62   65   67   68   68
    67.5-180.0 180.0   5.0 450.0                            LAT/LON1/LON2/DLON/H
   72   72   71   71   70   70   71   73   77   80   83   87   89   89   88   86
   82   78   75   70   66   61   59   57   53   51   47   44   41   38   36   34
   33   32   30   30   29   29   28   28   28   27   27   27   27   27   26   26
   26   26   26   26   26   26   25   25   23   23   23   23   24   26   30   35
   41   46   52   57   62   67   70   71   72
    65.0-180.0 180.0   5.0 450.0                            LAT/LON1/LON2/DLON/H
   78   78   78   78   76   77   77   78   80   84   87   90   91   92   91   88
   84   80   75   70   66   61   58   55   51   48   44   38   35   31   30   30
   28   27   27   27   26   26   26   26   26   25   25   24   24   23   22   22
   21   21   21   20   21   20   20   19   18   18   17   18   19   22   26   32
   38   45   52   59   65   70   73   77   78
    62.5-180.0 180.0   5.0 450.0                            LAT/LON1/LON2/DLON/H
   87   88   89   88   87   86   86   85   86   88   91   93   94   95   93   90
   86   82   77   72   67   62   58   53   49   43   40   33   29   26   24   24
   24   23   23   22   22   23   23   23   23   23   23   22   22   20   19   18
   17   17   16   16   16   16   16   16   15   14   14   15   17   20   25   31
   38   46   54   61   69   74   79   83   87
    60.0-180.0 180.0   5.0 450.0                            LAT/LON1/LON2/DLON/H
   96  100  101  100   99   99   97   95   93   93   94   95   96   97   96   93
   89   86   80   76   70   66   60   54   47   41   36   30   26   23   21   21
   21   21   20   20   20   20   21   22   22   22   23   23   22   20   18   16
   15   14   14   14   14   14   15   14   14   14   14   16   18   22   27   33
   40   48   57   64   73   80   86   91   96
    57.5-180.0 180.0   5.0 450.0                            LAT/LON1/LON2/DLON/H
  107  113  115  115  117  114  111  107  102   99   99   99   99  100   99   96
   93   89   85   80   75   70   64   58   50   43   37   32   28   25   23   22
   22   22   21   21   21   21   22   23   24   24   25   26   25   23   21   19
   17   16   15   15   15   16   17   17   18   18   18   20   22   25   30   36
   44   51   60   68   77   85   93  100  107
    55.0-180.0 180.0   5.0 450.0                            LAT/LON1/LON2/DLON/H
  118  126  130  133  134  131  126  121  114  109  106  104  103  102  101  100
   96   92   88   84   79   74   69   62   54   48   41   37   33   30   28   27
   26   25   24   25   24   25   26   27   28   29   30   30   29   27   25   23
   21   20   20   20   20   21   22   23   24   24   25   26   27   30   34   40
   48   56   64   73   82   90  100  109  118
    52.5-180.0 180.0   5.0 450.0                            LAT/LON1/LON2/DLON/H
  129  139  144  149  152  149  143  136  130  121  115  110  108  106  105  103
  100   96   92   88   83   78   73   66   60   54   48   44   41   38   36   34
   33   31   30   31   31   32   33   34   35   36   36   36   35   34   32   30
   29   28   28   28   28   29   30   31   32   32   32   33   33   35   38   45
   52   61   68   77   86   96  107  118  129
    50.0-180.0 180.0   5.0 450.0                            LAT/LON1/LON2/DLON/H
  139  150  157  164  167  166  162  157  148  137  127  120  115  112  110  108
  104  100   95   90   86   81   76   70   65   61   56   53   50   48   45   43
   40   38   38   38   39   40   40   41   42   42   43   42   41   41   40   39
   39   38   38   38   38   38   39   40   40   40   40   40   40   41   44   51
   57   65   73   81   90  101  113  126  139
    47.5-180.0 180.0   5.0 450.0                            LAT/LON1/LON2/DLON/H
  149  160  168  175  179  182  182  176  169  156  143  133  126  121  117  114
  109  104   99   93   89   84   79   74   70   67   64   62   60   56   54   50
   47   45   45   46   46   47   47   47   47   48   48   48   47   47   47   48
   48   50   50   50   49   49   48   48   48   47   46   46   46   48   51   58
   65   70   78   87   96  106  120  134  149
    45.0-180.0 180.0   5.0 450.0                            LAT/LON1/LON2/DLON/H
  157  169  178  184  190  194  197  194  186  175  160  149  141  135  129  123
  116  111  104   98   93   88   83   79   75   72   70   68   67   63   59   55
   51   50   51   52   53   52   52   52   52   52   53   52   53   53   54   57
   58   61   62   61   60   59   57   57   55   53   52   51   53   55   59   66
   72   78   86   94  101  112  127  142  157
    42.5-180.0 180.0   5.0 450.0                            LAT/LON1/LON2/DLON/H
  165  178  187  193  198  203  209  208  203  192  178  166  157  150  143  135
  126  119  111  106  100   94   88   84   79   76   74   72   69   65   60   56
   53   53   55   56   56   56   55   55   55   56   56   57   57   59   61   64
   67   70   71   70   69   67   65   63   60   58   56   56   59   63   68   76
   83   89   96  102  108  119  133  149  165
    40.0-180.0 180.0   5.0 450.0                            LAT/LON1/LON2/DLON/H
  172  186  195  202  206  212  219  221  217  207  194  183  174  166  158  148
  138  130  122  115  108  102   95   89   83   78   75   71   68   64   59   56
   54   55   57   58   59   58   57   57   58   59   61   62   64   66   69   72
   75   77   78   77   75   72   70   67   64   61   59   58   63   70   77   86
   94  101  106  110  115  125  139  155  172
    37.5-180.0 180.0   5.0 450.0                            LAT/LON1/LON2/DLON/H
  180  195  206  211  215  221  227  230  228  220  210  198  190  182  173  162
  151  142  134  127  118  110  102   94   87   80   74   69   65   62   59   57
   56   56   59   60   60   59   59   60   62   65   68   71   73   74   76   79
   81   82   81   79   77   74   72   69   66   62   60   60   66   76   86   95
  104  111  117  120  125  132  145  162  180
    35.0-180.0 180.0   5.0 450.0                            LAT/LON1/LON2/DLON/H
  189  206  219  225  227  231  235  237  236  231  221  211  203  196  186  176
  164  154  145  138  128  118  109   99   90   81   73   66   62   61   59   58
   58   59   61   62   62   63   63   66   70   74   78   83   84   84   83   83
   84   83   81   78   76   73   71   68   65   61   59   61   68   80   93  104
  113  121  127  131  135  141  152  169  189
    32.5-180.0 180.0   5.0 450.0                            LAT/LON1/LON2/DLON/H
  199  220  236  243  244  242  242  242  240  236  230  221  215  209  199  188
  176  165  156  148  136  125  115  104   93   82   73   66   62   61   62   63
   63   64   65   67   68   69   71   76   82   87   92   96   96   93   89   86
   84   81   79   76   73   72   70   67   63   59   58   61   69   83   97  109
  119  128  136  140  143  149  159  177  199
    30.0-180.0 180.0   5.0 450.0                            LAT/LON1/LON2/DLON/H
  210  235  256  264  263  257  252  249  246  243  238  230  225  219  210  198
  186  174  163  154  142  129  118  107   96   85   75   69   67   68   70   71
   72   73   74   75   77   81   84   89   96  102  107  110  106  101   96   89
   83   79   75   72   70   69   68   65   62   57   56   60   70   85  100  112
  123  132  142  147  149  156  168  187  210
    27.5-180.0 180.0   5.0 450.0                            LAT/LON1/LON2/DLON/H
  226  254  279  288  285  276  267  259  255  252  249  242  235  228  218  206
  193  181  169  156  143  131  119  110  101   91   82   78   78   80   83   85
   86   85   85   88   92   97  101  106  111  117  120  120  113  107  102   91
   82   77   72   69   67   66   65   63   58   54   53   58   70   85  100  114
  126  136  145  151  156  164  178  199  226
    25.0-180.0 180.0   5.0 450.0                            LAT/LON1/LON2/DLON/H
  244  277  303  314  310  299  288  277  271  268  265  257  248  238  226  213
  199  185  172  157  142  130  120  114  109  103   96   94   96   99  103  105
  104  102  101  107  114  118  124  127  127  127  128  124  115  107  101   89
   80   74   69   66   63   62   61   59   55   50   49   56   68   85  101  114
  125  137  149  157  165  175  190  214  244
    22.5-180.0 180.0   5.0 450.0                            LAT/LON1/LON2/DLON/H
  262  297  325  340  338  328  314  303  297  293  289  279  267  253  236  220
  204  189  175  159  143  131  123  122  121  121  118  118  122  126  130  127
  126  123  121  129  137  141  146  147  141  134  131  123  113  105   95   85
   76   71   66   62   60   58   57   55   51   47   47   53   67   85  101  114
  124  135  150  163  177  188  205  230  262
    20.0-180.0 180.0   5.0 450.0                            LAT/LON1/LON2/DLON/H
  279  314  344  361  362  356  346  338  333  329  323  312  295  276  253  232
  212  196  181  164  148  136  131  135  139  143  145  147  156  164  160  153
  150  146  145  155  163  166  168  165  150  135  130  118  109  100   90   81
   73   68   64   60   58   56   53   52   48   45   45   52   67   84  101  114
  124  135  151  169  188  203  220  246  279
    17.5-180.0 180.0   5.0 450.0                            LAT/LON1/LON2/DLON/H
  293  328  358  376  381  380  378  377  376  374  367  355  333  307  278  252
  226  208  193  176  159  149  147  154  160  167  173  179  189  199  190  179
  172  167  166  176  183  184  181  172  151  131  123  109  103   96   88   79
   73   68   64   61   58   55   53   51   47   44   45   53   68   86  102  116
  126  137  154  175  199  218  237  261  293
    15.0-180.0 180.0   5.0 450.0                            LAT/LON1/LON2/DLON/H
  305  338  366  387  394  398  404  414  420  421  416  402  377  345  309  278
  250  230  212  195  179  170  169  176  183  191  201  213  220  222  210  199
  187  180  180  188  194  193  185  170  145  121  111  100   97   92   86   80
   74   70   67   64   60   57   54   51   48   45   46   55   70   89  106  120
  131  143  160  182  208  230  250  274  305
    12.5-180.0 180.0   5.0 450.0                            LAT/LON1/LON2/DLON/H
  313  342  370  390  402  411  425  442  458  465  465  449  417  385  345  310
  282  259  238  221  206  198  197  202  208  216  225  233  235  229  217  206
  194  187  186  195  204  204  190  167  138  114  103   92   91   90   86   82
   78   75   72   68   64   59   55   51   48   45   47   57   73   92  111  126
  138  150  167  190  216  241  261  284  313
    10.0-180.0 180.0   5.0 450.0                            LAT/LON1/LON2/DLON/H
  321  343  366  389  404  417  435  458  480  495  499  485  460  424  386  348
  318  294  271  255  240  232  227  231  235  239  241  240  235  224  212  204
  196  192  194  205  215  214  197  166  133  109   98   89   90   89   87   85
   83   81   77   73   67   61   56   51   48   46   48   58   75   97  116  132
  144  157  174  196  222  248  272  296  321
     7.5-180.0 180.0   5.0 450.0                            LAT/LON1/LON2/DLON/H
  329  347  364  383  399  416  437  462  488  509  516  506  484  455  419  382
  354  332  310  298  281  268  261  261  259  257  252  243  229  216  207  204
  203  202  207  217  224  221  202  168  134  107   97   88   91   92   91   90
   88   86   82   77   70   64   57   51   48   46   50   61   80  102  123  138
  150  162  178  198  223  251  280  306  329
     5.0-180.0 180.0   5.0 450.0                            LAT/LON1/LON2/DLON/H
  333  351  365  379  394  413  435  459  483  504  515  507  488  464  436  408
  385  367  350  337  320  305  294  289  280  269  258  242  223  211  209  211
  216  215  219  225  229  223  203  172  136  107   98   91   96   96   96   95
   92   89   85   80   73   65   58   51   48   48   53   65   85  108  128  143
  155  166  179  196  220  250  281  311  333
     2.5-180.0 180.0   5.0 450.0                            LAT/LON1/LON2/DLON/H
  333  354  370  382  396  415  435  453  471  489  498  492  477  458  439  422
  406  393  380  368  354  337  325  314  299  280  261  238  220  212  217  223
  228  224  224  224  226  220  202  174  142  114  106   98  101   99   98   99
   95   90   86   81   74   66   59   52   49   49   55   68   89  112  133  147
  158  167  178  194  216  244  278  307  333
