data/IONEX/CVBB2820.21i
     1.0            IONOSPHERE MAPS     MIX                 IONEX VERSION / TYPE
cmpcmb v1.2          GRL/UWM            27-oct-21 23:46     PGM / RUN BY / DATE 
ionex file containing IGS COMBINED Ionosphere maps          COMMENT             
global ionosphere maps for day 282, 2021                    DESCRIPTION         
IONEX file containing the COMBINED IGS TEC MAPS and DCBs    DESCRIPTION         
      IONEX files of the following IAACs were combined: cod DESCRIPTION         
                                                        esa DESCRIPTION         
                                                        jpl DESCRIPTION         
                                                        upc DESCRIPTION         
Contact address: Andrzej Krankowski                         DESCRIPTION
                 Geodynamics Research Laboratory            DESCRIPTION
                 University of Warmia and Mazury (GRL/UWM)  DESCRIPTION
                 Oczapowski St. 1                           DESCRIPTION
                 10-957-Olsztyn, POLAND                     DESCRIPTION
                 e-mail:  kand@uwm.edu.pl                   DESCRIPTION
                                                            DESCRIPTION         
  2021    10     9     0     0     0                        EPOCH OF FIRST MAP  
  2021    10    10     0     0     0                        EPOCH OF LAST MAP   
  7200                                                      INTERVAL            
    13                                                      # OF MAPS IN FILE   
  COSZ                                                      MAPPING FUNCTION    
     0.0                                                    ELEVATION CUTOFF    
combined TEC calculated as weighted mean of input TEC valuesOBSERVABLES USED    
   353                                                      # OF STATIONS       
    32                                                      # OF SATELLITES     
  6371.0                                                    BASE RADIUS         
     2                                                      MAP DIMENSION       
   450.0 450.0   0.0                                        HGT1 / HGT2 / DHGT  
    87.5 -87.5  -2.5                                        LAT1 / LAT2 / DLAT  
  -180.0 180.0   5.0                                        LON1 / LON2 / DLON  
    -1                                                      EXPONENT            
TEC values in 0.1 tec units;  9999, if no value available   COMMENT             
DCB values in nanoseconds, reference is Sum_of_SatDCBs = 0  COMMENT             
                                                            END OF HEADER       
     1                                                      START OF TEC MAP    
  2021    10     9     0     0     0                        EPOCH OF CURRENT MAP
    87.5-180.0 180.0   5.0 450.0                            LAT/LON1/LON2/DLON/H
   78   79   80   80   81   82   82   82   82   83   82   82   82   82   82   82
   81   80   79   79   78   77   75   75   73   72   71   70   69   68   67   66
   65   64   63   62   62   61   61   61   60   60   60   60   60   60   60   60
   60   59   60   60   61   61   62   62   63   64   64   66   67   67   68   69
   71   71   73   74   74   75   76   78   78
    85.0-180.0 180.0   5.0 450.0                            LAT/LON1/LON2/DLON/H
   83   84   86   87   88   89   90   91   91   91   92   91   91   91   90   89
   88   86   85   83   82   80   79   76   73   71   69   68   66   65   63   61
   59   58   57   55   55   54   53   53   52   52   52   51   51   51   51   51
   52   52   52   53   52   53   54   55   56   57   58   60   62   63   65   67
   69   70   72   74   77   78   80   82   83
    82.5-180.0 180.0   5.0 450.0                            LAT/LON1/LON2/DLON/H
   84   87   88   90   92   93   95   96   97   98   98   98   98   97   96   95
   93   91   89   87   84   81   78   73   71   68   65   63   61   59   57   54
   52   51   50   49   48   47   47   46   46   46   45   44   44   43   43   44
   44   44   44   45   45   46   48   49   50   51   53   54   56   59   61   63
   65   67   70   74   76   79   81   83   84
    80.0-180.0 180.0   5.0 450.0                            LAT/LON1/LON2/DLON/H
   84   86   88   90   91   93   94   96   97   99   99  100  100  100   99   98
   96   94   91   87   83   79   75   71   67   63   59   56   54   51   49   47
   46   45   43   42   42   41   40   40   40   39   39   39   38   38   38   38
   38   38   39   39   40   41   42   43   45   47   48   50   52   55   57   59
   62   65   68   72   75   78   80   82   84
    77.5-180.0 180.0   5.0 450.0                            LAT/LON1/LON2/DLON/H
   83   85   87   89   90   92   93   94   95   96   98   98   98   97   95   93
   91   88   84   80   75   71   68   63   61   55   51   49   47   44   42   41
   39   38   38   37   37   36   36   36   36   36   36   35   35   34   34   34
   34   34   35   35   36   37   38   39   41   43   45   47   49   52   55   58
   61   64   68   71   74   77   79   81   83
    75.0-180.0 180.0   5.0 450.0                            LAT/LON1/LON2/DLON/H
   85   87   88   89   90   91   92   92   93   94   95   95   94   94   93   90
   86   82   76   70   66   64   59   55   52   49   46   42   41   40   38   37
   35   35   34   34   34   34   34   34   34   34   34   33   32   31   31   30
   29   30   30   31   32   33   34   36   37   39   42   44   47   50   54   57
   60   64   68   72   76   78   81   83   85
    72.5-180.0 180.0   5.0 450.0                            LAT/LON1/LON2/DLON/H
   90   92   92   92   92   92   92   92   93   92   93   92   92   91   88   84
   78   73   67   61   57   54   50   46   44   42   40   38   36   35   36   33
   33   32   31   31   31   31   32   32   32   32   32   31   29   28   26   25
   24   25   25   26   27   29   30   32   34   36   39   42   46   49   52   56
   60   65   69   75   78   82   85   88   90
    70.0-180.0 180.0   5.0 450.0                            LAT/LON1/LON2/DLON/H
   98   99   99   98   97   95   95   94   94   93   93   92   91   89   83   79
   73   66   60   55   51   46   43   40   39   38   37   35   33   32   31   30
   28   29   28   28   28   29   28   29   29   28   28   27   25   23   22   21
   20   20   21   22   24   26   27   29   32   35   38   42   45   48   53   57
   62   66   72   78   83   88   92   96   98
    67.5-180.0 180.0   5.0 450.0                            LAT/LON1/LON2/DLON/H
  107  108  107  105  103  100   98   96   96   95   95   94   92   87   83   77
   70   62   56   50   47   43   39   38   37   36   35   34   32   30   28   27
   26   25   24   24   25   26   25   25   25   25   24   23   22   20   19   18
   17   18   19   20   22   24   26   29   32   35   38   43   47   51   56   60
   65   70   75   82   88   94  100  104  107
    65.0-180.0 180.0   5.0 450.0                            LAT/LON1/LON2/DLON/H
  115  117  116  113  109  105  102  100   98   98   97   96   94   90   85   79
   70   63   56   51   48   43   40   39   38   36   35   34   31   29   26   25
   23   22   21   21   22   23   23   22   23   22   22   22   21   20   19   18
   17   18   19   20   22   24   27   30   34   38   42   47   51   56   60   65
   69   74   80   86   93  100  107  112  115
    62.5-180.0 180.0   5.0 450.0                            LAT/LON1/LON2/DLON/H
  122  124  124  120  115  110  106  102  101  100   99   98   97   94   90   84
   77   69   62   58   53   48   45   44   41   40   38   36   32   29   26   24
   22   20   19   19   20   21   21   22   22   23   24   24   24   24   23   22
   20   19   20   22   24   26   30   33   38   43   48   53   58   63   67   72
   75   79   83   89   96  104  111  118  122
    60.0-180.0 180.0   5.0 450.0                            LAT/LON1/LON2/DLON/H
  127  129  129  126  121  115  109  105  103  102  101  101  100   98   96   91
   85   78   73   68   62   57   53   51   48   45   42   39   35   31   27   25
   23   21   20   19   20   22   23   24   25   27   29   30   31   31   30   28
   26   25   25   25   27   30   34   38   43   49   55   61   66   71   75   79
   82   84   88   93   99  107  115  122  127
    57.5-180.0 180.0   5.0 450.0                            LAT/LON1/LON2/DLON/H
  129  132  132  129  125  119  113  108  105  104  102  102  102  101   99   96
   91   87   83   78   73   68   63   59   55   51   47   43   39   36   32   28
   26   24   24   23   24   26   28   30   32   34   37   39   40   40   39   37
   35   32   31   32   33   35   39   45   50   57   63   69   75   79   83   86
   88   90   92   96  101  108  117  124  129
    55.0-180.0 180.0   5.0 450.0                            LAT/LON1/LON2/DLON/H
  131  134  135  134  130  124  118  113  109  106  104  103  103  102  101   99
   95   93   90   87   82   77   71   66   61   56   52   47   44   41   38   33
   31   30   30   31   32   34   36   38   40   44   47   49   50   50   49   46
   43   40   39   39   39   41   45   51   57   64   71   77   83   87   90   91
   93   94   97   99  104  110  118  125  131
    52.5-180.0 180.0   5.0 450.0                            LAT/LON1/LON2/DLON/H
  133  138  140  138  136  131  125  119  114  110  106  104  103  102  101  100
   98   95   94   91   88   83   77   71   65   61   57   53   50   46   44   40
   37   37   38   39   41   43   45   47   50   53   57   58   60   59   57   55
   52   49   47   47   47   48   51   56   63   71   78   85   90   92   94   95
   97   99  101  103  107  112  119  127  133
    50.0-180.0 180.0   5.0 450.0                            LAT/LON1/LON2/DLON/H
  138  144  146  146  144  140  134  127  122  116  111  107  104  102  101  100
   98   97   95   93   90   86   81   75   70   66   62   60   56   52   50   47
   44   44   46   48   49   52   54   57   59   62   65   67   68   67   65   63
   60   59   56   55   54   55   58   62   69   77   84   91   94   96   97   98
  100  103  106  108  112  118  124  131  138
    47.5-180.0 180.0   5.0 450.0                            LAT/LON1/LON2/DLON/H
  144  150  154  155  154  152  147  140  132  125  118  111  108  105  103  102
  100   97   96   93   92   89   85   80   75   72   70   67   63   59   55   53
   50   51   51   54   56   59   61   63   66   68   71   72   73   72   71   70
   68   66   65   63   62   61   64   68   75   83   90   96   98   98   99  101
  103  107  111  115  120  125  131  138  144
    45.0-180.0 180.0   5.0 450.0                            LAT/LON1/LON2/DLON/H
  152  157  161  164  165  163  159  153  144  135  127  119  114  111  109  107
  103   99   96   95   93   91   89   85   82   79   77   73   69   63   58   56
   53   53   54   58   60   63   66   68   70   72   74   76   76   76   76   75
   74   74   73   72   69   69   70   76   83   91   97  101  102  101  102  104
  106  111  116  122  128  134  140  146  152
    42.5-180.0 180.0   5.0 450.0                            LAT/LON1/LON2/DLON/H
  160  164  168  172  175  174  170  164  155  146  136  128  124  121  119  115
  110  104   99   97   96   96   94   91   88   86   83   76   71   65   59   55
   53   53   55   59   62   66   68   70   72   75   77   78   79   79   79   79
   80   81   80   79   77   77   78   84   91   99  104  107  108  108  108  109
  111  116  122  128  135  142  149  154  160
    40.0-180.0 180.0   5.0 450.0                            LAT/LON1/LON2/DLON/H
  167  172  175  179  182  182  179  173  165  155  145  138  135  134  131  126
  121  113  105  102  101  101  100   98   95   91   86   79   71   64   58   54
   52   53   56   60   63   66   69   72   74   77   79   80   81   81   82   83
   85   86   85   84   82   81   84   90   98  106  111  114  115  115  115  116
  118  122  127  133  140  148  156  162  167
    37.5-180.0 180.0   5.0 450.0                            LAT/LON1/LON2/DLON/H
  175  180  181  183  186  186  184  179  172  162  155  149  147  147  144  139
  131  123  114  110  108  107  106  103   99   94   87   79   70   63   57   53
   53   55   58   61   64   69   72   75   77   80   81   82   83   84   85   86
   87   87   87   84   83   83   86   94  104  112  119  122  123  124  125  125
  127  129  133  138  145  154  162  170  175
    35.0-180.0 180.0   5.0 450.0                            LAT/LON1/LON2/DLON/H
  186  191  190  189  188  188  187  182  177  170  164  160  159  159  157  152
  143  132  124  117  115  112  110  105   99   93   85   76   69   62   57   55
   56   59   62   66   69   73   76   79   82   85   85   85   86   87   87   87
   86   85   83   80   78   80   86   97  107  117  124  129  132  134  135  137
  137  138  141  145  153  160  168  178  186
    32.5-180.0 180.0   5.0 450.0                            LAT/LON1/LON2/DLON/H
  200  207  207  201  195  192  191  187  182  178  173  171  170  171  169  164
  154  142  131  124  119  115  110  103   95   88   80   71   66   62   60   61
   64   68   71   75   78   82   83   86   89   90   90   89   89   88   87   85
   82   79   76   72   71   75   84   97  109  120  127  133  138  142  145  147
  148  149  150  154  160  167  176  188  200
    30.0-180.0 180.0   5.0 450.0                            LAT/LON1/LON2/DLON/H
  220  230  231  225  213  205  200  198  193  188  184  183  181  180  177  171
  162  149  137  128  120  113  106   97   88   80   74   68   66   66   68   72
   77   82   86   91   91   94   93   95   96   95   93   92   91   88   85   80
   76   71   66   63   63   69   81   96  110  121  128  134  141  148  153  157
  159  159  161  164  170  179  190  205  220
    27.5-180.0 180.0   5.0 450.0                            LAT/LON1/LON2/DLON/H
  250  264  267  259  245  232  225  219  214  208  203  198  194  189  184  175
  165  153  140  128  119  110  100   90   80   73   70   68   72   77   83   87
   95  101  108  108  107  106  103  102  102   99   96   93   90   87   81   74
   67   61   56   53   55   63   77   93  108  119  127  134  143  151  159  165
  170  171  174  178  185  196  210  229  250
    25.0-180.0 180.0   5.0 450.0                            LAT/LON1/LON2/DLON/H
  288  306  315  306  290  275  265  255  248  241  232  221  212  201  189  176
  165  153  139  127  116  105   95   84   76   72   72   76   86   94  101  108
  117  123  127  124  121  116  111  109  106  101   96   91   87   83   75   67
   60   52   47   44   47   57   72   89  105  117  124  133  142  152  162  172
  179  183  190  196  206  219  236  262  288
    22.5-180.0 180.0   5.0 450.0                            LAT/LON1/LON2/DLON/H
  331  357  367  364  347  330  320  307  296  287  273  253  237  218  198  181
  165  150  136  122  111  101   91   82   78   79   84   92  105  113  121  127
  134  138  140  134  129  120  114  111  107   99   93   88   83   78   69   61
   53   46   40   37   41   52   68   87  104  115  123  131  141  151  163  174
  186  196  207  218  231  247  266  296  331
    20.0-180.0 180.0   5.0 450.0                            LAT/LON1/LON2/DLON/H
  367  402  420  425  413  399  384  374  358  341  320  297  269  241  213  190
  168  150  133  118  106   97   91   87   88   95  103  114  124  132  136  140
  142  143  142  133  127  116  110  107  103   95   88   84   79   73   64   56
   49   42   37   35   39   50   67   87  104  115  122  130  140  151  163  177
  192  209  225  242  262  277  297  328  367
    17.5-180.0 180.0   5.0 450.0                            LAT/LON1/LON2/DLON/H
  391  431  460  475  473  466  458  447  426  405  378  347  308  271  236  206
  179  156  136  117  105   98   96   98  104  115  125  136  145  146  144  143
  140  138  133  124  117  106  101   99   97   92   86   81   75   69   61   54
   48   43   39   38   41   53   70   90  107  118  125  133  142  153  165  181
  199  221  243  265  287  304  323  354  391
    15.0-180.0 180.0   5.0 450.0                            LAT/LON1/LON2/DLON/H
  399  439  475  499  509  518  519  509  488  464  437  403  357  312  268  234
  199  172  145  123  109  105  106  113  124  135  145  156  161  154  144  138
  131  128  120  111  104   97   94   96   96   92   85   79   73   67   61   55
   51   48   46   45   47   57   75   96  113  124  131  139  148  158  171  188
  209  234  260  286  307  322  339  364  399
    12.5-180.0 180.0   5.0 450.0                            LAT/LON1/LON2/DLON/H
  390  427  462  493  512  534  547  544  529  508  486  455  409  362  311  269
  231  197  164  137  121  117  120  130  143  154  161  167  165  153  139  129
  124  119  113  105   99   94   94   98   99   95   86   79   73   67   62   58
   55   54   53   52   53   63   81  102  120  132  140  147  156  166  180  198
  222  250  277  304  322  333  344  363  390
    10.0-180.0 180.0   5.0 450.0                            LAT/LON1/LON2/DLON/H
  372  400  434  464  488  517  538  547  540  526  516  494  456  410  358  310
  270  231  191  161  143  138  140  148  159  166  168  166  158  145  133  125
  121  118  113  107  103  101  103  105  106  101   91   82   75   70   66   62
   59   59   57   56   57   67   85  108  126  140  147  156  165  176  191  210
  235  265  293  318  332  338  343  353  372
     7.5-180.0 180.0   5.0 450.0                            LAT/LON1/LON2/DLON/H
  354  372  397  424  447  476  507  528  526  522  521  513  489  448  400  353
  311  269  226  194  173  164  165  167  172  171  166  157  145  136  129  126
  123  121  120  121  120  120  118  116  115  109   97   86   78   74   71   66
   63   61   59   57   57   67   87  110  131  146  155  164  174  185  201  221
  247  277  304  327  339  341  340  343  354
     5.0-180.0 180.0   5.0 450.0                            LAT/LON1/LON2/DLON/H
  340  351  366  386  408  435  466  490  495  500  507  509  498  471  431  387
  348  307  265  231  207  194  190  186  181  172  160  148  137  132  129  130
  131  134  140  148  148  146  137  131  127  117  105   91   83   80   74   67
   63   61   58   54   54   66   86  113  135  149  159  168  178  192  209  232
  257  285  310  331  343  344  340  338  340
     2.5-180.0 180.0   5.0 450.0                            LAT/LON1/LON2/DLON/H
  339  344  350  360  377  402  430  451  459  467  477  488  488  474  445  411
  376  340  300  268  241  224  213  201  187  173  158  146  138  137  139  143
  147  157  171  181  182  177  159  146  137  122  108   94   88   83   76   68
   62   58   54   49   49   61   85  112  135  150  160  169  180  195  215  239
  264  289  311  330  344  349  346  341  339
