data/IONEX/CVBB2940.21i
     1.0            IONOSPHERE MAPS     MIX                 IONEX VERSION / TYPE
cmpcmb v1.2          GRL/UWM             6-nov-21 02:20     PGM / RUN BY / DATE 
ionex file containing IGS COMBINED Ionosphere maps          COMMENT             
global ionosphere maps for day 294, 2021                    DESCRIPTION         
IONEX file containing the COMBINED IGS TEC MAPS and DCBs    DESCRIPTION         
      IONEX files of the following IAACs were combined: cod DESCRIPTION         
                                                        esa DESCRIPTION         
                                                        jpl DESCRIPTION         
                                                        upc DESCRIPTION         
Contact address: Andrzej Krankowski                         DESCRIPTION
                 Geodynamics Research Laboratory            DESCRIPTION
                 University of Warmia and Mazury (GRL/UWM)  DESCRIPTION
                 Oczapowski St. 1                           DESCRIPTION
                 10-957-Olsztyn, POLAND                     DESCRIPTION
                 e-mail:  kand@uwm.edu.pl                   DESCRIPTION
                                                            DESCRIPTION         
  2021    10    21     0     0     0                        EPOCH OF FIRST MAP  
  2021    10    22     0     0     0                        EPOCH OF LAST MAP   
  7200                                                      INTERVAL            
    13                                                      # OF MAPS IN FILE   
  COSZ                                                      MAPPING FUNCTION    
     0.0                                                    ELEVATION CUTOFF    
combined TEC calculated as weighted mean of input TEC valuesOBSERVABLES USED    
   357                                                      # OF STATIONS       
    32                                                      # OF SATELLITES     
  6371.0                                                    BASE RADIUS         
     2                                                      MAP DIMENSION       
   450.0 450.0   0.0                                        HGT1 / HGT2 / DHGT  
    87.5 -87.5  -2.5                                        LAT1 / LAT2 / DLAT  
  -180.0 180.0   5.0                                        LON1 / LON2 / DLON  
    -1                                                      EXPONENT            
TEC values in 0.1 tec units;  9999, if no value available   COMMENT             
DCB values in nanoseconds, reference is Sum_of_SatDCBs = 0  COMMENT             
                                                            END OF HEADER       
[from data line 4719]
    12                                                      START OF TEC MAP    
  2021    10    21    22     0     0                        EPOCH OF CURRENT MAP
    87.5-180.0 180.0   5.0 450.0                            LAT/LON1/LON2/DLON/H
   61   61   62   64   64   65   66   66   67   67   67   67   67   67   67   67
   66   65   64   64   62   61   59   58   57   56   55   53   52   51   50   49
   48   47   46   45   45   44   44   43   43   42   42   42   42   42   42   42
   42   43   42   42   43   43   44   45   45   46   47   48   49   49   50   51
   53   53   55   56   57   58   59   60   61
    85.0-180.0 180.0   5.0 450.0                            LAT/LON1/LON2/DLON/H
   66   67   70   72   74   75   77   78   80   80   81   81   81   81   81   80
   79   78   76   73   71   69   66   64   61   58   56   53   51   49   47   45
   43   41   40   39   37   36   36   36   35   36   35   36   36   36   36   36
   36   36   37   37   37   38   39   40   41   42   42   44   45   46   48   49
   51   52   54   56   57   59   61   63   66
    82.5-180.0 180.0   5.0 450.0                            LAT/LON1/LON2/DLON/H
   68   70   73   76   79   81   84   85   87   89   91   91   91   91   90   89
   87   85   84   81   78   74   71   67   63   59   55   52   49   46   44   42
   40   36   35   32   31   30   29   29   29   29   30   30   31   31   32   33
   33   34   35   34   35   35   35   36   37   38   39   40   41   43   44   46
   48   50   52   54   57   60   62   65   68
    80.0-180.0 180.0   5.0 450.0                            LAT/LON1/LON2/DLON/H
   67   71   74   78   81   84   88   90   92   95   96   97   97   97   95   94
   91   88   86   83   80   75   72   65   61   56   52   48   45   43   40   37
   36   34   31   30   29   28   27   27   26   28   28   29   29   30   30   32
   32   33   33   34   35   35   35   35   35   35   36   37   38   40   41   43
   45   47   50   52   55   58   61   64   67
    77.5-180.0 180.0   5.0 450.0                            LAT/LON1/LON2/DLON/H
   68   72   75   79   82   85   89   92   94   96   98   99   99   99   97   95
   93   89   85   80   75   73   65   61   56   51   48   45   41   38   35   32
   30   30   30   30   29   29   29   28   28   28   28   29   30   31   31   32
   33   34   35   35   36   36   36   35   35   34   34   34   35   36   38   40
   42   44   47   50   53   57   61   64   68
    75.0-180.0 180.0   5.0 450.0                            LAT/LON1/LON2/DLON/H
   69   73   77   80   83   85   88   92   95   96   97   98   98   98   97   95
   90   86   82   77   74   67   61   57   53   49   45   40   38   35   33   32
   30   30   30   31   32   32   32   31   31   30   31   31   32   32   33   34
   34   34   35   36   36   37   36   35   34   32   31   31   32   32   34   36
   39   42   46   49   53   57   62   65   69
    72.5-180.0 180.0   5.0 450.0                            LAT/LON1/LON2/DLON/H
   72   76   79   83   85   89   92   92   93   96   97   98   98   97   95   90
   86   82   76   72   69   62   57   52   49   44   40   39   36   33   31   31
   32   32   33   34   35   35   35   34   33   32   32   31   32   33   33   34
   34   34   34   35   37   37   36   33   30   29   28   27   28   29   31   33
   37   41   45   50   55   59   64   68   72
    70.0-180.0 180.0   5.0 450.0                            LAT/LON1/LON2/DLON/H
   76   80   83   86   90   92   93   93   96   97   98   98   97   95   92   87
   81   76   72   68   63   57   52   49   46   40   37   34   33   32   32   32
   33   34   34   36   37   37   36   35   34   32   31   30   30   30   30   31
   31   32   32   33   33   33   31   29   26   24   23   23   24   25   28   31
   36   41   46   51   57   63   68   72   76
    67.5-180.0 180.0   5.0 450.0                            LAT/LON1/LON2/DLON/H
   81   85   88   92   94   95   96   97   98  100  100   99   98   95   92   86
   79   75   71   65   60   54   51   47   44   39   35   32   32   31   32   33
   35   36   36   35   37   36   35   33   31   29   28   27   26   27   26   26
   26   28   28   28   28   26   26   23   21   19   19   19   20   23   26   31
   37   42   48   54   61   67   72   78   81
    65.0-180.0 180.0   5.0 450.0                            LAT/LON1/LON2/DLON/H
   89   93   95   98   99  100  100  101  102  102  102  102   99   97   93   88
   83   78   71   65   61   57   52   48   44   39   35   33   31   31   33   34
   35   36   36   34   33   32   31   29   27   25   24   23   22   23   23   23
   23   24   24   24   23   22   21   18   17   16   16   16   18   21   26   31
   37   44   51   58   65   72   78   84   89
    62.5-180.0 180.0   5.0 450.0                            LAT/LON1/LON2/DLON/H
   97  101  104  105  105  105  105  105  105  105  105  104  103  101   97   93
   87   81   76   70   66   62   57   51   47   42   36   34   33   33   34   34
   35   35   33   31   29   28   26   25   23   22   22   21   21   21   21   22
   21   21   21   21   20   19   18   16   15   14   14   16   18   22   27   34
   40   48   55   63   70   78   85   91   97
    60.0-180.0 180.0   5.0 450.0                            LAT/LON1/LON2/DLON/H
  104  109  112  113  112  111  109  109  107  107  108  108  108  106  103   98
   94   88   84   78   73   69   63   58   53   47   42   39   37   37   36   36
   36   34   31   28   26   24   23   22   22   22   22   23   23   23   23   23
   22   22   21   20   19   19   18   16   15   15   16   17   21   25   31   38
   45   52   60   67   75   83   91   98  104
    57.5-180.0 180.0   5.0 450.0                            LAT/LON1/LON2/DLON/H
  112  117  120  121  121  118  115  113  111  110  110  112  112  111  109  105
  101   96   91   85   80   77   70   65   60   54   49   45   44   42   40   38
   37   34   30   27   25   24   24   24   25   26   27   28   28   28   27   26
   26   25   24   23   22   22   21   20   20   19   20   22   26   31   37   43
   50   56   64   71   80   88   96  104  112
    55.0-180.0 180.0   5.0 450.0                            LAT/LON1/LON2/DLON/H
  119  126  130  132  130  126  122  119  116  114  114  115  116  116  115  112
  107  102   97   91   86   82   76   71   65   60   56   53   51   49   45   42
   39   35   31   28   28   28   28   30   32   33   35   35   35   35   34   33
   32   32   30   29   28   27   27   27   26   26   27   29   33   37   43   49
   56   63   69   77   84   92  102  110  119
    52.5-180.0 180.0   5.0 450.0                            LAT/LON1/LON2/DLON/H
  127  134  140  142  143  139  133  130  125  121  118  118  119  119  119  117
  113  108  101   95   89   85   80   75   69   66   62   60   58   55   50   47
   43   38   36   34   34   35   36   38   40   42   43   43   44   43   42   41
   40   39   38   37   37   36   36   36   35   35   36   37   40   44   49   55
   61   68   74   81   89   97  107  117  127
    50.0-180.0 180.0   5.0 450.0                            LAT/LON1/LON2/DLON/H
  135  143  150  154  155  153  149  144  139  132  126  123  122  123  123  122
  118  113  105   99   92   87   82   78   74   71   68   66   64   60   57   54
   49   45   43   42   43   44   45   47   49   50   52   52   52   53   51   50
   49   49   48   47   47   47   46   45   45   45   45   46   48   51   55   61
   67   73   80   86   94  103  113  124  135
    47.5-180.0 180.0   5.0 450.0                            LAT/LON1/LON2/DLON/H
  143  152  160  166  168  168  166  161  155  146  138  132  129  127  127  126
  123  118  111  104   96   90   85   81   78   77   74   72   71   66   63   59
   55   53   52   52   53   54   54   55   56   57   59   60   60   60   59   58
   58   59   59   58   58   58   56   55   54   53   53   54   55   58   62   68
   73   79   86   93   99  109  120  131  143
    45.0-180.0 180.0   5.0 450.0                            LAT/LON1/LON2/DLON/H
  150  160  168  175  178  180  181  178  171  162  151  143  137  134  133  132
  129  125  118  111  103   97   91   87   85   82   80   78   76   71   66   64
   60   60   61   61   62   63   62   62   62   63   64   65   66   66   66   67
   67   68   69   69   68   67   65   63   61   60   59   60   61   65   68   74
   80   85   92   99  106  115  126  138  150
    42.5-180.0 180.0   5.0 450.0                            LAT/LON1/LON2/DLON/H
  155  166  175  181  185  187  190  190  185  177  165  155  147  142  141  140
  137  134  128  121  113  107  101   96   92   88   85   80   77   72   68   66
   65   66   68   69   70   69   68   66   66   67   68   69   71   72   73   74
   75   76   76   77   76   74   72   70   67   64   63   64   66   70   75   81
   87   93  100  106  113  122  132  143  155
    40.0-180.0 180.0   5.0 450.0                            LAT/LON1/LON2/DLON/H
  160  170  178  183  185  188  192  196  195  188  178  167  158  153  149  148
  146  144  139  133  127  119  113  107  101   94   87   80   76   72   69   68
   68   71   73   75   75   73   71   70   70   70   72   74   76   78   80   80
   81   82   82   82   81   79   77   73   71   68   66   66   70   75   80   88
   94  101  108  113  119  127  137  148  160
    37.5-180.0 180.0   5.0 450.0                            LAT/LON1/LON2/DLON/H
  164  173  180  181  181  183  187  194  198  195  188  178  169  163  160  158
  156  154  151  147  140  133  125  118  110   99   89   79   74   71   70   70
   72   74   77   78   78   77   75   73   74   75   77   80   82   84   85   85
   85   85   84   83   82   80   78   76   72   69   68   68   73   80   88   95
  102  109  115  120  126  132  141  153  164
    35.0-180.0 180.0   5.0 450.0                            LAT/LON1/LON2/DLON/H
  168  178  183  181  176  174  177  185  193  197  194  188  180  174  170  169
  166  164  160  157  151  144  135  127  116  102   89   79   73   72   72   73
   74   77   80   81   81   80   79   79   80   82   84   86   87   87   87   87
   87   85   83   82   81   80   78   75   73   70   69   70   75   84   94  103
  110  117  122  128  133  139  147  157  168
    32.5-180.0 180.0   5.0 450.0                            LAT/LON1/LON2/DLON/H
  176  186  191  186  176  168  167  175  185  193  196  195  190  186  182  178
  174  170  167  163  158  150  141  133  119  104   90   81   76   76   77   78
   79   82   84   84   84   84   85   85   88   91   93   94   92   89   88   87
   86   83   81   79   78   78   77   75   73   70   69   70   78   89  100  109
  117  124  130  135  140  146  154  164  176
    30.0-180.0 180.0   5.0 450.0                            LAT/LON1/LON2/DLON/H
  190  202  207  201  185  171  167  171  180  190  198  201  200  198  193  188
  181  175  169  164  158  151  140  133  120  106   93   85   83   84   86   87
   88   90   91   90   90   90   91   93   97  100  101  100   95   91   88   86
   84   81   78   76   75   75   75   74   72   69   68   71   80   92  105  115
  124  131  138  143  147  154  163  176  190
    27.5-180.0 180.0   5.0 450.0                            LAT/LON1/LON2/DLON/H
  213  228  236  227  209  191  181  179  185  195  204  209  211  210  205  196
  188  178  169  162  154  147  137  130  121  110   99   94   94   98  100  102
  102  102  101  100   99   98   99  102  106  109  109  105   98   92   89   85
   82   79   75   72   71   71   71   71   69   67   66   71   81   95  110  121
  130  137  146  152  158  166  178  194  213
    25.0-180.0 180.0   5.0 450.0                            LAT/LON1/LON2/DLON/H
  245  265  275  268  250  230  217  208  208  213  221  225  225  224  217  206
  193  181  169  158  149  142  134  129  124  116  109  107  110  115  119  121
  120  118  116  114  111  109  109  110  112  114  112  107   97   91   87   83
   79   76   72   69   67   67   68   67   65   63   63   69   81   98  114  126
  135  144  154  163  172  183  198  221  245
    22.5-180.0 180.0   5.0 450.0                            LAT/LON1/LON2/DLON/H
  281  306  319  321  307  288  276  260  251  249  251  251  248  242  232  217
  200  185  172  158  148  140  135  134  132  129  125  124  130  137  143  143
  142  139  135  133  128  122  119  117  116  115  113  103   94   89   84   80
   76   73   69   65   62   63   63   62   60   58   59   67   81   99  117  129
  138  148  161  174  190  204  222  251  281
    20.0-180.0 180.0   5.0 450.0                            LAT/LON1/LON2/DLON/H
  315  347  366  376  374  368  351  336  316  304  295  289  280  268  251  233
  212  195  181  166  153  145  143  146  146  146  144  144  153  163  169  168
  166  161  157  157  149  136  128  122  118  114  112   99   92   87   82   79
   75   71   67   62   58   57   58   57   55   53   55   64   80   99  118  131
  141  152  168  187  208  227  250  281  315
    17.5-180.0 180.0   5.0 450.0                            LAT/LON1/LON2/DLON/H
  340  375  404  421  433  443  440  426  396  371  351  336  320  302  278  255
  230  213  198  181  166  158  157  162  165  165  164  166  176  186  194  191
  186  181  178  180  168  151  137  126  119  113  110   96   91   86   83   79
   76   71   66   60   56   54   54   52   50   49   52   62   80  101  120  133
  144  157  176  200  225  249  276  306  340
    15.0-180.0 180.0   5.0 450.0                            LAT/LON1/LON2/DLON/H
  349  382  417  443  471  499  516  510  477  440  411  388  366  342  313  285
  258  239  222  204  186  178  178  182  185  185  186  190  194  202  206  205
  202  194  194  194  181  162  144  130  119  108  107   96   92   89   86   84
   81   74   67   61   55   52   50   49   47   46   50   61   80  103  122  137
  148  161  183  211  239  265  291  319  349
    12.5-180.0 180.0   5.0 450.0                            LAT/LON1/LON2/DLON/H
  342  370  401  436  476  522  555  564  537  499  465  438  409  385  352  322
  294  273  254  234  214  204  201  203  206  206  204  205  204  206  207  205
  205  202  205  205  195  176  152  132  119  109  108   99   97   94   92   90
   86   78   70   62   56   51   48   47   45   45   49   61   81  105  126  141
  151  165  188  218  248  274  297  321  342
    10.0-180.0 180.0   5.0 450.0                            LAT/LON1/LON2/DLON/H
  331  345  371  408  452  509  556  575  560  528  499  473  448  421  394  362
  334  313  292  272  249  233  225  226  226  224  219  214  207  201  200  196
  200  204  211  215  207  189  161  135  119  110  109  104  104  101   98   94
   89   80   72   64   56   51   47   45   43   44   49   62   82  106  128  143
  156  170  193  223  255  280  301  318  331
     7.5-180.0 180.0   5.0 450.0                            LAT/LON1/LON2/DLON/H
  320  324  339  369  410  466  517  547  545  529  508  490  470  450  428  399
  375  355  334  314  285  262  251  246  243  240  231  221  208  197  190  187
  194  202  213  222  216  196  169  143  126  116  115  111  111  107  103   98
   90   81   73   64   57   52   48   44   43   45   50   63   85  108  130  146
  158  175  197  225  255  280  302  315  320
     5.0-180.0 180.0   5.0 450.0                            LAT/LON1/LON2/DLON/H
  315  311  313  332  366  414  460  492  500  499  491  483  474  463  448  428
  408  393  373  350  319  292  275  266  258  252  241  227  212  198  191  188
  192  199  210  218  214  199  179  155  138  128  125  119  116  112  106   99
   90   81   72   65   57   53   49   45   44   46   52   65   87  110  132  148
  161  177  198  224  252  279  303  314  315
     2.5-180.0 180.0   5.0 450.0                            LAT/LON1/LON2/DLON/H
  321  311  303  310  332  367  402  429  443  451  455  457  459  457  451  441
  429  418  401  378  349  321  298  284  272  262  249  233  219  207  203  197
  193  196  204  207  206  200  186  166  152  140  137  126  121  114  107  100
   90   80   72   65   57   53   50   47   46   48   54   68   88  112  134  150
  163  178  198  223  251  279  306  321  321
