data/IONEX/CVBB2810.21i
     1.0            IONOSPHERE MAPS     MIX                 IONEX VERSION / TYPE
cmpcmb v1.2          GRL/UWM            27-oct-21 23:40     PGM / RUN BY / DATE 
ionex file containing IGS COMBINED Ionosphere maps          COMMENT             
global ionosphere maps for day 281, 2021                    DESCRIPTION         
IONEX file containing the COMBINED IGS TEC MAPS and DCBs    DESCRIPTION         
      IONEX files of the following IAACs were combined: cod DESCRIPTION         
                                                        esa DESCRIPTION         
                                                        jpl DESCRIPTION         
                                                        upc DESCRIPTION         
Contact address: Andrzej Krankowski                         DESCRIPTION
                 Geodynamics Research Laboratory            DESCRIPTION
                 University of Warmia and Mazury (GRL/UWM)  DESCRIPTION
                 Oczapowski St. 1                           DESCRIPTION
                 10-957-Olsztyn, POLAND                     DESCRIPTION
                 e-mail:  kand@uwm.edu.pl                   DESCRIPTION
                                                            DESCRIPTION         
  2021    10     8     0     0     0                        EPOCH OF FIRST MAP  
  2021    10     9     0     0     0                        EPOCH OF LAST MAP   
  7200                                                      INTERVAL            
    13                                                      # OF MAPS IN FILE   
  COSZ                                                      MAPPING FUNCTION    
     0.0                                                    ELEVATION CUTOFF    
combined TEC calculated as weighted mean of input TEC valuesOBSERVABLES USED    
   354                                                      # OF STATIONS       
    32                                                      # OF SATELLITES     
  6371.0                                                    BASE RADIUS         
     2                                                      MAP DIMENSION       
   450.0 450.0   0.0                                        HGT1 / HGT2 / DHGT  
    87.5 -87.5  -2.5                                        LAT1 / LAT2 / DLAT  
  -180.0 180.0   5.0                                        LON1 / LON2 / DLON  
    -1                                                      EXPONENT            
TEC values in 0.1 tec units;  9999, if no value available   COMMENT             
DCB values in nanoseconds, reference is Sum_of_SatDCBs = 0  COMMENT             
                                                            END OF HEADER       
[from data line 3432]
     9                                                      START OF TEC MAP    
  2021    10     8    16     0     0                        EPOCH OF CURRENT MAP
    87.5-180.0 180.0   5.0 450.0                            LAT/LON1/LON2/DLON/H
   88   89   90   90   91   92   92   92   92   93   94   95   95   95   96   96
   96   96   96   96   95   95   95   94   94   93   92   91   89   88   87   87
   86   85   85   84   83   83   82   82   82   81   81   81   81   80   80   80
   80   80   80   80   81   81   81   81   81   82   82   82   82   82   83   83
   83   84   85   85   86   86   86   87   88
    85.0-180.0 180.0   5.0 450.0                            LAT/LON1/LON2/DLON/H
   82   83   84   86   87   88   90   91   92   94   94   95   96   96   97   97
   98   98   98   98   97   96   95   95   93   91   90   88   87   86   84   83
   81   80   79   77   76   75   74   72   72   71   71   70   70   69   70   70
   70   71   71   71   71   71   72   72   72   72   72   72   72   72   72   73
   73   74   74   75   76   77   79   80   82
    82.5-180.0 180.0   5.0 450.0                            LAT/LON1/LON2/DLON/H
   75   77   78   80   81   83   85   87   89   90   92   93   95   96   97   98
   97   98   99  100   98   95   93   93   93   92   90   89   86   84   82   79
   77   74   73   70   68   66   64   62   61   60   60   59   60   59   59   60
   60   61   62   62   63   62   63   62   62   62   61   61   61   61   61   61
   61   62   63   64   65   68   71   73   75
    80.0-180.0 180.0   5.0 450.0                            LAT/LON1/LON2/DLON/H
   63   65   66   70   72   75   78   80   83   84   87   89   91   93   95   96
   97   98   98   98   98  100   94   95   93   91   89   86   84   80   78   75
   72   69   67   65   62   60   58   55   54   52   51   51   50   51   51   51
   52   53   54   55   55   55   55   55   54   53   52   51   50   50   49   49
   49   50   51   53   55   58   60   62   63
    77.5-180.0 180.0   5.0 450.0                            LAT/LON1/LON2/DLON/H
   49   51   54   57   59   62   65   69   70   74   78   82   83   85   87   90
   92   94   95   95   96   98  100   97   94   93   91   86   82   80   77   74
   72   68   65   62   60   58   55   53   50   48   46   45   44   45   45   46
   47   47   48   49   50   50   50   49   48   47   45   43   42   40   40   39
   38   39   39   41   43   45   46   47   49
    75.0-180.0 180.0   5.0 450.0                            LAT/LON1/LON2/DLON/H
   38   40   42   45   47   50   52   55   60   65   69   73   77   80   83   86
   88   91   95   97  100  102  103  102  100   97   93   90   87   82   79   76
   74   71   68   65   62   59   56   53   50   46   45   43   43   42   42   43
   44   44   46   46   47   48   47   47   45   43   40   38   36   33   32   31
   30   30   31   32   33   34   34   36   38
    72.5-180.0 180.0   5.0 450.0                            LAT/LON1/LON2/DLON/H
   30   32   34   36   38   41   44   48   54   58   62   66   70   74   79   84
   88   92   97  102  108  111  110  111  108  105  102   96   93   89   86   83
   80   77   74   71   67   64   61   58   54   51   48   46   44   44   43   43
   43   44   45   46   47   48   47   46   44   41   38   35   32   30   28   27
   27   27   27   28   28   28   28   29   30
    70.0-180.0 180.0   5.0 450.0                            LAT/LON1/LON2/DLON/H
   26   27   29   31   33   36   40   44   49   54   58   62   67   74   79   85
   90   96  103  112  116  121  121  121  118  116  112  107  102   98   95   92
   89   86   82   79   75   71   68   65   62   57   54   51   49   47   46   46
   45   44   45   46   47   48   48   46   44   42   38   34   31   29   27   27
   27   27   27   27   27   26   26   26   26
    67.5-180.0 180.0   5.0 450.0                            LAT/LON1/LON2/DLON/H
   25   25   26   29   31   35   38   43   47   52   57   63   68   75   81   86
   93  102  108  120  124  129  132  132  128  126  122  116  111  106  104  100
   97   94   91   87   83   80   76   72   68   65   62   59   55   53   51   49
   47   45   45   46   47   47   47   46   44   42   38   35   32   30   29   28
   29   30   31   31   31   30   28   27   25
    65.0-180.0 180.0   5.0 450.0                            LAT/LON1/LON2/DLON/H
   27   26   26   29   31   35   39   43   48   53   59   65   71   77   82   89
   96  105  113  124  130  135  139  139  135  133  128  123  117  113  110  107
  104  101   98   93   90   86   82   78   75   72   69   66   62   58   54   51
   48   45   44   44   45   46   46   45   44   42   39   37   34   33   32   32
   34   36   37   38   37   36   33   30   27
    62.5-180.0 180.0   5.0 450.0                            LAT/LON1/LON2/DLON/H
   31   29   29   29   33   36   40   45   50   55   61   67   73   79   84   91
   99  107  117  126  133  139  141  141  139  135  131  126  121  117  114  111
  109  107  103   99   95   90   86   83   80   77   74   72   68   62   58   53
   49   45   42   42   42   42   43   43   43   42   40   38   36   36   36   37
   39   41   43   44   43   42   38   35   31
    60.0-180.0 180.0   5.0 450.0                            LAT/LON1/LON2/DLON/H
   35   32   30   31   34   38   42   47   51   57   63   69   75   81   86   94
  101  109  118  127  134  139  141  142  140  136  132  128  124  121  118  116
  114  112  108  103   99   94   90   87   85   83   79   76   72   66   61   55
   50   45   41   39   39   39   41   41   42   42   41   40   39   39   39   40
   43   45   48   49   49   46   43   39   35
    57.5-180.0 180.0   5.0 450.0                            LAT/LON1/LON2/DLON/H
   38   35   33   34   37   41   45   49   54   60   65   71   77   82   88   95
  102  110  118  127  133  138  141  141  139  136  132  130  128  127  125  124
  121  118  113  108  103   98   95   92   90   88   85   81   76   71   65   58
   52   46   41   38   38   38   40   41   42   43   44   43   43   43   43   43
   46   49   51   52   52   50   46   42   38
    55.0-180.0 180.0   5.0 450.0                            LAT/LON1/LON2/DLON/H
   41   38   37   38   41   44   48   52   57   61   66   73   78   84   90   96
  103  110  119  127  132  136  139  139  138  136  134  133  132  133  132  132
  129  125  120  115  110  105  101   99   97   94   91   87   81   75   69   63
   56   50   45   42   40   40   42   43   45   46   48   48   48   47   47   46
   49   51   53   54   54   52   48   45   41
    52.5-180.0 180.0   5.0 450.0                            LAT/LON1/LON2/DLON/H
   45   42   41   42   45   48   51   55   60   65   69   75   80   86   91   98
  105  113  120  128  133  136  138  139  138  138  137  138  138  139  140  139
  137  132  127  122  117  114  111  108  106  103   99   94   87   81   75   69
   63   58   53   49   48   48   49   50   51   53   55   56   55   54   53   51
   52   53   55   56   56   54   52   48   45
    50.0-180.0 180.0   5.0 450.0                            LAT/LON1/LON2/DLON/H
   50   48   47   48   50   52   55   59   64   69   74   79   84   88   95  101
  108  117  124  130  135  138  139  140  141  142  143  144  146  147  148  146
  143  139  134  130  127  125  123  121  118  114  109  102   94   88   82   77
   71   67   64   60   58   58   59   60   61   63   65   66   65   64   61   59
   57   58   59   60   60   59   56   53   50
    47.5-180.0 180.0   5.0 450.0                            LAT/LON1/LON2/DLON/H
   57   56   54   55   56   58   60   64   69   75   79   84   89   93   98  105
  113  121  129  134  138  141  142  143  145  149  151  153  154  154  154  152
  149  145  141  140  138  138  137  136  132  127  120  111  102   94   89   85
   81   78   74   71   69   69   69   71   72   73   74   75   74   74   71   68
   65   64   65   65   66   65   63   60   57
    45.0-180.0 180.0   5.0 450.0                            LAT/LON1/LON2/DLON/H
   65   63   62   62   62   63   65   69   75   81   86   91   94   97  102  111
  118  127  135  140  144  146  148  150  153  157  160  163  162  161  160  156
  152  150  148  148  149  151  153  151  148  141  131  120  108  101   94   90
   88   86   83   80   77   77   78   79   79   80   80   81   81   82   80   77
   74   72   72   73   73   73   70   68   65
    42.5-180.0 180.0   5.0 450.0                            LAT/LON1/LON2/DLON/H
   71   70   69   68   68   69   70   75   81   88   93   97  100  103  107  115
  123  134  141  147  150  152  155  158  162  166  169  170  168  165  162  159
  156  155  156  158  162  167  170  169  165  155  143  129  116  105   97   94
   92   90   87   83   81   80   81   82   81   82   82   84   85   87   86   84
   82   80   80   81   81   80   78   74   71
    40.0-180.0 180.0   5.0 450.0                            LAT/LON1/LON2/DLON/H
   74   74   72   72   71   71   74   79   86   93  100  104  106  109  113  121
  129  139  146  153  155  158  161  165  170  173  174  174  171  168  165  162
  161  163  167  172  179  185  190  187  183  171  154  136  120  108   99   95
   92   90   86   82   79   78   80   81   80   80   81   84   86   89   89   88
   87   86   86   86   86   85   82   78   74
    37.5-180.0 180.0   5.0 450.0                            LAT/LON1/LON2/DLON/H
   75   73   70   70   70   71   74   82   90   99  106  111  113  117  121  127
  135  143  151  158  161  164  167  171  175  178  178  176  173  170  168  169
  171  177  184  192  201  208  210  209  202  186  165  144  125  110  100   94
   91   86   82   77   74   73   75   77   77   77   79   82   85   88   90   91
   91   90   90   89   88   86   82   78   75
    35.0-180.0 180.0   5.0 450.0                            LAT/LON1/LON2/DLON/H
   71   68   65   64   64   66   71   81   92  103  112  118  122  126  130  136
  143  149  157  162  164  168  172  174  178  181  180  179  176  175  176  181
  189  199  209  220  230  235  237  233  222  202  178  151  131  113  101   95
   90   84   78   73   70   70   72   74   75   76   77   80   82   85   88   90
   92   93   91   90   88   84   79   74   71
    32.5-180.0 180.0   5.0 450.0                            LAT/LON1/LON2/DLON/H
   64   60   58   56   56   58   65   77   91  104  116  124  129  135  141  147
  152  156  162  166  168  171  174  176  180  182  183  182  183  184  191  201
  217  232  248  258  266  270  267  260  245  221  193  165  141  118  106   98
   93   87   82   77   73   72   73   75   77   78   78   79   81   83   86   90
   93   93   91   89   86   80   74   69   64
    30.0-180.0 180.0   5.0 450.0                            LAT/LON1/LON2/DLON/H
   57   53   49   46   46   48   57   71   86  103  117  127  135  144  151  158
  162  165  168  171  172  173  174  175  179  183  187  190  194  200  213  232
  255  277  293  313  321  312  303  291  271  241  211  183  153  130  116  108
  104  101   96   91   86   83   82   83   83   84   84   83   83   84   86   90
   93   93   90   88   83   77   70   63   57
    27.5-180.0 180.0   5.0 450.0                            LAT/LON1/LON2/DLON/H
   52   46   41   37   37   41   50   65   82   99  115  127  139  151  160  167
  171  173  174  176  176  174  173  173  177  184  193  201  213  228  248  274
  307  335  352  373  373  356  336  317  291  257  226  199  167  146  133  129
  127  125  119  113  107  101   97   95   93   93   92   90   89   88   88   90
   93   93   91   88   81   74   67   60   52
    25.0-180.0 180.0   5.0 450.0                            LAT/LON1/LON2/DLON/H
   50   43   36   32   31   36   46   61   77   94  111  126  141  156  167  174
  179  181  181  181  180  177  174  174  178  190  201  215  236  265  295  328
  371  405  418  434  427  399  363  335  300  264  235  211  181  165  158  156
  160  159  149  143  132  123  116  111  108  106  104  101   98   94   92   93
   93   93   92   89   82   74   67   58   50
    22.5-180.0 180.0   5.0 450.0                            LAT/LON1/LON2/DLON/H
   50   43   35   30   29   35   46   61   76   92  108  124  141  158  171  179
  183  186  188  188  186  183  180  180  187  202  217  239  267  307  351  399
  438  467  475  478  456  415  374  344  306  270  243  221  200  186  186  188
  195  194  183  175  160  147  136  131  126  123  119  115  111  105  101   99
   97   96   94   91   85   77   69   60   50
    20.0-180.0 180.0   5.0 450.0                            LAT/LON1/LON2/DLON/H
   53   45   36   32   31   37   50   64   78   92  108  124  141  159  172  181
  186  190  193  195  194  192  190  193  204  225  246  274  304  353  408  450
  484  500  502  488  452  411  374  344  313  282  256  237  220  210  212  218
  223  222  212  203  190  173  161  153  145  140  136  130  126  120  114  109
  105  102   98   95   89   80   73   63   53
    17.5-180.0 180.0   5.0 450.0                            LAT/LON1/LON2/DLON/H
   59   49   40   34   35   42   55   70   84   97  109  124  141  158  171  180
  187  192  198  202  204  204  206  214  228  254  283  312  340  387  437  470
  496  511  504  467  435  395  364  342  319  294  275  256  241  230  230  236
  237  232  226  216  206  192  181  171  163  157  151  145  141  134  128  120
  112  108  103  100   93   84   77   69   59
    15.0-180.0 180.0   5.0 450.0                            LAT/LON1/LON2/DLON/H
   65   55   46   38   38   47   61   77   91  102  114  127  143  157  170  179
  186  193  202  210  215  218  225  237  257  285  318  346  371  408  442  465
  487  500  482  442  407  380  356  340  325  309  293  275  257  241  234  232
  230  226  222  215  207  199  190  184  179  172  164  156  152  144  138  130
  120  113  109  104   98   90   82   75   65
    12.5-180.0 180.0   5.0 450.0                            LAT/LON1/LON2/DLON/H
   71   62   52   44   42   51   66   84   99  109  119  132  146  159  170  178
  187  196  208  219  229  234  244  262  285  315  346  372  395  419  440  453
  466  468  450  416  394  374  355  345  336  325  311  291  269  245  226  215
  211  212  209  203  197  196  192  192  189  182  173  163  158  149  144  136
  127  119  112  106  101   94   87   80   71
    10.0-180.0 180.0   5.0 450.0                            LAT/LON1/LON2/DLON/H
   75   67   58   49   47   55   72   91  106  118  128  139  152  165  174  182
  191  203  218  232  244  253  266  288  314  343  370  392  410  426  437  444
  450  446  427  402  390  375  361  356  352  343  329  306  277  245  218  200
  194  195  194  190  189  190  192  198  197  190  178  166  158  150  143  134
  128  121  113  107  101   95   89   83   75
     7.5-180.0 180.0   5.0 450.0                            LAT/LON1/LON2/DLON/H
   77   69   61   54   52   59   77   98  114  127  137  150  161  174  182  192
  201  214  231  248  261  274  291  316  342  368  389  406  418  428  435  439
  443  437  420  405  396  385  376  376  375  367  349  322  286  250  217  197
  188  188  187  187  189  191  199  206  206  199  184  167  155  144  137  129
  125  120  112  105   99   94   89   83   77
     5.0-180.0 180.0   5.0 450.0                            LAT/LON1/LON2/DLON/H
   76   70   63   56   56   65   83  103  121  136  148  160  173  185  195  205
  216  229  248  265  280  295  315  341  367  388  403  416  424  429  434  440
  443  438  429  420  415  410  406  402  401  389  369  339  299  259  226  209
  199  198  198  198  200  201  211  218  220  212  195  172  156  139  130  124
  120  115  109  102   96   91   87   82   76
     2.5-180.0 180.0   5.0 450.0                            LAT/LON1/LON2/DLON/H
   73   68   62   58   59   70   88  109  127  143  157  170  186  198  210  220
  233  249  265  281  298  314  336  361  384  400  411  419  425  430  436  443
  453  452  450  448  447  447  443  435  425  410  385  351  311  274  249  233
  226  224  218  219  219  218  227  233  235  228  207  178  158  137  126  120
  116  111  104   99   94   89   84   79   73
