data/IONEX/CVBB2910.21i
     1.0            IONOSPHERE MAPS     MIX                 IONEX VERSION / TYPE
cmpcmb v1.2          GRL/UWM             6-nov-21 02:03     PGM / RUN BY / DATE 
ionex file containing IGS COMBINED Ionosphere maps          COMMENT             
global ionosphere maps for day 291, 2021                    DESCRIPTION         
IONEX file containing the COMBINED IGS TEC MAPS and DCBs    DESCRIPTION         
      IONEX files of the following IAACs were combined: cod DESCRIPTION         
                                                        esa DESCRIPTION         
                                                        jpl DESCRIPTION         
                                                        upc DESCRIPTION         
Contact address: Andrzej Krankowski                         DESCRIPTION
                 Geodynamics Research Laboratory            DESCRIPTION
                 University of Warmia and Mazury (GRL/UWM)  DESCRIPTION
                 Oczapowski St. 1                           DESCRIPTION
                 10-957-Olsztyn, POLAND                     DESCRIPTION
                 e-mail:  kand@uwm.edu.pl                   DESCRIPTION
                                                            DESCRIPTION         
  2021    10    18     0     0     0                        EPOCH OF FIRST MAP  
  2021    10    19     0     0     0                        EPOCH OF LAST MAP   
  7200                                                      INTERVAL            
    13                                                      # OF MAPS IN FILE   
  COSZ                                                      MAPPING FUNCTION    
     0.0                                                    ELEVATION CUTOFF    
combined TEC calculated as weighted mean of input TEC valuesOBSERVABLES USED    
   352                                                      # OF STATIONS       
    32                                                      # OF SATELLITES     
  6371.0                                                    BASE RADIUS         
     2                                                      MAP DIMENSION       
   450.0 450.0   0.0                                        HGT1 / HGT2 / DHGT  
    87.5 -87.5  -2.5                                        LAT1 / LAT2 / DLAT  
  -180.0 180.0   5.0                                        LON1 / LON2 / DLON  
    -1                                                      EXPONENT            
TEC values in 0.1 tec units;  9999, if no value available   COMMENT             
DCB values in nanoseconds, reference is Sum_of_SatDCBs = 0  COMMENT             
                                                            END OF HEADER       
[from data line 4719]
    12                                                      START OF TEC MAP    
  2021    10    18    22     0     0                        EPOCH OF CURRENT MAP
    87.5-180.0 180.0   5.0 450.0                            LAT/LON1/LON2/DLON/H
   58   58   59   59   59   60   60   60   60   60   60   60   60   59   59   58
   57   57   56   56   54   54   53   52   50   49   48   47   46   45   45   44
   43   42   41   41   41   40   40   40   40   40   40   40   40   41   41   42
   42   43   44   44   45   45   46   47   48   49   49   50   51   52   52   53
   53   54   55   56   56   57   57   58   58
    85.0-180.0 180.0   5.0 450.0                            LAT/LON1/LON2/DLON/H
   66   67   67   68   68   68   67   67   67   66   66   66   66   65   65   65
   64   63   62   61   59   58   56   53   50   47   46   44   42   41   39   38
   36   35   34   33   32   31   31   30   30   31   31   31   32   33   34   35
   36   37   39   40   41   43   44   46   47   49   50   51   53   54   55   56
   58   59   60   61   62   63   64   65   66
    82.5-180.0 180.0   5.0 450.0                            LAT/LON1/LON2/DLON/H
   68   68   68   68   68   68   69   69   70   70   71   71   71   71   70   69
   68   66   64   62   61   59   57   53   51   48   46   43   41   38   36   34
   32   30   28   27   26   25   24   24   24   24   24   25   26   27   29   30
   32   34   36   37   39   41   43   45   48   50   51   53   55   57   58   60
   61   62   64   65   66   67   68   68   68
    80.0-180.0 180.0   5.0 450.0                            LAT/LON1/LON2/DLON/H
   68   67   68   68   68   68   69   71   72   73   74   75   76   76   76   75
   74   72   70   67   63   59   57   54   50   47   44   42   39   37   35   33
   31   29   27   26   24   23   23   23   22   22   22   23   24   25   27   29
   31   32   34   37   39   41   44   46   48   50   52   54   56   58   59   62
   63   64   66   67   67   68   68   68   68
    77.5-180.0 180.0   5.0 450.0                            LAT/LON1/LON2/DLON/H
   67   67   66   67   67   68   69   71   73   74   77   79   81   81   80   79
   77   74   71   67   63   59   55   51   48   45   43   41   38   36   35   33
   32   31   30   29   27   26   25   25   24   24   24   24   25   26   28   30
   32   34   36   38   40   42   44   46   48   50   52   53   55   57   59   61
   62   64   65   67   67   68   68   67   67
    75.0-180.0 180.0   5.0 450.0                            LAT/LON1/LON2/DLON/H
   68   67   67   67   68   69   70   72   74   77   81   84   84   85   84   82
   78   73   68   64   60   55   51   48   45   42   40   38   37   36   35   34
   33   33   33   33   32   31   30   29   28   28   28   27   28   29   31   33
   35   37   38   40   42   44   45   46   47   48   49   50   52   54   56   58
   60   62   64   65   66   67   67   67   68
    72.5-180.0 180.0   5.0 450.0                            LAT/LON1/LON2/DLON/H
   70   70   70   70   71   72   74   76   81   85   88   90   92   91   89   85
   77   70   66   61   55   50   46   44   41   39   37   37   35   36   35   35
   35   35   35   35   36   35   34   33   32   31   31   30   31   32   34   37
   39   41   42   43   44   45   45   45   45   45   45   46   47   49   51   53
   56   59   61   64   66   67   68   69   70
    70.0-180.0 180.0   5.0 450.0                            LAT/LON1/LON2/DLON/H
   73   74   75   76   77   78   81   86   91   94   98  100   99   98   95   87
   79   73   65   58   52   47   43   41   38   37   35   35   36   35   37   36
   37   37   37   37   37   36   36   34   34   33   32   32   32   34   36   39
   41   43   43   43   44   44   43   42   41   40   39   40   41   42   45   48
   52   55   59   62   65   68   70   72   73
    67.5-180.0 180.0   5.0 450.0                            LAT/LON1/LON2/DLON/H
   78   79   81   84   85   87   90   94  101  106  109  110  112  109  102   94
   87   76   67   57   51   46   42   40   37   36   35   35   36   35   35   37
   38   39   38   38   37   36   35   34   33   33   33   32   33   34   36   38
   40   42   41   41   41   40   39   37   35   34   33   33   34   36   39   43
   47   52   56   61   65   69   72   75   78
    65.0-180.0 180.0   5.0 450.0                            LAT/LON1/LON2/DLON/H
   84   86   90   92   94   96   99  104  110  116  121  124  125  120  113  105
   95   82   71   61   55   50   45   43   40   38   37   36   36   36   36   37
   38   38   37   36   35   33   32   31   31   31   31   31   32   33   34   36
   37   37   36   35   34   33   32   31   29   28   27   27   28   31   35   40
   45   50   55   60   65   70   75   80   84
    62.5-180.0 180.0   5.0 450.0                            LAT/LON1/LON2/DLON/H
   91   96  101  103  104  106  109  114  119  125  131  134  135  131  125  114
  102   89   78   69   62   57   53   49   46   43   40   38   38   37   37   37
   37   37   35   34   32   29   27   26   27   27   28   28   29   30   30   30
   30   29   28   27   26   25   25   24   23   22   21   22   25   28   33   38
   44   50   55   61   66   72   78   85   91
    60.0-180.0 180.0   5.0 450.0                            LAT/LON1/LON2/DLON/H
   98  106  111  114  115  116  119  123  128  133  138  142  142  140  134  123
  111   98   88   79   71   65   62   57   53   49   46   43   41   39   38   37
   37   34   32   29   27   24   23   23   24   25   26   28   28   27   26   25
   23   22   20   19   18   18   18   18   18   18   18   19   22   27   33   39
   46   52   58   63   69   75   82   90   98
    57.5-180.0 180.0   5.0 450.0                            LAT/LON1/LON2/DLON/H
  106  114  121  124  126  126  129  133  137  140  145  148  147  145  140  131
  120  108   98   89   81   76   71   66   61   56   52   49   46   43   40   38
   36   32   29   25   23   22   21   22   24   25   27   29   29   27   25   23
   20   17   15   13   13   14   15   16   16   17   17   20   23   28   36   44
   51   56   63   68   73   79   87   96  106
    55.0-180.0 180.0   5.0 450.0                            LAT/LON1/LON2/DLON/H
  114  124  131  135  137  139  141  143  147  149  151  151  150  146  142  135
  126  117  108  100   92   86   81   75   68   63   60   56   53   49   44   40
   37   32   28   25   23   23   24   25   28   31   32   33   33   32   30   25
   21   18   15   13   13   14   15   17   19   19   20   22   27   33   41   49
   57   64   69   75   79   85   94  103  114
    52.5-180.0 180.0   5.0 450.0                            LAT/LON1/LON2/DLON/H
  124  134  141  146  150  152  153  156  159  157  156  153  151  147  143  137
  130  122  113  106   99   93   87   82   76   71   67   64   60   56   50   45
   40   34   31   29   28   28   31   33   36   39   41   41   41   39   37   32
   28   24   21   19   18   20   21   23   25   26   27   28   33   39   47   55
   64   72   78   84   89   94  103  113  124
    50.0-180.0 180.0   5.0 450.0                            LAT/LON1/LON2/DLON/H
  135  145  152  157  163  165  167  171  172  167  162  157  152  147  144  139
  131  124  117  109  102   95   90   85   81   78   75   72   68   63   56   49
   43   38   35   34   34   36   39   43   46   49   51   50   50   49   45   42
   38   35   32   30   29   30   32   34   35   36   36   37   40   45   53   62
   71   81   88   94  100  107  115  124  135
    47.5-180.0 180.0   5.0 450.0                            LAT/LON1/LON2/DLON/H
  148  156  161  167  173  177  181  185  184  178  169  161  154  149  144  139
  133  126  118  110  103   97   92   88   85   84   82   79   74   67   60   52
   45   41   39   39   41   45   48   52   55   59   60   60   59   57   55   53
   50   48   45   44   43   44   45   46   47   47   47   47   49   53   60   70
   80   90   99  107  113  120  129  139  148
    45.0-180.0 180.0   5.0 450.0                            LAT/LON1/LON2/DLON/H
  160  166  171  175  180  186  192  196  195  189  179  168  161  154  148  142
  134  128  121  113  106  100   96   92   91   90   87   83   78   69   60   53
   46   42   42   44   48   52   56   60   64   66   67   67   67   66   65   65
   64   63   61   60   59   59   59   59   59   58   57   57   58   62   68   78
   89   99  110  119  127  135  144  153  160
    42.5-180.0 180.0   5.0 450.0                            LAT/LON1/LON2/DLON/H
  171  176  179  181  185  192  200  204  204  198  189  178  169  162  156  149
  140  133  125  119  113  107  103  100   98   95   91   84   77   67   59   52
   46   44   45   49   54   59   63   66   69   71   73   73   73   74   75   75
   76   76   75   74   73   73   71   71   70   68   67   66   67   72   79   88
   99  111  122  131  140  149  157  165  171
    40.0-180.0 180.0   5.0 450.0                            LAT/LON1/LON2/DLON/H
  179  182  184  186  189  196  204  209  210  206  197  187  179  172  166  158
  149  142  135  129  123  118  114  111  107  100   92   83   73   65   57   51
   46   46   49   54   59   64   67   70   72   74   76   78   80   81   83   85
   86   87   86   86   85   83   82   80   78   75   74   74   76   82   89   99
  110  121  132  141  150  159  166  173  179
    37.5-180.0 180.0   5.0 450.0                            LAT/LON1/LON2/DLON/H
  184  187  189  189  191  197  205  213  216  212  207  198  190  184  177  170
  162  154  148  143  138  133  127  121  115  105   93   80   69   62   56   53
   51   52   56   61   66   69   71   73   75   78   80   82   85   86   88   91
   92   92   92   91   91   89   87   85   82   79   78   79   84   92  101  110
  120  131  141  149  158  165  172  178  184
    35.0-180.0 180.0   5.0 450.0                            LAT/LON1/LON2/DLON/H
  187  192  194  194  194  199  207  214  219  219  215  209  202  197  191  185
  177  170  163  158  152  146  140  131  121  108   92   78   68   64   61   60
   61   63   66   71   74   75   76   77   79   81   84   86   88   88   90   91
   92   92   92   91   91   90   88   85   82   80   80   82   89  100  111  120
  129  139  148  156  164  170  176  182  187
    32.5-180.0 180.0   5.0 450.0                            LAT/LON1/LON2/DLON/H
  192  197  202  203  203  204  209  216  221  224  223  220  215  212  207  202
  194  185  178  172  165  157  148  137  123  108   92   79   72   72   73   76
   79   81   83   85   84   84   83   83   84   86   88   90   90   88   88   88
   89   89   88   87   87   87   86   83   80   77   77   82   91  105  117  127
  135  144  152  160  167  173  179  186  192
    30.0-180.0 180.0   5.0 450.0                            LAT/LON1/LON2/DLON/H
  200  207  215  218  216  216  219  223  228  231  232  230  228  227  222  218
  211  202  192  182  172  162  151  136  121  106   93   85   83   87   93  100
  104  106  105  104   99   97   92   90   91   92   93   93   91   88   86   85
   85   85   84   83   82   83   82   79   76   72   73   79   91  106  120  131
  139  146  155  162  168  176  184  193  200
    27.5-180.0 180.0   5.0 450.0                            LAT/LON1/LON2/DLON/H
  215  225  236  239  238  237  238  240  243  246  245  243  242  240  237  233
  227  216  202  188  174  161  147  130  116  105   97   97  102  112  123  129
  135  134  131  126  120  114  101   98   99   98   98   95   91   87   85   83
   82   81   80   78   77   77   77   74   70   67   67   74   87  104  120  132
  141  148  157  165  173  182  192  204  215
    25.0-180.0 180.0   5.0 450.0                            LAT/LON1/LON2/DLON/H
  237  251  264  270  271  270  271  270  271  272  270  264  261  257  252  249
  241  228  211  192  174  157  141  126  114  109  108  116  131  146  160  164
  166  160  152  143  137  127  113  106  105  104  102   97   91   87   84   83
   81   79   76   73   71   71   71   68   64   60   60   67   82  101  118  131
  140  149  160  170  181  193  207  223  237
    22.5-180.0 180.0   5.0 450.0                            LAT/LON1/LON2/DLON/H
  263  280  296  310  315  316  315  313  312  311  305  296  287  280  271  265
  255  240  220  199  176  155  139  128  123  124  131  146  168  189  202  198
  192  178  161  146  138  132  122  114  111  109  106  100   92   87   84   82
   80   77   73   69   67   66   64   63   59   55   55   62   77   97  115  128
  138  149  163  176  194  209  225  245  263
    20.0-180.0 180.0   5.0 450.0                            LAT/LON1/LON2/DLON/H
  290  310  329  348  360  368  369  371  368  363  351  338  321  308  296  287
  274  256  234  209  184  162  147  143  144  152  164  182  210  232  237  222
  205  184  162  145  134  128  127  119  116  114  111  102   95   89   85   82
   80   77   72   67   63   61   60   58   55   51   51   58   74   93  112  125
  135  148  166  184  207  228  248  270  290
    17.5-180.0 180.0   5.0 450.0                            LAT/LON1/LON2/DLON/H
  316  337  357  381  400  414  426  432  429  423  407  387  362  344  328  317
  298  279  253  227  202  181  171  172  177  189  205  225  248  262  256  230
  203  179  158  145  133  126  125  122  120  118  115  106   99   95   91   85
   82   79   74   68   63   59   57   55   52   49   50   58   72   92  109  123
  134  149  169  193  221  246  270  295  316
    15.0-180.0 180.0   5.0 450.0                            LAT/LON1/LON2/DLON/H
  332  352  378  407  430  451  471  486  489  481  467  442  410  387  366  352
  332  311  282  255  233  217  211  214  221  233  250  271  281  276  256  219
  188  166  151  141  133  126  124  123  121  122  120  112  105  102   99   93
   87   83   78   71   64   59   56   53   51   49   50   59   74   93  110  124
  136  152  173  200  232  261  285  308  332
    12.5-180.0 180.0   5.0 450.0                            LAT/LON1/LON2/DLON/H
  334  356  384  419  449  475  499  522  533  530  519  493  458  433  412  394
  374  351  321  296  278  267  263  264  270  279  291  298  294  274  238  196
  168  152  144  141  135  132  127  125  124  126  126  120  114  112  107  100
   94   89   82   74   66   59   55   52   49   48   51   61   77   96  113  126
  140  156  178  205  239  268  292  314  334
    10.0-180.0 180.0   5.0 450.0                            LAT/LON1/LON2/DLON/H
  335  353  380  420  452  481  508  534  552  558  551  531  503  478  461  441
  420  397  369  350  335  328  322  319  318  320  318  307  290  253  206  170
  148  143  144  146  145  141  136  132  132  134  133  128  123  119  112  106
  100   93   86   77   68   60   54   52   49   48   52   63   81   99  116  129
  144  161  183  208  240  271  296  318  335
     7.5-180.0 180.0   5.0 450.0                            LAT/LON1/LON2/DLON/H
  336  351  373  410  443  471  497  525  546  562  564  553  533  514  499  481
  462  442  420  410  399  393  381  370  359  347  334  311  277  227  179  152
  142  146  155  161  160  155  148  146  146  143  140  133  128  122  115  109
  103   95   88   79   69   61   56   52   48   48   53   65   84  104  121  134
  147  164  185  209  238  268  297  320  336
     5.0-180.0 180.0   5.0 450.0                            LAT/LON1/LON2/DLON/H
  334  350  369  396  427  454  477  500  523  546  558  555  543  531  521  508
  493  477  464  461  455  444  427  405  383  361  339  305  262  211  171  153
  150  161  177  185  183  177  169  163  158  149  145  135  129  122  116  110
  103   96   88   80   70   63   58   52   49   49   55   68   89  110  126  138
  150  167  185  208  234  264  294  318  334
     2.5-180.0 180.0   5.0 450.0                            LAT/LON1/LON2/DLON/H
  333  351  369  391  416  439  457  473  491  515  534  538  534  528  523  516
  506  493  487  488  487  475  451  421  391  362  330  292  252  213  191  178
  179  193  211  217  213  201  189  177  165  150  144  135  128  121  115  109
  102   94   87   79   72   65   59   53   50   50   57   72   92  113  130  142
  152  167  185  206  230  259  290  314  333
