data/IONEX/CVBB2820.21i
     1.0            IONOSPHERE MAPS     MIX                 IONEX VERSION / TYPE
cmpcmb v1.2          GRL/UWM            27-oct-21 23:46     PGM / RUN BY / DATE 
ionex file containing IGS COMBINED Ionosphere maps          COMMENT             
global ionosphere maps for day 282, 2021                    DESCRIPTION         
IONEX file containing the COMBINED IGS TEC MAPS and DCBs    DESCRIPTION         
      IONEX files of the following IAACs were combined: cod DESCRIPTION         
                                                        esa DESCRIPTION         
                                                        jpl DESCRIPTION         
                                                        upc DESCRIPTION         
Contact address: Andrzej Krankowski                         DESCRIPTION
                 Geodynamics Research Laboratory            DESCRIPTION
                 University of Warmia and Mazury (GRL/UWM)  DESCRIPTION
                 Oczapowski St. 1                           DESCRIPTION
                 10-957-Olsztyn, POLAND                     DESCRIPTION
                 e-mail:  kand@uwm.edu.pl                   DESCRIPTION
                                                            DESCRIPTION         
  2021    10     9     0     0     0                        EPOCH OF FIRST MAP  
  2021    10    10     0     0     0                        EPOCH OF LAST MAP   
  7200                                                      INTERVAL            
    13                                                      # OF MAPS IN FILE   
  COSZ                                                      MAPPING FUNCTION    
     0.0                                                    ELEVATION CUTOFF    
combined TEC calculated as weighted mean of input TEC valuesOBSERVABLES USED    
   353                                                      # OF STATIONS       
    32                                                      # OF SATELLITES     
  6371.0                                                    BASE RADIUS         
     2                                                      MAP DIMENSION       
   450.0 450.0   0.0                                        HGT1 / HGT2 / DHGT  
    87.5 -87.5  -2.5                                        LAT1 / LAT2 / DLAT  
  -180.0 180.0   5.0                                        LON1 / LON2 / DLON  
    -1                                                      EXPONENT            
TEC values in 0.1 tec units;  9999, if no value available   COMMENT             
DCB values in nanoseconds, reference is Sum_of_SatDCBs = 0  COMMENT             
                                                            END OF HEADER       
[from data line 4719]
    12                                                      START OF TEC MAP    
  2021    10     9    22     0     0                        EPOCH OF CURRENT MAP
    87.5-180.0 180.0   5.0 450.0                            LAT/LON1/LON2/DLON/H
   39   40   40   40   41   41   41   42   42   42   43   43   43   43   43   44
   44   44   44   44   44   43   43   43   43   42   42   41   41   40   40   39
   39   38   37   37   36   36   36   36   36   35   35   35   35   35   35   36
   35   36   35   35   36   36   36   36   36   36   36   37   37   37   37   37
   38   38   38   38   38   38   39   39   39
    85.0-180.0 180.0   5.0 450.0                            LAT/LON1/LON2/DLON/H
   43   43   44   45   46   47   48   49   50   50   51   52   52   53   53   53
   53   53   53   53   52   51   51   50   49   48   47   46   45   45   44   43
   42   41   40   38   38   37   36   35   35   35   35   34   34   34   34   34
   34   34   35   35   35   36   36   37   37   37   37   37   37   38   38   38
   38   39   39   40   40   41   41   42   43
    82.5-180.0 180.0   5.0 450.0                            LAT/LON1/LON2/DLON/H
   47   48   49   51   52   54   56   57   59   61   62   64   64   65   65   65
   64   64   64   63   62   62   59   58   57   56   55   54   53   51   50   48
   47   45   44   43   42   41   40   40   39   38   37   36   36   36   36   36
   35   36   37   37   37   38   38   39   39   39   39   39   39   40   40   41
   41   41   42   43   43   44   45   46   47
    80.0-180.0 180.0   5.0 450.0                            LAT/LON1/LON2/DLON/H
   53   54   55   57   60   63   66   69   71   74   75   76   77   77   77   76
   76   75   73   71   69   68   66   66   65   63   61   60   59   57   56   55
   53   51   50   48   46   44   42   42   41   41   40   40   39   38   38   38
   38   38   39   40   40   41   41   41   41   41   41   41   41   42   42   43
   44   45   45   46   47   49   50   52   53
    77.5-180.0 180.0   5.0 450.0                            LAT/LON1/LON2/DLON/H
   59   61   63   67   70   74   77   81   84   86   87   88   89   89   88   87
   86   83   81   80   79   76   75   73   70   69   68   66   65   64   62   60
   58   57   55   54   51   49   47   45   43   42   41   41   40   40   40   40
   40   40   41   41   42   42   42   42   42   42   42   41   42   42   43   44
   46   47   48   50   52   53   55   57   59
    75.0-180.0 180.0   5.0 450.0                            LAT/LON1/LON2/DLON/H
   67   68   73   76   80   84   87   92   94   97  100  101  100   99  100   98
   93   89   89   85   81   77   75   72   72   69   68   67   67   66   65   63
   61   60   58   56   54   52   51   48   46   44   43   41   41   40   40   40
   40   40   40   41   41   41   41   40   39   40   39   40   40   41   42   44
   46   49   51   54   56   59   62   63   67
    72.5-180.0 180.0   5.0 450.0                            LAT/LON1/LON2/DLON/H
   73   77   80   83   87   91   95   99  103  107  108  109  110  110  107  102
   99   97   91   84   80   76   73   70   67   68   66   65   65   63   63   62
   60   58   57   55   52   50   50   48   46   44   42   40   39   38   38   37
   37   37   37   37   37   37   36   36   35   35   35   35   37   39   41   44
   47   50   53   58   61   64   67   70   73
    70.0-180.0 180.0   5.0 450.0                            LAT/LON1/LON2/DLON/H
   80   83   86   89   93   97  101  106  109  112  114  116  117  115  111  107
  103   97   89   84   79   74   70   67   64   64   61   60   59   59   57   56
   55   53   51   50   48   46   45   44   42   41   40   37   35   34   33   31
   31   31   30   29   30   30   30   30   30   30   30   31   33   35   38   42
   47   52   57   62   66   70   73   77   80
    67.5-180.0 180.0   5.0 450.0                            LAT/LON1/LON2/DLON/H
   86   88   91   94   97  101  105  109  112  115  118  120  121  118  115  111
  106   98   92   85   79   72   68   64   61   60   57   54   53   52   50   49
   48   45   42   42   41   39   38   37   37   35   34   32   31   30   27   27
   25   25   23   23   23   23   24   24   25   25   26   28   30   33   37   42
   48   54   61   66   71   76   80   84   86
    65.0-180.0 180.0   5.0 450.0                            LAT/LON1/LON2/DLON/H
   91   93   96   98  101  105  108  112  114  117  120  122  122  122  119  116
  110  103   98   90   82   76   71   66   62   58   56   52   49   47   44   42
   40   37   35   34   33   32   32   32   31   30   29   30   28   27   25   24
   23   21   21   19   20   20   21   21   22   23   25   27   30   33   38   44
   51   58   65   71   77   82   85   89   91
    62.5-180.0 180.0   5.0 450.0                            LAT/LON1/LON2/DLON/H
   97   99  102  104  106  110  113  115  117  120  123  124  125  125  123  120
  117  111  107   99   91   85   80   74   68   63   59   54   50   46   42   38
   35   33   30   29   28   28   28   29   29   28   29   30   29   28   27   25
   24   23   21   21   20   20   21   22   23   24   26   29   32   36   40   47
   54   62   69   76   82   87   90   94   97
    60.0-180.0 180.0   5.0 450.0                            LAT/LON1/LON2/DLON/H
  102  106  108  111  114  116  119  121  122  123  126  127  128  128  128  126
  123  119  116  110  103   97   91   86   79   73   67   62   56   50   45   40
   36   32   29   27   27   27   27   29   30   31   33   34   34   33   32   30
   28   26   24   23   23   23   24   25   27   28   30   32   35   40   45   51
   58   65   73   80   86   90   95   99  102
    57.5-180.0 180.0   5.0 450.0                            LAT/LON1/LON2/DLON/H
  109  114  118  122  124  126  128  129  129  130  131  132  133  133  133  131
  130  127  124  119  114  108  102   97   90   84   78   72   65   59   52   46
   40   36   32   29   29   29   31   33   36   38   40   42   42   40   38   37
   35   32   31   29   28   28   30   32   33   34   36   37   41   44   49   55
   63   69   76   84   89   94   99  104  109
    55.0-180.0 180.0   5.0 450.0                            LAT/LON1/LON2/DLON/H
  117  123  129  134  138  140  141  142  140  139  138  137  138  138  138  137
  135  133  129  126  122  116  110  105   98   93   88   84   76   69   61   53
   47   42   37   34   34   35   38   41   45   48   50   52   51   49   47   45
   43   41   39   37   35   36   38   39   40   41   42   43   47   50   55   61
   67   75   80   87   92   97  103  109  117
    52.5-180.0 180.0   5.0 450.0                            LAT/LON1/LON2/DLON/H
  126  134  142  148  154  157  158  156  154  151  147  144  143  142  141  140
  139  136  133  129  125  120  115  110  106  100   96   94   87   80   72   62
   54   48   44   42   42   43   46   50   54   59   61   62   62   60   58   55
   52   50   48   46   45   45   46   47   48   48   48   49   51   55   60   67
   73   78   85   90   96  101  109  117  126
    50.0-180.0 180.0   5.0 450.0                            LAT/LON1/LON2/DLON/H
  135  146  155  163  169  174  175  174  171  166  160  154  150  147  145  144
  141  138  134  130  127  122  118  114  110  107  104  102   96   90   81   71
   62   56   52   50   50   52   55   60   64   68   70   71   71   69   67   64
   60   59   56   55   55   55   56   57   57   56   55   55   57   61   66   73
   78   83   89   94  100  107  115  124  135
    47.5-180.0 180.0   5.0 450.0                            LAT/LON1/LON2/DLON/H
  145  156  166  176  183  189  192  190  189  183  174  165  159  154  150  148
  145  140  136  133  129  125  121  117  114  112  109  108  102   95   87   75
   67   62   58   57   57   59   62   66   71   75   78   79   79   77   74   71
   68   67   66   65   65   65   66   66   65   63   61   60   62   66   71   77
   83   89   94  100  105  112  122  133  145
    45.0-180.0 180.0   5.0 450.0                            LAT/LON1/LON2/DLON/H
  154  165  176  184  193  200  205  206  205  199  189  179  170  163  158  154
  150  145  140  136  132  129  126  122  119  116  112  108  102   94   86   76
   69   64   62   61   62   64   67   72   76   81   83   85   85   82   78   77
   76   75   75   75   74   74   74   73   71   67   64   63   65   70   76   82
   89   95  101  107  112  119  130  142  154
    42.5-180.0 180.0   5.0 450.0                            LAT/LON1/LON2/DLON/H
  161  172  181  190  197  205  211  216  216  211  202  191  181  174  168  163
  157  151  146  142  139  136  133  129  125  120  113  105   97   88   80   72
   66   63   62   64   65   67   71   75   79   83   86   88   88   86   84   83
   82   82   82   82   81   80   79   77   75   70   66   65   67   73   80   89
   97  104  110  115  120  127  137  149  161
    40.0-180.0 180.0   5.0 450.0                            LAT/LON1/LON2/DLON/H
  165  174  182  188  195  203  212  219  223  220  213  203  193  185  178  173
  167  161  155  152  149  146  142  137  133  124  113  101   90   80   72   66
   63   62   63   65   67   70   73   77   82   86   89   91   91   90   89   88
   88   87   87   86   84   83   82   80   77   72   68   68   70   77   86   96
  104  113  120  125  130  135  144  154  165
    37.5-180.0 180.0   5.0 450.0                            LAT/LON1/LON2/DLON/H
  167  174  180  184  189  197  208  218  225  226  221  213  204  197  190  184
  178  173  168  165  162  158  153  147  141  129  114   99   85   73   66   62
   61   62   64   67   70   74   77   81   85   89   92   94   96   95   93   91
   90   90   88   86   85   84   84   83   79   73   70   70   74   83   93  103
  112  121  129  135  139  143  150  158  167
    35.0-180.0 180.0   5.0 450.0                            LAT/LON1/LON2/DLON/H
  168  174  179  181  183  191  202  215  224  229  228  221  214  208  201  196
  190  185  181  177  175  170  165  158  150  135  117  100   83   70   64   62
   63   65   67   70   74   78   81   86   90   93   96   99   99   98   95   92
   91   89   87   85   83   83   83   83   80   74   72   73   80   89  100  110
  120  129  139  144  147  150  155  161  168
    32.5-180.0 180.0   5.0 450.0                            LAT/LON1/LON2/DLON/H
  172  177  183  184  184  188  197  209  220  227  230  228  224  218  213  207
  202  197  193  189  186  180  174  167  157  143  122  104   87   74   68   68
   70   73   74   77   80   84   87   90   95   98  101  103  103  101   96   92
   91   88   85   82   81   80   81   81   78   75   73   75   83   94  106  116
  126  135  145  151  155  157  162  166  172
    30.0-180.0 180.0   5.0 450.0                            LAT/LON1/LON2/DLON/H
  182  189  193  193  191  191  196  205  215  223  229  232  231  227  223  218
  213  208  203  198  193  187  180  172  163  148  127  109   94   83   80   81
   83   84   84   85   87   90   92   95  100  102  104  107  106  103   98   94
   90   87   82   78   76   75   76   77   76   74   73   77   87   99  111  120
  129  138  149  157  161  165  169  176  182
    27.5-180.0 180.0   5.0 450.0                            LAT/LON1/LON2/DLON/H
  200  211  216  213  208  203  203  206  212  220  228  235  238  236  231  228
  222  217  211  204  197  189  181  174  165  151  133  118  106   98   97   98
  101   99   96   95   96   98   98   99  102  105  107  108  108  105  100   95
   90   85   79   73   69   68   69   71   71   70   72   78   89  103  114  124
  132  141  153  162  169  175  180  190  200
    25.0-180.0 180.0   5.0 450.0                            LAT/LON1/LON2/DLON/H
  227  240  247  244  234  225  218  215  217  223  231  240  246  246  241  237
  230  225  217  207  197  187  178  174  166  155  140  129  121  117  119  120
  122  115  113  110  106  106  104  103  104  106  108  110  110  108  103   97
   91   83   74   67   62   60   61   64   65   65   68   77   89  104  117  127
  135  145  157  169  179  188  197  210  227
    22.5-180.0 180.0   5.0 450.0                            LAT/LON1/LON2/DLON/H
  257  276  284  283  271  258  245  237  233  235  241  251  258  260  254  248
  241  234  223  209  195  183  176  173  168  160  150  141  138  139  146  148
  148  139  131  126  118  114  110  108  105  105  108  111  113  112  107  100
   92   83   72   63   57   54   55   58   59   60   65   74   89  105  120  129
  138  149  162  178  193  206  219  236  257
    20.0-180.0 180.0   5.0 450.0                            LAT/LON1/LON2/DLON/H
  290  312  322  322  312  299  285  273  261  257  261  269  277  279  273  265
  256  246  233  215  197  182  174  174  172  167  160  154  154  159  173  177
  168  159  148  137  125  121  116  111  106  106  110  113  115  115  112  104
   95   85   74   63   55   51   52   54   55   56   61   72   88  106  122  132
  142  154  170  189  209  228  244  266  290
    17.5-180.0 180.0   5.0 450.0                            LAT/LON1/LON2/DLON/H
  322  344  355  357  351  341  329  317  301  291  290  297  303  305  298  289
  276  264  248  228  205  188  179  179  179  176  171  165  167  171  188  193
  177  168  155  137  123  120  117  111  106  106  110  114  119  120  116  109
  101   90   78   67   57   53   52   53   52   53   58   70   88  108  125  137
  148  163  181  203  227  250  270  296  322
    15.0-180.0 180.0   5.0 450.0                            LAT/LON1/LON2/DLON/H
  345  365  377  382  383  378  372  363  347  333  328  332  336  338  329  318
  304  290  270  247  221  201  191  189  188  184  180  176  177  177  188  190
  176  165  151  133  123  120  119  115  110  107  110  116  120  123  121  114
  107   98   85   73   63   57   56   55   53   53   58   71   91  111  130  144
  158  174  195  220  247  273  297  320  345
    12.5-180.0 180.0   5.0 450.0                            LAT/LON1/LON2/DLON/H
  356  373  385  393  402  404  406  403  391  377  372  370  373  375  368  353
  339  325  301  274  244  219  208  201  197  189  185  184  182  177  182  180
  167  159  146  135  130  132  133  126  116  111  111  116  122  125  124  119
  112  102   89   78   68   63   60   58   56   55   60   72   93  114  135  152
  168  187  210  237  266  291  315  336  356
    10.0-180.0 180.0   5.0 450.0                            LAT/LON1/LON2/DLON/H
  359  373  383  394  406  418  427  431  426  416  408  408  411  413  408  393
  380  367  341  309  274  247  230  219  209  199  193  190  184  177  176  171
  165  158  152  147  146  150  151  142  127  118  115  118  122  125  122  118
  111  102   91   80   72   67   64   63   60   58   63   75   95  117  140  159
  178  199  224  252  280  305  326  344  359
     7.5-180.0 180.0   5.0 450.0                            LAT/LON1/LON2/DLON/H
  358  368  377  388  401  418  435  449  452  445  438  438  443  447  444  431
  419  408  384  349  312  282  260  244  229  215  207  202  192  183  177  172
  172  170  170  168  168  169  169  159  143  127  119  118  119  120  116  112
  106   98   88   80   73   70   69   68   66   64   66   78   98  121  145  165
  186  208  233  261  288  311  331  346  358
     5.0-180.0 180.0   5.0 450.0                            LAT/LON1/LON2/DLON/H
  357  365  374  384  396  413  434  454  465  463  458  458  463  468  468  460
  451  441  418  386  351  317  292  272  252  237  226  218  208  198  188  184
  187  189  194  193  189  189  190  180  161  140  126  116  115  113  110  105
   97   90   83   77   72   71   73   73   71   69   70   81  100  123  148  170
  192  215  238  266  290  312  330  345  357
     2.5-180.0 180.0   5.0 450.0                            LAT/LON1/LON2/DLON/H
  358  367  378  391  398  411  430  453  468  470  466  465  470  476  478  475
  468  460  441  412  379  348  322  299  277  259  248  239  229  218  208  205
  209  213  217  212  209  212  213  202  180  153  132  116  111  109  104   97
   88   82   76   72   69   71   75   76   74   72   72   82  100  123  148  172
  195  217  240  264  288  308  327  343  358
