data/IONEX/CVBB2770.21i
     1.0            IONOSPHERE MAPS     MIX                 IONEX VERSION / TYPE
cmpcmb v1.2          GRL/UWM            27-oct-21 23:17     PGM / RUN BY / DATE 
ionex file containing IGS COMBINED Ionosphere maps          COMMENT             
global ionosphere maps for day 277, 2021                    DESCRIPTION         
IONEX file containing the COMBINED IGS TEC MAPS and DCBs    DESCRIPTION         
      IONEX files of the following IAACs were combined: cod DESCRIPTION         
                                                        esa DESCRIPTION         
                                                        jpl DESCRIPTION         
                                                        upc DESCRIPTION         
Contact address: Andrzej Krankowski                         DESCRIPTION
                 Geodynamics Research Laboratory            DESCRIPTION
                 University of Warmia and Mazury (GRL/UWM)  DESCRIPTION
                 Oczapowski St. 1                           DESCRIPTION
                 10-957-Olsztyn, POLAND                     DESCRIPTION
                 e-mail:  kand@uwm.edu.pl                   DESCRIPTION
                                                            DESCRIPTION         
  2021    10     4     0     0     0                        EPOCH OF FIRST MAP  
  2021    10     5     0     0     0                        EPOCH OF LAST MAP   
  7200                                                      INTERVAL            
    13                                                      # OF MAPS IN FILE   
  COSZ                                                      MAPPING FUNCTION    
     0.0                                                    ELEVATION CUTOFF    
combined TEC calculated as weighted mean of input TEC valuesOBSERVABLES USED    
   354                                                      # OF STATIONS       
    32                                                      # OF SATELLITES     
  6371.0                                                    BASE RADIUS         
     2                                                      MAP DIMENSION       
   450.0 450.0   0.0                                        HGT1 / HGT2 / DHGT  
    87.5 -87.5  -2.5                                        LAT1 / LAT2 / DLAT  
  -180.0 180.0   5.0                                        LON1 / LON2 / DLON  
    -1                                                      EXPONENT            
TEC values in 0.1 tec units;  9999, if no value available   COMMENT             
DCB values in nanoseconds, reference is Sum_of_SatDCBs = 0  COMMENT             
                                                            END OF HEADER       
[from data line 5148]
    13                                                      START OF TEC MAP    
  2021    10     5     0     0     0                        EPOCH OF CURRENT MAP
    87.5-180.0 180.0   5.0 450.0                            LAT/LON1/LON2/DLON/H
   77   77   78   79   79   80   80   81   81   82   82   82   82   82   82   82
   82   81   80   80   79   78   77   76   75   74   72   71   70   69   68   67
   66   65   64   63   62   62   62   61   61   61   60   60   60   60   61   61
   61   61   62   62   62   63   64   64   65   66   66   67   68   68   69   70
   71   71   73   73   74   75   75   76   77
    85.0-180.0 180.0   5.0 450.0                            LAT/LON1/LON2/DLON/H
   79   79   81   83   85   86   88   89   90   91   92   92   92   93   92   92
   91   90   90   88   86   84   82   80   78   75   73   70   68   66   64   62
   61   59   58   56   55   54   54   53   53   52   52   52   52   53   53   53
   54   55   56   56   57   58   59   60   61   63   63   65   66   67   68   69
   70   71   71   72   73   74   76   77   79
    82.5-180.0 180.0   5.0 450.0                            LAT/LON1/LON2/DLON/H
   83   85   87   90   92   94   97   99  100  101  102  103  102  103  101  101
   99   97   96   94   92   88   85   81   77   74   72   68   66   63   61   57
   55   52   51   48   47   46   46   46   45   46   46   47   47   48   49   49
   50   51   52   53   54   55   57   58   60   60   62   64   65   66   68   69
   70   71   72   73   75   77   79   80   83
    80.0-180.0 180.0   5.0 450.0                            LAT/LON1/LON2/DLON/H
   88   90   92   94   96   98  100  102  104  105  107  108  109  109  108  107
  105  103  101   98   93   89   86   79   75   70   65   62   58   55   51   49
   46   44   42   41   40   39   38   39   40   40   41   43   44   45   46   47
   48   48   49   50   52   53   55   56   58   60   62   64   65   67   69   71
   73   74   76   78   80   82   83   86   88
    77.5-180.0 180.0   5.0 450.0                            LAT/LON1/LON2/DLON/H
   92   94   96   96   98  100  101  103  105  107  108  110  111  111  109  107
  105  102   99   94   89   83   78   74   67   63   59   56   54   50   45   42
   40   38   38   36   36   34   35   35   36   37   38   39   41   43   44   45
   46   46   47   48   49   51   53   55   57   59   62   64   67   69   72   75
   77   79   81   83   85   87   89   91   92
    75.0-180.0 180.0   5.0 450.0                            LAT/LON1/LON2/DLON/H
   98   99  100  100  100  101  101  103  106  108  109  108  108  109  107  105
  103   97   91   86   82   77   72   66   63   59   54   50   48   45   43   40
   37   35   34   34   34   33   32   33   33   34   35   36   38   39   41   42
   43   43   44   45   46   47   50   53   55   58   61   64   68   72   75   78
   81   84   87   89   92   94   96   97   98
    72.5-180.0 180.0   5.0 450.0                            LAT/LON1/LON2/DLON/H
  106  105  105  103  102  102  103  105  107  108  108  107  107  105  103   99
   94   88   83   80   75   69   63   60   55   53   48   44   41   39   38   36
   35   33   33   33   33   32   31   30   31   31   33   34   35   36   38   39
   39   39   40   40   42   44   46   49   53   56   60   64   69   73   77   82
   86   89   93   97  100  102  105  106  106
    70.0-180.0 180.0   5.0 450.0                            LAT/LON1/LON2/DLON/H
  113  112  110  107  105  104  105  106  107  108  108  108  106  102   98   92
   86   80   75   70   67   61   56   52   48   45   42   38   36   35   34   34
   33   33   33   32   32   31   30   29   29   30   31   32   33   34   35   35
   35   34   34   35   36   38   41   45   49   54   59   64   70   74   80   85
   89   94   99  103  107  111  113  114  113
    67.5-180.0 180.0   5.0 450.0                            LAT/LON1/LON2/DLON/H
  121  119  115  111  108  106  106  106  107  108  108  107  105  102   95   89
   82   74   68   63   60   55   50   46   43   40   37   34   32   32   33   32
   31   31   32   31   30   29   28   27   27   28   28   29   30   31   31   31
   29   29   28   29   30   32   36   41   46   52   58   65   70   76   81   87
   92   97  102  108  113  117  119  121  121
    65.0-180.0 180.0   5.0 450.0                            LAT/LON1/LON2/DLON/H
  126  124  120  115  111  108  107  107  108  109  109  108  106  102   96   90
   82   74   66   60   56   51   47   44   40   38   35   32   30   30   30   31
   30   29   29   30   29   27   25   24   24   24   24   25   26   27   28   27
   25   24   23   24   25   28   32   38   44   52   59   66   72   78   83   88
   94   99  105  111  116  121  124  126  126
    62.5-180.0 180.0   5.0 450.0                            LAT/LON1/LON2/DLON/H
  130  127  124  118  113  110  108  108  109  110  111  110  108  104   98   92
   86   78   71   64   57   53   49   44   40   38   35   32   30   28   27   28
   28   28   27   26   25   24   22   21   19   20   21   23   24   26   26   25
   23   22   20   20   22   26   30   36   44   54   62   70   76   81   86   90
   95  101  106  112  117  123  127  130  130
    60.0-180.0 180.0   5.0 450.0                            LAT/LON1/LON2/DLON/H
  133  131  127  121  116  112  110  111  111  113  114  113  111  107  102   97
   91   85   79   73   65   60   55   50   45   42   37   34   31   29   26   26
   26   26   25   23   23   21   20   19   19   20   22   24   26   28   28   27
   25   22   20   20   22   25   30   37   45   56   65   74   80   85   89   94
   98  102  108  114  120  125  130  132  133
    57.5-180.0 180.0   5.0 450.0                            LAT/LON1/LON2/DLON/H
  138  136  133  127  121  116  113  112  113  115  116  116  114  111  107  102
   98   92   87   81   74   69   63   58   53   48   43   40   36   32   29   28
   26   25   24   23   23   22   22   22   23   25   28   30   32   33   33   31
   28   26   24   23   25   28   33   41   50   61   69   78   85   90   94   98
  102  106  112  117  123  128  133  136  138
    55.0-180.0 180.0   5.0 450.0                            LAT/LON1/LON2/DLON/H
  145  145  141  136  129  122  118  116  116  118  118  119  117  115  112  108
  103   99   93   87   81   75   70   66   61   56   51   47   43   39   36   33
   31   29   28   28   28   29   29   31   32   35   37   40   41   41   40   39
   36   34   31   31   32   34   40   47   56   66   75   84   90   95   99  102
  107  112  118  124  129  134  139  142  145
    52.5-180.0 180.0   5.0 450.0                            LAT/LON1/LON2/DLON/H
  155  155  154  148  142  133  126  122  120  121  121  122  121  119  117  114
  110  104   99   92   86   81   76   73   68   63   59   55   51   47   43   40
   38   37   36   36   38   40   42   43   44   46   48   50   50   49   48   48
   46   44   42   42   42   44   48   54   62   72   81   88   95   99  104  108
  113  119  126  132  138  142  147  151  155
    50.0-180.0 180.0   5.0 450.0                            LAT/LON1/LON2/DLON/H
  166  169  168  164  157  147  137  130  127  126  126  126  125  123  121  119
  115  110  103   96   90   85   81   79   75   73   68   64   59   55   51   48
   46   46   47   49   51   53   56   57   57   58   59   60   59   59   58   58
   57   56   55   54   54   55   57   62   69   78   86   94  100  104  108  113
  119  126  134  141  147  153  158  162  166
    47.5-180.0 180.0   5.0 450.0                            LAT/LON1/LON2/DLON/H
  178  183  183  179  172  162  151  142  136  134  132  130  129  128  127  125
  121  115  107  100   94   90   88   87   85   82   79   73   68   63   60   57
   55   56   57   60   63   67   69   69   69   69   68   68   68   67   67   68
   67   68   69   67   66   66   67   70   77   85   93  100  106  110  114  119
  125  134  143  150  157  162  169  173  178
    45.0-180.0 180.0   5.0 450.0                            LAT/LON1/LON2/DLON/H
  187  192  193  191  185  176  165  154  146  142  140  137  135  134  133  132
  127  120  112  105   99   95   94   93   93   91   87   80   74   69   65   63
   62   63   66   70   74   77   78   79   78   76   75   75   74   73   74   77
   78   80   80   78   76   74   75   78   84   93  101  108  113  116  120  125
  131  139  149  157  164  169  175  181  187
    42.5-180.0 180.0   5.0 450.0                            LAT/LON1/LON2/DLON/H
  190  195  199  199  196  187  178  167  159  152  148  144  142  142  141  140
  135  127  118  111  106  102  100   98   96   94   90   83   76   71   67   65
   65   67   71   75   79   83   83   84   83   81   79   79   79   80   80   83
   87   88   87   85   82   80   81   85   92  101  110  117  122  125  126  130
  136  144  153  160  168  173  178  184  190
    40.0-180.0 180.0   5.0 450.0                            LAT/LON1/LON2/DLON/H
  190  195  199  202  200  195  187  179  171  163  157  152  150  150  150  149
  144  136  126  119  115  110  105  100   96   92   89   81   74   69   66   65
   66   69   73   78   81   84   85   85   84   83   82   83   83   85   87   90
   93   94   92   88   84   83   85   91  100  110  119  127  132  134  134  137
  141  148  156  163  170  175  180  184  190
    37.5-180.0 180.0   5.0 450.0                            LAT/LON1/LON2/DLON/H
  188  193  197  199  200  197  194  188  182  174  167  161  159  159  160  159
  155  147  136  129  124  118  110  101   95   89   84   76   69   67   64   64
   66   70   74   78   82   84   84   85   85   85   85   86   88   90   91   94
   96   97   94   88   85   85   89   97  108  120  129  136  141  144  144  146
  148  154  161  166  173  177  182  186  188
    35.0-180.0 180.0   5.0 450.0                            LAT/LON1/LON2/DLON/H
  192  192  194  194  196  197  197  195  191  186  179  172  169  169  170  169
  164  156  147  138  133  125  114  100   91   84   78   72   67   65   64   65
   69   73   76   80   82   84   84   86   87   88   89   91   91   92   93   94
   95   95   92   85   83   85   92  103  114  127  137  145  151  154  156  158
  160  166  172  178  185  187  190  193  192
    32.5-180.0 180.0   5.0 450.0                            LAT/LON1/LON2/DLON/H
  204  199  196  194  194  198  199  200  198  195  189  183  180  179  180  178
  173  166  157  147  141  129  113   96   84   77   73   70   67   66   68   71
   75   78   81   84   86   86   87   88   90   92   93   93   92   91   91   91
   90   88   85   80   79   83   92  104  118  131  142  151  159  165  171  175
  179  186  194  201  207  208  209  209  204
    30.0-180.0 180.0   5.0 450.0                            LAT/LON1/LON2/DLON/H
  227  217  209  203  201  201  204  207  206  204  200  195  191  190  188  185
  181  173  164  155  146  130  111   90   78   72   71   71   72   74   77   82
   86   88   91   93   93   92   92   94   94   95   95   93   92   90   88   87
   85   81   77   73   73   78   89  104  119  132  143  153  163  175  186  195
  203  213  225  235  242  244  244  237  227
    27.5-180.0 180.0   5.0 450.0                            LAT/LON1/LON2/DLON/H
  263  248  236  225  218  217  219  220  219  216  213  207  203  200  196  191
  186  178  169  161  148  130  108   87   77   74   75   78   83   87   92   97
  100  101  103  104  103  100   99  100   98   97   94   92   91   88   85   82
   79   74   69   65   66   73   86  102  118  132  143  155  168  184  201  217
  233  246  264  278  288  293  287  277  263
    25.0-180.0 180.0   5.0 450.0                            LAT/LON1/LON2/DLON/H
  310  291  277  260  248  243  243  242  239  235  230  222  216  211  204  196
  190  182  173  164  149  129  108   90   84   86   90   95  101  107  111  114
  115  115  114  114  111  108  106  105  101   97   94   92   89   85   81   77
   71   66   60   57   59   68   82   98  116  131  143  156  172  193  217  241
  262  280  304  321  336  342  338  328  310
    22.5-180.0 180.0   5.0 450.0                            LAT/LON1/LON2/DLON/H
  360  343  322  305  290  281  279  275  269  263  254  242  232  224  214  204
  193  186  178  167  152  133  113  105  111  120  123  124  130  130  132  131
  129  127  123  121  117  113  109  105  101   97   94   90   86   82   75   69
   62   58   53   51   54   64   77   95  113  129  143  158  177  203  233  262
  287  309  334  358  378  387  385  377  360
    20.0-180.0 180.0   5.0 450.0                            LAT/LON1/LON2/DLON/H
  403  387  370  355  340  330  322  316  309  298  283  269  253  239  224  211
  199  190  181  173  160  144  129  141  168  177  175  178  161  157  154  146
  141  138  129  123  119  114  109  105  101   97   92   87   82   75   67   62
   56   52   48   47   51   61   75   93  112  130  146  164  185  214  247  279
  304  328  353  381  400  415  420  417  403
    17.5-180.0 180.0   5.0 450.0                            LAT/LON1/LON2/DLON/H
  430  420  410  400  389  379  373  367  357  342  320  300  277  256  237  220
  207  197  189  183  176  163  153  187  230  231  218  215  187  179  173  168
  147  142  130  121  117  112  109  106  103   96   89   82   77   70   62   55
   51   48   45   45   49   60   75   95  115  133  150  171  196  226  259  289
  315  336  357  380  395  416  429  435  430
    15.0-180.0 180.0   5.0 450.0                            LAT/LON1/LON2/DLON/H
  433  435  435  434  430  425  421  416  406  387  362  335  307  280  254  233
  218  209  203  201  196  188  185  220  249  246  225  214  197  194  189  178
  147  135  124  116  114  117  115  111  103   95   86   79   72   65   59   54
   50   48   45   45   50   60   77   98  118  137  157  181  207  235  267  296
  319  335  350  364  380  397  415  426  433
    12.5-180.0 180.0   5.0 450.0                            LAT/LON1/LON2/DLON/H
  415  429  442  452  457  458  458  457  447  428  401  370  336  308  275  250
  234  228  223  225  216  212  215  232  239  231  205  185  188  189  178  165
  139  122  114  111  111  120  120  114  105   94   84   77   70   65   59   55
   52   49   47   47   51   61   79  100  121  142  164  190  217  245  274  300
  320  332  340  347  356  367  382  401  415
    10.0-180.0 180.0   5.0 450.0                            LAT/LON1/LON2/DLON/H
  389  411  434  453  467  477  483  481  474  456  429  397  359  331  299  271
  257  253  249  248  238  235  237  237  231  212  179  154  159  163  148  137
  123  113  108  107  109  119  120  117  110   96   85   77   71   66   61   57
   53   50   47   47   50   61   80  101  123  146  170  197  226  253  280  303
  318  328  332  333  334  341  353  369  389
     7.5-180.0 180.0   5.0 450.0                            LAT/LON1/LON2/DLON/H
  368  393  420  444  464  479  489  491  484  468  442  413  379  349  323  296
  284  279  272  265  257  254  248  235  218  191  159  135  130  133  128  126
  121  114  109  109  111  115  119  120  112   98   87   79   73   67   62   58
   54   51   47   45   49   61   79  101  124  146  172  201  230  259  285  305
  318  325  328  326  323  326  334  347  368
     5.0-180.0 180.0   5.0 450.0                            LAT/LON1/LON2/DLON/H
  360  382  407  431  452  469  480  484  477  463  441  414  388  365  342  319
  305  297  290  281  271  264  251  231  208  177  148  129  116  117  122  127
  127  124  121  121  122  118  121  119  108   98   88   80   72   67   62   57
   53   50   47   44   48   60   79  102  124  147  172  199  229  260  288  311
  322  329  331  330  329  331  335  344  360
     2.5-180.0 180.0   5.0 450.0                            LAT/LON1/LON2/DLON/H
  369  382  400  420  438  453  462  465  457  445  428  407  388  373  354  335
  321  310  301  293  281  267  247  224  198  169  146  129  120  122  133  141
  144  144  142  139  137  129  125  115  106   98   88   78   71   65   59   54
   51   49   46   44   47   59   78  101  123  144  168  195  225  257  289  315
  333  343  345  345  349  357  358  361  369
