data/IONEX/CVBB3160.21i
     1.0            IONOSPHERE MAPS     MIX                 IONEX VERSION / TYPE
cmpcmb v1.2          GRL/UWM             6-dec-21 18:41     PGM / RUN BY / DATE 
ionex file containing IGS COMBINED Ionosphere maps          COMMENT             
global ionosphere maps for day 316, 2021                    DESCRIPTION         
IONEX file containing the COMBINED IGS TEC MAPS and DCBs    DESCRIPTION         
      IONEX files of the following IAACs were combined: cod DESCRIPTION         
                                                        esa DESCRIPTION         
                                                        jpl DESCRIPTION         
                                                        upc DESCRIPTION         
Contact address: Andrzej Krankowski                         DESCRIPTION
                 Geodynamics Research Laboratory            DESCRIPTION
                 University of Warmia and Mazury (GRL/UWM)  DESCRIPTION
                 Oczapowski St. 1                           DESCRIPTION
                 10-957-Olsztyn, POLAND                     DESCRIPTION
                 e-mail:  kand@uwm.edu.pl                   DESCRIPTION
                                                            DESCRIPTION         
  2021    11    12     0     0     0                        EPOCH OF FIRST MAP  
  2021    11    13     0     0     0                        EPOCH OF LAST MAP   
  7200                                                      INTERVAL            
    13                                                      # OF MAPS IN FILE   
  COSZ                                                      MAPPING FUNCTION    
     0.0                                                    ELEVATION CUTOFF    
combined TEC calculated as weighted mean of input TEC valuesOBSERVABLES USED    
   353                                                      # OF STATIONS       
    32                                                      # OF SATELLITES     
  6371.0                                                    BASE RADIUS         
     2                                                      MAP DIMENSION       
   450.0 450.0   0.0                                        HGT1 / HGT2 / DHGT  
    87.5 -87.5  -2.5                                        LAT1 / LAT2 / DLAT  
  -180.0 180.0   5.0                                        LON1 / LON2 / DLON  
    -1                                                      EXPONENT            
TEC values in 0.1 tec units;  9999, if no value available   COMMENT             
DCB values in nanoseconds, reference is Sum_of_SatDCBs = 0  COMMENT             
                                                            END OF HEADER       
[from data line 1716]
     5                                                      START OF TEC MAP    
  2021    11    12     8     0     0                        EPOCH OF CURRENT MAP
    87.5-180.0 180.0   5.0 450.0                            LAT/LON1/LON2/DLON/H
   31   31   32   32   32   32   32   32   32   32   32   32   32   32   31   31
   31   32   31   31   31   31   30   30   30   30   30   30   30   30   30   30
   31   31   31   31   31   31   31   31   31   31   31   30   30   30   30   30
   30   29   29   29   30   29   29   29   29   29   29   30   30   30   30   30
   30   30   30   31   30   31   31   31   31
    85.0-180.0 180.0   5.0 450.0                            LAT/LON1/LON2/DLON/H
   32   32   33   33   34   34   34   34   34   33   33   33   33   33   32   32
   31   31   30   29   29   29   28   28   28   28   29   29   29   29   30   30
   31   31   31   32   32   32   32   32   33   32   32   32   32   31   31   31
   30   30   29   29   29   29   28   28   28   27   27   27   27   27   27   28
   28   28   29   29   30   30   31   31   32
    82.5-180.0 180.0   5.0 450.0                            LAT/LON1/LON2/DLON/H
   33   33   34   34   34   35   35   34   34   34   33   33   32   30   29   28
   28   27   28   27   27   27   25   25   26   26   27   28   28   29   30   31
   31   32   33   33   34   34   34   35   36   36   36   36   36   36   36   35
   35   34   33   32   31   31   30   29   28   27   27   26   26   26   26   25
   26   26   26   27   28   29   30   32   33
    80.0-180.0 180.0   5.0 450.0                            LAT/LON1/LON2/DLON/H
   31   32   34   34   35   36   36   36   35   34   33   31   30   28   27   26
   24   23   22   22   22   23   24   25   25   26   27   28   29   30   31   32
   34   35   36   37   38   38   39   40   39   40   40   41   41   41   42   42
   42   42   41   39   39   37   36   34   33   31   30   29   27   26   25   25
   25   25   25   26   27   28   29   30   31
    77.5-180.0 180.0   5.0 450.0                            LAT/LON1/LON2/DLON/H
   29   31   32   34   35   36   36   36   35   34   33   31   29   27   24   22
   21   20   19   20   21   22   23   24   25   27   28   29   30   32   32   33
   34   35   37   38   39   40   41   43   43   44   45   46   48   48   49   50
   51   52   52   51   50   48   47   45   43   41   38   35   32   30   28   27
   26   26   25   26   26   26   27   28   29
    75.0-180.0 180.0   5.0 450.0                            LAT/LON1/LON2/DLON/H
   27   28   30   32   34   35   35   35   35   34   32   29   27   24   22   19
   18   18   19   20   22   24   25   27   29   31   31   31   32   32   33   33
   34   34   36   38   39   41   43   45   47   49   50   52   54   56   58   60
   61   63   64   64   64   62   61   59   56   53   48   44   41   37   35   32
   31   29   28   27   26   25   25   26   27
    72.5-180.0 180.0   5.0 450.0                            LAT/LON1/LON2/DLON/H
   24   25   27   29   31   32   33   33   34   32   30   28   25   22   19   18
   18   19   20   24   26   29   31   33   35   35   37   35   34   34   33   33
   33   34   35   37   39   42   44   48   51   53   56   58   61   64   68   70
   73   75   77   79   78   78   76   73   70   66   60   55   50   46   42   39
   36   34   32   30   27   26   25   24   24
    70.0-180.0 180.0   5.0 450.0                            LAT/LON1/LON2/DLON/H
   21   21   22   24   27   29   31   32   32   31   29   26   24   20   19   19
   20   21   25   28   32   35   38   40   40   40   39   38   36   34   32   31
   31   32   34   36   38   42   46   50   54   57   61   64   68   72   77   81
   85   88   90   92   93   92   89   86   82   77   70   64   59   54   49   46
   43   39   37   33   30   27   24   22   21
    67.5-180.0 180.0   5.0 450.0                            LAT/LON1/LON2/DLON/H
   19   18   19   20   23   25   28   30   30   29   28   25   23   20   19   20
   22   25   29   33   37   41   43   43   44   42   40   38   34   32   30   29
   29   30   32   35   38   42   47   52   57   62   66   70   75   80   85   90
   95   98  101  103  103  102   99   95   90   83   76   70   65   59   55   51
   47   44   41   37   33   29   25   22   19
    65.0-180.0 180.0   5.0 450.0                            LAT/LON1/LON2/DLON/H
   19   17   17   17   20   22   24   26   27   26   26   24   23   21   21   22
   24   28   31   35   40   43   45   44   44   41   38   35   31   29   27   27
   27   29   32   35   39   44   50   55   61   65   72   76   82   87   92   97
  102  106  108  110  109  108  104   99   93   86   79   73   67   61   57   53
   50   47   44   40   36   31   27   23   19
    62.5-180.0 180.0   5.0 450.0                            LAT/LON1/LON2/DLON/H
   20   18   16   16   18   19   21   23   24   24   24   23   22   22   22   23
   26   28   32   36   40   42   43   42   41   37   34   31   28   26   24   25
   26   29   33   38   43   47   53   59   65   71   77   82   87   93   98  102
  107  110  112  113  112  109  105  100   93   86   79   73   66   61   57   53
   50   47   44   41   38   34   29   25   20
    60.0-180.0 180.0   5.0 450.0                            LAT/LON1/LON2/DLON/H
   25   21   19   18   18   19   20   22   23   23   22   22   22   22   23   24
   26   28   31   35   37   38   38   37   35   32   29   26   24   23   23   25
   27   32   37   42   47   52   58   64   71   77   83   88   94   98  103  107
  110  112  114  114  112  109  105  100   93   87   79   73   67   61   56   52
   48   46   43   42   40   37   33   28   25
    57.5-180.0 180.0   5.0 450.0                            LAT/LON1/LON2/DLON/H
   29   26   24   22   22   21   21   22   22   22   22   22   22   23   24   24
   26   28   29   31   32   33   32   31   29   28   26   25   24   24   25   27
   31   36   42   49   53   59   64   70   77   83   89   94   99  104  107  110
  112  115  116  114  113  109  105  101   95   89   83   77   69   64   57   52
   47   44   42   41   40   38   36   33   29
    55.0-180.0 180.0   5.0 450.0                            LAT/LON1/LON2/DLON/H
   35   33   31   29   27   26   25   25   24   23   23   23   23   24   24   24
   25   26   26   27   28   28   27   27   27   27   26   27   27   28   29   32
   37   43   49   55   60   66   71   77   84   90   96  101  106  110  112  115
  117  118  118  116  113  110  107  103   99   95   89   84   77   70   62   55
   48   44   41   40   40   40   38   37   35
    52.5-180.0 180.0   5.0 450.0                            LAT/LON1/LON2/DLON/H
   40   39   38   37   35   33   32   30   29   27   26   25   26   26   26   25
   25   25   25   26   25   26   26   27   29   31   32   34   34   35   35   39
   44   50   57   63   69   74   80   85   91   97  103  109  113  117  120  123
  124  124  123  120  117  114  112  109  107  103   99   94   87   79   70   61
   52   46   41   40   40   40   41   41   40
    50.0-180.0 180.0   5.0 450.0                            LAT/LON1/LON2/DLON/H
   44   44   45   44   43   41   39   37   36   33   31   30   30   30   29   29
   28   28   27   28   28   29   30   32   36   40   42   44   44   44   43   46
   50   57   64   70   77   83   89   94   99  105  111  116  121  125  128  132
  133  132  130  127  123  121  119  117  116  114  110  106   99   90   80   69
   58   50   44   41   41   42   43   43   44
    47.5-180.0 180.0   5.0 450.0                            LAT/LON1/LON2/DLON/H
   47   48   49   50   50   49   47   45   44   42   39   37   37   36   35   35
   34   34   33   34   35   36   38   41   45   50   54   56   55   54   52   53
   57   63   70   78   85   92   98  103  108  114  119  124  129  133  137  141
  142  142  138  134  130  128  127  125  124  122  120  116  109  100   90   78
   65   56   49   45   44   44   45   46   47
    45.0-180.0 180.0   5.0 450.0                            LAT/LON1/LON2/DLON/H
   49   50   52   54   55   55   54   53   51   49   48   46   45   44   43   43
   43   42   43   44   45   47   49   52   57   62   66   67   65   62   59   59
   62   69   77   85   94  102  108  113  118  123  128  132  137  142  146  149
  151  150  146  141  137  134  133  131  130  127  125  121  115  107   97   86
   73   63   55   50   48   47   47   48   49
    42.5-180.0 180.0   5.0 450.0                            LAT/LON1/LON2/DLON/H
   50   51   53   56   58   60   59   59   58   57   56   55   54   54   53   53
   53   54   54   55   56   58   60   63   67   72   75   75   71   67   64   65
   68   76   85   93  103  110  118  123  128  133  136  141  145  150  154  157
  158  157  153  147  143  139  137  135  132  128  124  120  115  108   99   91
   80   70   62   56   52   50   49   49   50
    40.0-180.0 180.0   5.0 450.0                            LAT/LON1/LON2/DLON/H
   50   50   53   55   59   61   63   64   65   66   65   65   64   63   63   63
   63   64   64   65   66   67   69   71   74   78   79   78   74   70   68   71
   76   83   92  102  112  119  127  133  139  143  147  149  153  157  160  163
  164  162  158  153  148  145  142  138  133  127  121  115  110  105   99   92
   84   75   66   61   56   53   51   49   50
    37.5-180.0 180.0   5.0 450.0                            LAT/LON1/LON2/DLON/H
   49   49   51   54   57   60   63   66   70   73   73   73   73   72   72   72
   72   73   74   74   74   74   74   76   78   80   80   78   74   71   71   75
   83   92  102  111  121  129  136  143  149  153  156  158  161  162  165  166
  167  166  163  159  155  153  149  145  137  129  120  114  108  103   99   93
   87   79   71   64   60   55   52   50   49
    35.0-180.0 180.0   5.0 450.0                            LAT/LON1/LON2/DLON/H
   49   49   50   52   54   57   60   65   71   76   79   81   82   82   81   80
   80   81   80   80   79   77   77   77   78   79   78   75   73   72   74   80
   89  100  111  120  130  138  147  153  159  164  166  169  169  169  168  169
  169  170  169  168  167  167  163  159  151  141  130  121  113  107  102   97
   92   84   77   69   63   57   54   51   49
    32.5-180.0 180.0   5.0 450.0                            LAT/LON1/LON2/DLON/H
   52   50   50   51   52   54   56   61   68   75   79   84   86   88   87   88
   88   86   85   83   81   79   77   75   75   75   74   71   70   71   76   84
   95  106  118  129  137  145  155  163  169  174  177  179  180  177  173  172
  173  176  180  182  185  188  188  186  179  168  154  143  131  120  112  106
   99   91   84   75   68   62   58   54   52
    30.0-180.0 180.0   5.0 450.0                            LAT/LON1/LON2/DLON/H
   56   54   53   51   51   50   51   56   63   69   74   82   85   89   91   92
   91   89   87   84   81   78   75   72   70   69   69   68   67   70   78   87
  100  113  125  135  143  152  163  172  179  186  190  192  192  187  182  180
  182  187  195  204  212  220  225  227  221  208  192  178  162  146  132  122
  112  103   94   83   75   68   62   59   56
    27.5-180.0 180.0   5.0 450.0                            LAT/LON1/LON2/DLON/H
   63   60   57   54   51   49   48   51   56   62   69   77   82   85   89   91
   90   88   86   81   78   75   72   70   68   66   65   65   65   69   78   90
  104  118  129  139  148  158  170  181  190  198  204  208  206  199  196  193
  196  206  219  234  247  258  270  277  272  259  243  227  205  183  163  147
  133  120  109   96   86   78   71   67   63
    25.0-180.0 180.0   5.0 450.0                            LAT/LON1/LON2/DLON/H
   73   69   65   61   56   51   48   48   51   56   62   69   74   79   83   85
   86   83   81   77   74   72   71   69   68   66   64   62   62   67   77   91
  106  119  131  142  153  164  177  189  201  210  219  225  223  215  214  213
  217  232  249  271  289  302  318  331  327  316  301  283  257  230  202  181
  160  144  128  114  103   92   84   78   73
    22.5-180.0 180.0   5.0 450.0                            LAT/LON1/LON2/DLON/H
   86   82   77   73   66   59   53   49   49   52   56   62   67   71   76   78
   79   78   76   73   71   71   71   70   70   67   64   62   62   68   78   91
  105  118  131  144  159  170  185  197  208  218  229  239  241  237  236  237
  245  264  287  307  329  345  362  377  376  367  356  337  313  281  248  222
  195  173  153  137  123  109   99   92   86
    20.0-180.0 180.0   5.0 450.0                            LAT/LON1/LON2/DLON/H
  100   95   91   87   80   71   63   57   53   52   54   57   61   65   69   71
   72   72   71   70   70   71   72   72   72   70   67   65   65   70   78   89
  104  118  132  148  165  179  194  207  217  226  241  255  260  259  261  266
  280  298  321  344  361  377  393  404  407  403  394  379  357  326  292  264
  234  206  180  161  143  128  116  107  100
    17.5-180.0 180.0   5.0 450.0                            LAT/LON1/LON2/DLON/H
  113  108  105  102   96   87   78   70   62   58   57   57   58   61   64   65
   67   67   67   68   70   72   74   75   75   75   73   70   70   72   79   89
  104  120  135  153  172  188  206  220  230  239  256  272  279  282  287  296
  314  331  353  371  382  394  405  410  416  414  409  401  382  359  328  300
  272  240  208  185  164  148  133  122  113
    15.0-180.0 180.0   5.0 450.0                            LAT/LON1/LON2/DLON/H
  127  120  117  116  112  103   96   85   76   69   66   63   62   62   63   63
   63   62   64   66   69   73   77   78   79   78   76   74   74   76   82   91
  106  123  141  159  179  197  218  234  244  253  271  287  296  304  313  323
  341  359  374  384  391  397  401  404  407  408  407  403  392  370  348  326
  301  269  236  209  185  166  148  135  127
    12.5-180.0 180.0   5.0 450.0                            LAT/LON1/LON2/DLON/H
  137  131  129  127  125  119  111  100   91   82   78   74   71   69   67   66
   63   62   63   66   69   72   77   79   80   80   79   78   78   81   86   96
  111  129  148  167  187  207  227  243  255  267  284  299  310  321  333  346
  361  373  382  387  389  389  388  388  391  393  395  393  387  374  359  341
  317  288  256  228  201  180  161  146  137
    10.0-180.0 180.0   5.0 450.0                            LAT/LON1/LON2/DLON/H
  146  139  136  135  132  128  122  113  107   99   93   88   85   80   78   73
   68   65   65   67   69   72   77   79   80   82   82   82   83   85   90  102
  118  136  155  176  195  215  234  249  262  276  293  309  323  335  348  360
  371  379  384  384  383  381  375  373  375  378  381  382  380  372  362  344
  321  294  266  238  211  189  169  154  146
     7.5-180.0 180.0   5.0 450.0                            LAT/LON1/LON2/DLON/H
  150  143  138  136  133  129  126  121  118  113  108  104  101   96   91   84
   79   73   70   71   71   73   76   79   82   85   86   86   87   89   96  108
  124  143  162  181  200  218  235  251  266  281  299  315  330  344  357  366
  375  381  383  382  381  378  371  368  369  372  376  378  376  368  359  344
  323  298  269  239  213  191  173  158  150
     5.0-180.0 180.0   5.0 450.0                            LAT/LON1/LON2/DLON/H
  150  144  139  133  130  126  124  121  121  121  120  118  115  110  105   97
   90   82   77   75   73   74   77   81   85   88   89   89   90   93  102  115
  131  150  168  184  201  218  234  251  268  283  301  318  334  349  360  370
  378  382  384  385  386  383  378  376  378  379  383  384  380  372  360  346
  326  300  269  239  211  188  170  158  150
     2.5-180.0 180.0   5.0 450.0                            LAT/LON1/LON2/DLON/H
  151  145  137  130  126  122  118  115  118  122  125  126  125  122  117  109
  100   90   83   78   76   76   79   83   87   90   91   92   92   97  107  121
  137  154  170  186  201  215  232  249  266  283  301  317  333  347  360  371
  380  385  389  393  398  395  392  394  397  399  401  401  395  384  368  350
  329  301  269  236  209  186  168  157  151
