data/IONEX/CVBB2830.21i
     1.0            IONOSPHERE MAPS     MIX                 IONEX VERSION / TYPE
cmpcmb v1.2          GRL/UWM            28-oct-21 01:25     PGM / RUN BY / DATE 
ionex file containing IGS COMBINED Ionosphere maps          COMMENT             
global ionosphere maps for day 283, 2021                    DESCRIPTION         
IONEX file containing the COMBINED IGS TEC MAPS and DCBs    DESCRIPTION         
      IONEX files of the following IAACs were combined: cod DESCRIPTION         
                                                        esa DESCRIPTION         
                                                        jpl DESCRIPTION         
                                                        upc DESCRIPTION         
Contact address: Andrzej Krankowski                         DESCRIPTION
                 Geodynamics Research Laboratory            DESCRIPTION
                 University of Warmia and Mazury (GRL/UWM)  DESCRIPTION
                 Oczapowski St. 1                           DESCRIPTION
                 10-957-Olsztyn, POLAND                     DESCRIPTION
                 e-mail:  kand@uwm.edu.pl                   DESCRIPTION
                                                            DESCRIPTION         
  2021    10    10     0     0     0                        EPOCH OF FIRST MAP  
  2021    10    11     0     0     0                        EPOCH OF LAST MAP   
  7200                                                      INTERVAL            
    13                                                      # OF MAPS IN FILE   
  COSZ                                                      MAPPING FUNCTION    
     0.0                                                    ELEVATION CUTOFF    
combined TEC calculated as weighted mean of input TEC valuesOBSERVABLES USED    
   359                                                      # OF STATIONS       
    32                                                      # OF SATELLITES     
  6371.0                                                    BASE RADIUS         
     2                                                      MAP DIMENSION       
   450.0 450.0   0.0                                        HGT1 / HGT2 / DHGT  
    87.5 -87.5  -2.5                                        LAT1 / LAT2 / DLAT  
  -180.0 180.0   5.0                                        LON1 / LON2 / DLON  
    -1                                                      EXPONENT            
TEC values in 0.1 tec units;  9999, if no value available   COMMENT             
DCB values in nanoseconds, reference is Sum_of_SatDCBs = 0  COMMENT             
                                                            END OF HEADER       
[from data line 2145]
     6                                                      START OF TEC MAP    
  2021    10    10    10     0     0                        EPOCH OF CURRENT MAP
    87.5-180.0 180.0   5.0 450.0                            LAT/LON1/LON2/DLON/H
   46   45   45   46   46   47   47   48   49   49   51   52   52   53   54   55
   56   56   57   58   59   59   60   60   61   62   62   63   64   64   65   65
   66   67   68   68   68   68   68   67   67   67   67   66   66   64   63   62
   61   60   59   58   57   56   55   54   53   52   51   50   49   49   48   47
   47   46   46   45   45   45   45   45   46
    85.0-180.0 180.0   5.0 450.0                            LAT/LON1/LON2/DLON/H
   34   34   35   36   37   38   40   42   43   46   47   49   50   52   54   55
   56   58   58   60   60   61   62   64   64   66   67   69   71   71   73   73
   74   74   75   76   77   77   78   78   78   77   77   76   75   74   73   72
   69   67   65   63   61   58   57   54   52   50   48   46   44   42   40   39
   37   36   35   35   34   33   33   33   34
    82.5-180.0 180.0   5.0 450.0                            LAT/LON1/LON2/DLON/H
   28   28   29   29   31   33   35   37   39   40   42   44   46   47   50   51
   53   56   59   60   62   63   63   64   66   67   69   72   73   76   77   79
   81   82   84   84   86   86   86   86   86   86   86   85   84   83   81   80
   78   76   73   70   68   65   62   59   55   52   49   46   43   40   37   36
   34   33   32   30   29   29   29   29   28
    80.0-180.0 180.0   5.0 450.0                            LAT/LON1/LON2/DLON/H
   25   26   27   27   29   31   34   35   37   39   41   43   45   47   49   50
   52   53   54   56   58   60   61   64   66   68   69   70   73   75   78   80
   83   85   88   90   93   95   96   97   97   97   96   96   95   93   92   90
   88   87   85   82   79   76   72   68   63   59   55   50   46   42   39   36
   34   32   31   30   28   27   26   25   25
    77.5-180.0 180.0   5.0 450.0                            LAT/LON1/LON2/DLON/H
   25   25   26   27   29   31   33   35   36   38   40   41   44   46   48   50
   51   53   54   55   57   58   59   61   62   64   65   68   70   73   76   80
   83   87   90   94   97   99  102  103  105  106  106  106  106  105  104  103
  101  100   98   96   93   90   85   80   75   69   64   58   54   50   45   41
   38   35   33   31   29   27   26   25   25
    75.0-180.0 180.0   5.0 450.0                            LAT/LON1/LON2/DLON/H
   25   26   27   29   30   32   34   35   36   38   38   40   42   44   46   49
   51   52   54   55   57   57   58   59   60   62   63   65   68   71   75   79
   83   87   91   94   98  101  104  106  108  110  112  113  114  114  114  115
  114  113  112  110  108  104   98   94   88   82   76   70   65   60   56   51
   47   42   38   34   32   29   27   26   25
    72.5-180.0 180.0   5.0 450.0                            LAT/LON1/LON2/DLON/H
   30   29   30   31   32   33   34   35   36   36   37   38   40   42   44   47
   49   51   53   56   57   58   58   58   59   59   62   63   66   70   74   78
   82   86   90   94   98  101  104  107  110  113  115  116  118  120  121  123
  123  124  124  122  119  116  111  106   99   94   87   81   76   71   67   62
   58   53   48   43   39   35   33   31   30
    70.0-180.0 180.0   5.0 450.0                            LAT/LON1/LON2/DLON/H
   33   32   32   32   33   33   34   35   35   35   36   37   39   40   42   44
   48   51   54   56   58   58   58   57   58   58   59   62   65   69   73   77
   81   85   90   94   97  100  103  106  110  112  115  117  120  123  125  128
  130  131  131  130  128  124  119  114  107  101   94   89   84   80   75   71
   66   61   57   52   47   43   39   36   33
    67.5-180.0 180.0   5.0 450.0                            LAT/LON1/LON2/DLON/H
   35   33   32   31   32   32   33   33   33   34   35   36   37   39   40   44
   48   51   54   56   57   57   57   55   56   56   57   61   65   68   73   77
   82   86   90   93   96   98  102  105  108  111  114  118  121  125  128  131
  134  135  136  134  131  127  122  115  109  102   96   91   87   82   79   74
   70   66   61   57   52   48   43   39   35
    65.0-180.0 180.0   5.0 450.0                            LAT/LON1/LON2/DLON/H
   36   33   31   29   29   30   31   31   31   32   33   34   36   37   40   44
   47   50   52   53   54   54   53   51   52   53   55   59   63   68   74   79
   84   88   91   93   96   98  101  103  107  111  115  118  122  126  129  132
  135  136  136  134  131  126  119  112  106   99   94   88   85   80   76   73
   69   65   62   58   53   50   45   40   36
    62.5-180.0 180.0   5.0 450.0                            LAT/LON1/LON2/DLON/H
   35   32   29   27   27   28   28   29   29   29   31   32   34   36   38   41
   44   46   47   48   49   48   47   46   47   49   52   57   63   69   75   81
   86   90   93   95   97   99  102  105  109  112  116  120  124  127  131  134
  136  136  135  132  127  122  115  108  101   94   89   84   79   75   71   67
   64   61   58   55   52   48   44   40   35
    60.0-180.0 180.0   5.0 450.0                            LAT/LON1/LON2/DLON/H
   35   31   28   26   26   26   27   27   27   28   29   31   33   34   36   38
   40   41   41   41   41   40   40   40   42   45   50   57   63   71   77   84
   89   94   97   99  101  103  106  110  113  118  122  125  129  132  135  137
  138  137  135  130  125  118  112  104   97   91   85   79   74   70   65   62
   58   55   53   51   49   46   43   39   35
    57.5-180.0 180.0   5.0 450.0                            LAT/LON1/LON2/DLON/H
   37   33   30   27   26   25   26   26   26   27   28   30   31   32   33   35
   35   35   35   33   33   32   32   34   37   42   49   58   66   74   81   88
   93   98  101  103  106  109  113  118  122  126  131  135  137  139  140  142
  142  140  137  131  125  118  112  106   99   93   86   81   75   70   64   59
   55   51   49   48   47   45   44   41   37
    55.0-180.0 180.0   5.0 450.0                            LAT/LON1/LON2/DLON/H
   42   39   36   33   31   29   29   28   28   29   29   31   31   32   32   32
   31   30   29   28   27   26   27   30   34   41   50   60   69   78   86   93
   99  104  107  110  114  118  123  128  134  139  143  146  147  148  148  147
  147  145  141  136  129  123  118  112  107  100   94   88   82   76   69   62
   57   52   50   49   49   48   48   45   42
    52.5-180.0 180.0   5.0 450.0                            LAT/LON1/LON2/DLON/H
   52   49   46   43   41   38   36   34   34   33   33   33   33   32   32   31
   29   27   26   26   25   25   27   30   35   44   54   65   73   83   90   98
  104  109  114  118  123  128  135  141  148  153  157  158  159  158  157  155
  153  151  147  142  137  133  128  123  118  111  106   99   93   87   79   71
   65   60   57   56   56   56   56   54   52
    50.0-180.0 180.0   5.0 450.0                            LAT/LON1/LON2/DLON/H
   64   62   59   57   54   51   48   45   44   42   40   40   38   36   35   33
   31   30   29   29   28   29   31   34   40   49   60   71   79   88   96  103
  110  116  121  127  133  140  148  156  162  167  171  172  171  169  166  163
  160  158  155  151  147  144  140  135  130  124  119  114  108  101   93   85
   77   72   69   68   68   68   67   66   64
    47.5-180.0 180.0   5.0 450.0                            LAT/LON1/LON2/DLON/H
   78   76   73   71   68   64   60   57   55   54   51   49   47   44   41   40
   38   37   37   37   37   38   39   43   49   58   68   78   87   94  102  109
  115  121  128  136  143  152  160  168  176  181  184  185  183  180  176  172
  168  165  162  158  155  153  149  146  140  135  130  125  120  113  106   99
   91   85   82   81   81   81   79   79   78
    45.0-180.0 180.0   5.0 450.0                            LAT/LON1/LON2/DLON/H
   88   87   86   83   80   77   73   70   67   65   63   61   59   55   53   51
   49   49   49   50   50   50   51   53   59   68   77   86   94  100  106  113
  120  127  135  144  153  163  172  181  188  192  195  195  194  189  185  181
  176  173  168  165  161  158  154  151  147  141  136  132  127  122  116  109
  102   97   94   92   91   90   90   89   88
    42.5-180.0 180.0   5.0 450.0                            LAT/LON1/LON2/DLON/H
   93   93   93   91   89   87   83   80   78   76   74   73   71   68   66   64
   64   64   64   64   63   62   61   63   68   76   84   92   99  105  111  117
  124  132  141  152  162  173  183  192  198  202  204  204  202  198  194  190
  185  180  174  169  165  161  158  154  149  143  137  132  128  123  119  113
  108  103  100   98   96   95   94   93   93
    40.0-180.0 180.0   5.0 450.0                            LAT/LON1/LON2/DLON/H
   91   92   93   93   92   90   88   88   87   86   85   84   83   81   80   79
   79   78   78   78   75   73   71   71   74   82   89   97  104  109  115  122
  129  138  149  160  172  182  192  200  206  210  212  212  210  207  203  200
  195  189  182  175  169  165  161  157  150  143  135  129  124  120  116  112
  107  103   99   96   93   91   90   90   91
    37.5-180.0 180.0   5.0 450.0                            LAT/LON1/LON2/DLON/H
   82   85   87   88   88   88   88   91   93   96   96   95   95   93   92   91
   91   91   90   88   85   81   77   75   78   85   93  101  108  114  121  127
  135  144  156  168  180  192  202  209  214  218  220  220  219  216  214  212
  207  201  193  185  179  175  170  165  156  147  137  128  122  118  114  109
  104  100   94   89   85   81   79   80   82
    35.0-180.0 180.0   5.0 450.0                            LAT/LON1/LON2/DLON/H
   70   74   76   78   80   82   84   89   94  100  103  105  105  104  103  102
  101  100   98   95   90   85   79   76   79   86   94  103  112  120  127  133
  141  151  163  178  191  204  214  220  225  226  227  228  228  227  228  227
  223  218  211  204  198  194  190  184  175  163  150  138  128  121  115  110
  105   98   91   83   76   70   67   67   70
    32.5-180.0 180.0   5.0 450.0                            LAT/LON1/LON2/DLON/H
   60   63   66   68   71   73   76   83   90   99  104  108  111  111  110  109
  109  106  102   97   91   85   78   74   76   84   95  106  116  124  132  140
  148  158  172  189  203  216  226  232  236  237  237  238  239  241  243  244
  244  242  238  234  231  228  227  222  211  196  180  163  148  137  128  120
  113  105   95   84   72   63   58   57   60
    30.0-180.0 180.0   5.0 450.0                            LAT/LON1/LON2/DLON/H
   56   58   60   61   63   65   68   74   83   92  100  106  111  112  112  113
  112  108  103   96   88   82   74   71   73   82   95  108  119  129  137  146
  156  168  184  202  218  233  241  247  249  249  250  251  254  256  261  266
  270  274  276  277  279  278  281  277  266  248  229  207  184  167  152  142
  133  123  111   95   79   66   57   55   56
    27.5-180.0 180.0   5.0 450.0                            LAT/LON1/LON2/DLON/H
   63   62   60   59   59   60   63   68   75   84   93  101  106  108  110  110
  109  105   99   91   83   77   71   68   71   81   96  111  123  133  143  153
  165  180  198  219  236  251  257  263  265  262  263  267  270  274  283  292
  302  314  323  331  338  338  345  344  333  314  291  263  234  210  189  177
  164  153  139  119  101   83   71   66   63
    25.0-180.0 180.0   5.0 450.0                            LAT/LON1/LON2/DLON/H
   83   76   70   66   62   61   62   63   69   77   85   93   99  101  103  104
  103   99   93   84   78   73   69   67   72   84   98  113  125  137  149  160
  175  192  215  237  257  272  278  280  281  277  277  283  291  298  310  324
  339  359  378  387  399  402  410  411  401  380  355  326  290  259  234  220
  205  190  176  155  136  115   98   90   83
    22.5-180.0 180.0   5.0 450.0                            LAT/LON1/LON2/DLON/H
  111  100   89   81   75   71   68   66   68   72   79   85   90   93   95   96
   95   92   87   80   74   70   68   68   75   87  100  113  126  140  153  167
  185  207  231  255  276  292  300  298  294  291  292  300  311  323  340  359
  379  407  431  446  455  457  464  465  454  433  407  376  340  306  279  264
  249  234  215  196  179  154  136  123  111
    20.0-180.0 180.0   5.0 450.0                            LAT/LON1/LON2/DLON/H
  146  130  115  105   96   89   82   76   71   72   75   80   83   85   87   88
   87   85   82   77   73   69   68   71   79   91  103  114  127  142  157  174
  195  222  248  273  297  312  314  309  305  303  307  320  334  350  370  395
  420  444  469  484  490  489  492  491  479  459  432  402  372  340  315  299
  286  272  255  237  216  193  175  160  146
    17.5-180.0 180.0   5.0 450.0                            LAT/LON1/LON2/DLON/H
  178  161  146  133  122  112  103   90   81   76   75   76   78   79   80   81
   80   79   77   74   71   69   68   73   82   94  105  116  127  143  161  180
  205  236  265  290  313  323  321  318  316  317  325  341  357  376  399  422
  450  472  489  497  497  491  491  487  475  458  433  408  382  356  332  318
  306  293  278  261  241  225  204  194  178
    15.0-180.0 180.0   5.0 450.0                            LAT/LON1/LON2/DLON/H
  202  186  172  159  150  137  125  108   94   84   79   77   76   75   76   75
   75   74   73   71   68   67   68   73   83   96  108  118  130  145  165  189
  215  248  279  302  319  326  325  326  329  332  344  360  375  396  419  444
  466  482  491  491  485  477  472  463  454  440  421  400  378  357  336  322
  309  295  282  267  251  240  226  213  202
    12.5-180.0 180.0   5.0 450.0                            LAT/LON1/LON2/DLON/H
  214  202  189  179  172  159  147  126  107   94   86   81   78   75   74   72
   71   70   69   67   66   65   67   73   84   98  111  122  134  150  170  199
  227  256  286  309  321  328  332  336  340  349  360  373  391  410  431  452
  469  479  481  475  466  457  447  437  430  418  404  387  368  349  330  314
  300  284  269  255  245  237  229  221  214
    10.0-180.0 180.0   5.0 450.0                            LAT/LON1/LON2/DLON/H
  213  208  201  194  191  180  167  141  121  105   95   89   83   79   75   73
   71   70   68   66   64   63   65   73   86  101  116  128  142  159  181  209
  235  263  290  310  323  331  337  344  353  362  373  384  398  415  434  450
  463  468  466  458  448  438  427  418  410  401  391  377  358  337  321  301
  286  266  249  236  228  222  218  216  213
     7.5-180.0 180.0   5.0 450.0                            LAT/LON1/LON2/DLON/H
  207  208  207  206  202  192  179  153  133  116  104   97   90   84   80   76
   73   72   69   67   65   63   66   74   89  106  122  137  151  171  193  219
  244  268  291  309  322  331  340  351  363  372  381  389  400  412  428  440
  450  453  451  444  436  428  419  410  401  395  387  374  354  333  312  293
  271  249  230  215  205  202  202  205  207
     5.0-180.0 180.0   5.0 450.0                            LAT/LON1/LON2/DLON/H
  202  209  213  214  209  199  185  162  143  125  113  104   96   89   85   80
   77   75   73   69   66   65   67   77   93  112  130  147  163  182  204  227
  248  271  290  305  317  329  342  358  371  379  385  388  393  404  414  423
  433  436  437  435  433  429  422  415  408  401  392  379  360  336  312  289
  265  240  218  201  191  187  189  194  202
     2.5-180.0 180.0   5.0 450.0                            LAT/LON1/LON2/DLON/H
  203  214  221  223  216  202  188  168  149  133  120  109  100   93   89   84
   81   78   75   72   69   68   70   81   97  118  138  155  172  191  211  230
  250  269  285  298  312  326  343  360  375  383  384  381  382  386  392  401
  410  418  424  430  437  437  433  428  423  416  405  391  370  347  320  295
  268  242  217  200  190  185  186  193  203
