data/IONEX/CVBB2800.21i
     1.0            IONOSPHERE MAPS     MIX                 IONEX VERSION / TYPE
cmpcmb v1.2          GRL/UWM            27-oct-21 23:34     PGM / RUN BY / DATE 
ionex file containing IGS COMBINED Ionosphere maps          COMMENT             
global ionosphere maps for day 280, 2021                    DESCRIPTION         
IONEX file containing the COMBINED IGS TEC MAPS and DCBs    DESCRIPTION         
      IONEX files of the following IAACs were combined: cod DESCRIPTION         
                                                        esa DESCRIPTION         
                                                        jpl DESCRIPTION         
                                                        upc DESCRIPTION         
Contact address: Andrzej Krankowski                         DESCRIPTION
                 Geodynamics Research Laboratory            DESCRIPTION
                 University of Warmia and Mazury (GRL/UWM)  DESCRIPTION
                 Oczapowski St. 1                           DESCRIPTION
                 10-957-Olsztyn, POLAND                     DESCRIPTION
                 e-mail:  kand@uwm.edu.pl                   DESCRIPTION
                                                            DESCRIPTION         
  2021    10     7     0     0     0                        EPOCH OF FIRST MAP  
  2021    10     8     0     0     0                        EPOCH OF LAST MAP   
  7200                                                      INTERVAL            
    13                                                      # OF MAPS IN FILE   
  COSZ                                                      MAPPING FUNCTION    
     0.0                                                    ELEVATION CUTOFF    
combined TEC calculated as weighted mean of input TEC valuesOBSERVABLES USED    
   364                                                      # OF STATIONS       
    32                                                      # OF SATELLITES     
  6371.0                                                    BASE RADIUS         
     2                                                      MAP DIMENSION       
   450.0 450.0   0.0                                        HGT1 / HGT2 / DHGT  
    87.5 -87.5  -2.5                                        LAT1 / LAT2 / DLAT  
  -180.0 180.0   5.0                                        LON1 / LON2 / DLON  
    -1                                                      EXPONENT            
TEC values in 0.1 tec units;  9999, if no value available   COMMENT             
DCB values in nanoseconds, reference is Sum_of_SatDCBs = 0  COMMENT             
                                                            END OF HEADER       
[from data line 1716]
     5                                                      START OF TEC MAP    
  2021    10     7     8     0     0                        EPOCH OF CURRENT MAP
    87.5-180.0 180.0   5.0 450.0                            LAT/LON1/LON2/DLON/H
   50   51   51   51   52   51   52   52   53   52   53   53   53   53   53   53
   53   53   53   53   53   53   53   52   52   52   52   53   53   52   53   53
   53   53   54   54   54   54   54   53   54   55   54   54   54   54   53   53
   53   52   52   52   51   51   50   50   49   49   48   48   48   48   48   48
   48   48   49   49   49   50   50   51   50
    85.0-180.0 180.0   5.0 450.0                            LAT/LON1/LON2/DLON/H
   48   48   48   48   48   50   49   49   50   49   50   50   51   50   51   51
   52   51   52   52   52   52   52   52   53   53   52   52   52   52   53   53
   54   55   55   56   57   57   57   58   58   58   58   59   59   58   58   58
   58   57   56   55   55   54   53   52   51   49   48   48   47   46   46   46
   47   47   48   48   48   48   48   48   48
    82.5-180.0 180.0   5.0 450.0                            LAT/LON1/LON2/DLON/H
   43   44   45   45   46   46   47   48   49   49   49   49   49   49   49   49
   49   48   48   48   48   49   49   51   50   49   49   50   51   51   52   54
   55   57   58   59   61   62   63   63   64   63   64   64   64   64   64   64
   64   63   62   62   62   60   60   58   56   55   53   51   49   47   46   46
   46   46   45   44   43   43   43   43   43
    80.0-180.0 180.0   5.0 450.0                            LAT/LON1/LON2/DLON/H
   39   40   40   42   43   44   45   46   46   47   47   47   46   46   46   45
   44   44   43   43   44   44   45   44   43   44   45   45   47   48   49   51
   53   55   57   59   62   64   66   67   68   69   70   71   71   72   72   72
   72   72   71   71   71   70   70   68   66   64   62   59   56   54   51   50
   48   46   44   42   40   39   40   39   39
    77.5-180.0 180.0   5.0 450.0                            LAT/LON1/LON2/DLON/H
   36   37   38   39   40   41   43   43   43   43   43   43   42   41   40   39
   38   38   38   37   36   37   37   36   36   37   38   40   41   43   45   47
   50   53   56   60   64   67   69   71   73   75   76   77   79   80   81   82
   82   83   83   83   83   82   82   81   79   77   74   71   67   63   60   57
   53   50   47   43   40   39   37   36   36
    75.0-180.0 180.0   5.0 450.0                            LAT/LON1/LON2/DLON/H
   35   35   36   37   38   39   40   41   41   41   40   37   36   35   34   33
   33   32   31   32   32   32   34   33   32   33   33   35   37   39   42   45
   48   52   57   61   66   70   74   77   80   81   83   85   87   90   91   93
   95   96   97   97   96   96   95   95   93   91   88   84   80   76   71   67
   62   57   53   48   44   40   37   35   35
    72.5-180.0 180.0   5.0 450.0                            LAT/LON1/LON2/DLON/H
   35   34   34   35   36   37   37   38   38   36   34   33   32   31   30   29
   28   28   28   29   30   31   31   31   31   31   31   32   33   36   39   43
   47   52   58   64   69   74   78   82   86   88   90   92   95   99  101  104
  106  109  110  111  111  110  108  107  104  102   99   95   91   87   82   77
   72   67   61   55   50   44   40   37   35
    70.0-180.0 180.0   5.0 450.0                            LAT/LON1/LON2/DLON/H
   37   35   34   34   34   33   34   34   34   32   32   30   29   28   27   26
   26   26   27   28   30   31   31   32   32   31   31   31   32   34   36   41
   47   52   59   66   71   78   84   88   92   94   98   99  103  107  110  114
  117  119  121  122  121  119  117  114  111  108  105  101   98   95   90   86
   81   75   69   63   55   50   45   40   37
    67.5-180.0 180.0   5.0 450.0                            LAT/LON1/LON2/DLON/H
   40   38   35   34   32   32   31   31   31   31   30   28   27   26   25   25
   25   26   28   30   32   33   34   34   33   32   32   31   31   33   36   40
   47   53   60   68   74   80   86   91   95   99  103  106  110  113  118  121
  125  127  128  129  127  124  119  116  112  108  105  102   99   96   93   90
   86   81   75   69   62   56   51   45   40
    65.0-180.0 180.0   5.0 450.0                            LAT/LON1/LON2/DLON/H
   45   41   38   35   33   31   29   29   28   29   28   27   26   26   25   26
   27   29   30   32   34   35   35   35   33   32   32   31   31   33   36   41
   48   55   62   70   77   84   89   94   98  103  107  112  115  120  124  128
  132  133  134  132  129  124  118  113  108  103  100   98   96   94   92   90
   87   83   78   73   67   61   55   50   45
    62.5-180.0 180.0   5.0 450.0                            LAT/LON1/LON2/DLON/H
   48   45   41   37   34   32   30   28   27   27   27   27   27   27   28   28
   29   31   32   33   35   35   35   34   32   31   31   31   31   33   37   43
   50   58   65   73   80   86   92   97  102  107  111  116  121  125  130  133
  136  138  137  134  129  123  115  108  103   98   95   92   91   90   90   88
   86   83   79   74   69   64   58   53   48
    60.0-180.0 180.0   5.0 450.0                            LAT/LON1/LON2/DLON/H
   52   48   44   41   37   34   31   29   27   26   26   26   26   27   28   29
   30   31   32   32   32   32   31   30   29   28   29   29   30   34   39   46
   53   61   68   76   83   88   94  100  105  110  116  121  126  132  136  140
  143  143  141  136  130  122  114  107  100   96   92   90   89   89   88   87
   85   82   78   74   69   65   60   56   52
    57.5-180.0 180.0   5.0 450.0                            LAT/LON1/LON2/DLON/H
   55   52   49   45   41   38   34   31   28   26   26   25   26   27   27   29
   29   30   30   29   28   27   27   26   26   26   26   28   31   36   42   50
   57   64   72   79   86   92   97  103  109  115  122  128  134  140  143  147
  149  148  145  141  134  126  118  111  104   99   96   93   92   91   89   88
   85   82   77   72   68   64   61   58   55
    55.0-180.0 180.0   5.0 450.0                            LAT/LON1/LON2/DLON/H
   58   56   54   51   47   43   38   34   31   28   26   25   25   26   26   27
   27   27   27   26   24   24   24   23   24   25   26   29   33   38   45   53
   61   69   77   84   91   97  103  108  115  122  129  136  142  147  152  155
  157  156  153  148  141  135  127  120  115  110  106  103  101   99   96   93
   89   83   78   72   68   65   62   60   58
    52.5-180.0 180.0   5.0 450.0                            LAT/LON1/LON2/DLON/H
   61   61   60   58   55   50   45   40   36   32   28   26   25   24   25   25
   25   25   25   23   22   22   23   24   25   27   28   32   35   41   48   56
   66   74   82   90   96  103  109  115  122  129  137  143  150  155  160  163
  165  165  162  158  152  146  139  133  128  124  120  117  114  110  106  101
   95   88   81   75   69   66   64   63   61
    50.0-180.0 180.0   5.0 450.0                            LAT/LON1/LON2/DLON/H
   66   67   66   65   64   59   54   49   43   38   33   29   26   24   23   24
   24   25   25   24   24   24   26   28   30   32   33   36   40   45   52   61
   71   80   89   97  104  110  116  123  129  137  145  152  158  164  169  172
  173  173  171  167  162  156  150  145  140  136  133  130  126  122  117  110
  104   95   87   80   74   70   67   66   66
    47.5-180.0 180.0   5.0 450.0                            LAT/LON1/LON2/DLON/H
   71   72   73   72   71   68   63   58   53   47   40   34   31   27   25   25
   26   28   28   29   30   31   34   36   39   40   41   43   45   51   58   67
   77   88   96  104  112  118  123  130  137  145  152  160  166  173  177  181
  181  181  178  175  170  165  159  154  149  145  141  138  134  130  125  118
  111  104   96   87   80   75   73   71   71
    45.0-180.0 180.0   5.0 450.0                            LAT/LON1/LON2/DLON/H
   76   77   78   78   77   75   72   68   63   58   51   43   38   34   30   30
   32   34   35   38   40   42   45   47   49   51   50   51   52   57   64   73
   83   95  104  112  120  126  132  138  144  152  158  166  173  180  185  188
  189  188  185  181  176  170  163  158  152  147  143  140  136  131  128  124
  118  112  105   96   87   81   78   76   76
    42.5-180.0 180.0   5.0 450.0                            LAT/LON1/LON2/DLON/H
   80   81   82   82   81   80   78   76   73   69   63   55   48   43   39   39
   40   43   46   50   53   55   57   59   60   60   59   58   58   61   70   80
   91  101  111  120  128  134  139  143  149  156  163  170  178  186  192  196
  197  196  192  186  180  172  164  158  151  144  138  135  131  128  126  125
  122  117  111  103   94   86   82   80   80
    40.0-180.0 180.0   5.0 450.0                            LAT/LON1/LON2/DLON/H
   81   82   82   82   81   81   82   82   82   79   75   68   62   55   51   50
   51   54   59   62   64   67   68   70   69   68   65   63   62   66   75   87
   97  108  118  127  134  139  144  148  153  158  165  172  181  190  198  205
  207  206  200  193  184  176  167  158  150  140  133  129  125  124  123  124
  123  120  114  108   98   90   84   81   81
    37.5-180.0 180.0   5.0 450.0                            LAT/LON1/LON2/DLON/H
   79   79   78   79   78   79   81   85   88   89   87   81   76   69   64   62
   62   66   70   73   74   75   76   76   75   73   69   67   66   71   79   91
  103  114  124  132  140  145  149  153  157  162  167  174  183  194  206  215
  220  219  213  204  194  185  176  167  156  146  138  131  127  126  125  125
  124  122  116  110  101   92   85   81   79
    35.0-180.0 180.0   5.0 450.0                            LAT/LON1/LON2/DLON/H
   74   73   73   72   72   73   77   82   89   94   96   93   90   84   78   74
   73   75   78   80   81   81   79   78   76   74   70   68   69   73   83   95
  107  118  128  137  145  150  154  158  161  165  170  177  187  201  215  228
  235  236  231  223  214  206  200  191  180  169  160  151  145  142  138  134
  129  125  119  112  103   93   84   78   74
    32.5-180.0 180.0   5.0 450.0                            LAT/LON1/LON2/DLON/H
   71   68   66   65   64   66   70   77   85   94  100  102  101   98   93   88
   85   85   85   85   84   83   81   77   75   72   68   67   68   74   85   98
  111  122  132  140  147  154  159  163  168  172  176  183  193  208  225  241
  253  258  257  252  248  243  241  235  227  216  208  196  185  175  164  153
  143  135  127  118  107   96   86   77   71
    30.0-180.0 180.0   5.0 450.0                            LAT/LON1/LON2/DLON/H
   71   65   61   59   57   58   63   69   77   88   97  103  106  106  103   99
   95   92   90   88   85   82   80   75   72   69   65   63   66   74   85  100
  113  125  134  143  151  158  165  171  176  181  184  191  203  218  237  257
  275  287  291  293  297  298  301  303  299  291  286  267  248  227  206  185
  167  151  140  129  117  104   93   81   71
    27.5-180.0 180.0   5.0 450.0                            LAT/LON1/LON2/DLON/H
   76   68   62   57   54   54   57   62   70   80   90   98  104  107  107  104
   99   95   91   87   84   82   78   73   69   66   63   61   64   72   86  101
  115  126  136  146  154  162  172  181  188  194  199  205  216  233  253  278
  304  322  335  342  356  363  377  391  395  397  388  360  327  294  262  231
  202  178  163  147  133  119  104   89   76
    25.0-180.0 180.0   5.0 450.0                            LAT/LON1/LON2/DLON/H
   88   76   67   61   56   54   55   57   63   71   81   90   97  103  104  101
   98   93   89   86   83   81   78   74   70   68   64   62   62   71   86  101
  114  126  138  148  158  167  181  195  203  210  216  224  235  251  273  304
  336  362  383  399  418  434  461  486  497  502  492  458  415  369  326  285
  244  215  196  174  156  140  123  105   88
    22.5-180.0 180.0   5.0 450.0                            LAT/LON1/LON2/DLON/H
  104   89   78   71   65   59   56   57   59   65   72   80   88   94   97   96
   93   90   88   86   83   81   79   77   75   72   68   64   63   70   84   99
  113  126  139  151  162  174  190  207  221  229  237  245  256  273  298  333
  371  399  425  448  469  492  527  550  563  570  561  532  491  444  389  337
  289  257  231  205  188  167  147  126  104
    20.0-180.0 180.0   5.0 450.0                            LAT/LON1/LON2/DLON/H
  124  106   95   87   79   70   63   59   59   62   66   72   78   84   88   89
   88   88   87   85   84   83   82   82   83   80   74   67   63   67   80   96
  112  127  142  155  168  183  201  219  236  248  257  266  279  298  325  355
  394  426  455  477  492  512  540  556  572  580  575  559  530  498  443  384
  331  294  264  240  222  196  174  150  124
    17.5-180.0 180.0   5.0 450.0                            LAT/LON1/LON2/DLON/H
  149  130  117  108   97   86   74   67   63   64   65   67   71   75   79   81
   83   84   85   86   86   86   86   89   90   87   80   70   62   64   77   94
  113  130  146  162  177  194  212  230  251  266  277  288  304  323  349  375
  405  432  454  473  479  493  510  525  542  551  551  544  531  513  474  420
  368  324  292  270  247  225  201  177  149
    15.0-180.0 180.0   5.0 450.0                            LAT/LON1/LON2/DLON/H
  179  157  143  132  121  106   92   81   74   71   70   70   71   72   73   76
   79   82   84   85   86   88   90   93   95   93   84   72   62   62   74   94
  115  134  153  170  188  205  223  242  264  282  298  310  325  343  364  385
  404  421  435  444  449  458  467  480  492  504  509  510  507  496  472  433
  385  339  309  290  271  252  227  204  179
    12.5-180.0 180.0   5.0 450.0                            LAT/LON1/LON2/DLON/H
  204  181  164  154  145  129  113  100   90   85   83   80   78   75   73   74
   77   80   82   83   84   86   91   95   98   96   87   73   62   62   73   95
  117  139  160  178  195  213  231  249  270  291  311  330  345  359  373  387
  399  407  412  414  417  421  425  434  443  456  464  469  471  466  450  423
  382  342  316  296  281  267  248  225  204
    10.0-180.0 180.0   5.0 450.0                            LAT/LON1/LON2/DLON/H
  216  198  186  176  169  154  135  120  110  103   99   95   89   84   80   78
   79   81   82   83   82   84   89   94   99   98   89   75   64   64   77  100
  123  145  165  183  201  218  233  251  272  293  317  341  358  370  379  388
  392  393  393  392  393  393  395  398  405  415  424  431  436  434  423  401
  368  336  314  294  280  268  254  234  216
     7.5-180.0 180.0   5.0 450.0                            LAT/LON1/LON2/DLON/H
  219  207  200  194  189  176  158  143  135  127  120  114  107   99   93   87
   85   84   84   83   81   82   87   93   99  100   92   78   67   68   84  106
  131  152  171  188  204  218  232  248  268  292  318  344  363  375  383  388
  386  384  382  383  384  384  384  385  388  392  398  406  411  409  399  373
  347  323  303  284  271  259  248  233  219
     5.0-180.0 180.0   5.0 450.0                            LAT/LON1/LON2/DLON/H
  216  209  206  205  203  194  179  166  159  153  145  137  128  118  109  100
   95   91   87   84   81   81   86   93  100  101   93   81   71   74   90  114
  139  158  175  190  203  215  227  243  262  287  314  340  360  374  383  388
  385  383  383  386  390  393  393  395  395  396  398  401  400  394  378  351
  323  304  284  267  256  245  236  225  216
     2.5-180.0 180.0   5.0 450.0                            LAT/LON1/LON2/DLON/H
  211  207  207  210  212  208  196  185  180  175  169  159  150  137  127  115
  106   99   92   87   82   82   87   95  101  102   96   84   77   81   97  120
  143  161  175  188  199  210  220  235  254  279  305  330  351  365  377  386
  386  387  391  400  407  414  418  421  424  424  421  417  407  390  364  332
  303  285  266  249  238  230  222  215  211
