data/IONEX/CVBB2760.21i
     1.0            IONOSPHERE MAPS     MIX                 IONEX VERSION / TYPE
cmpcmb v1.2          GRL/UWM            27-oct-21 23:11     PGM / RUN BY / DATE 
ionex file containing IGS COMBINED Ionosphere maps          COMMENT             
global ionosphere maps for day 276, 2021                    DESCRIPTION         
IONEX file containing the COMBINED IGS TEC MAPS and DCBs    DESCRIPTION         
      IONEX files of the following IAACs were combined: cod DESCRIPTION         
                                                        esa DESCRIPTION         
                                                        jpl DESCRIPTION         
                                                        upc DESCRIPTION         
Contact address: Andrzej Krankowski                         DESCRIPTION
                 Geodynamics Research Laboratory            DESCRIPTION
                 University of Warmia and Mazury (GRL/UWM)  DESCRIPTION
                 Oczapowski St. 1                           DESCRIPTION
                 10-957-Olsztyn, POLAND                     DESCRIPTION
                 e-mail:  kand@uwm.edu.pl                   DESCRIPTION
                                                            DESCRIPTION         
  2021    10     3     0     0     0                        EPOCH OF FIRST MAP  
  2021    10     4     0     0     0                        EPOCH OF LAST MAP   
  7200                                                      INTERVAL            
    13                                                      # OF MAPS IN FILE   
  COSZ                                                      MAPPING FUNCTION    
     0.0                                                    ELEVATION CUTOFF    
combined TEC calculated as weighted mean of input TEC valuesOBSERVABLES USED    
   359                                                      # OF STATIONS       
    32                                                      # OF SATELLITES     
  6371.0                                                    BASE RADIUS         
     2                                                      MAP DIMENSION       
   450.0 450.0   0.0                                        HGT1 / HGT2 / DHGT  
    87.5 -87.5  -2.5                                        LAT1 / LAT2 / DLAT  
  -180.0 180.0   5.0                                        LON1 / LON2 / DLON  
    -1                                                      EXPONENT            
TEC values in 0.1 tec units;  9999, if no value available   COMMENT             
DCB values in nanoseconds, reference is Sum_of_SatDCBs = 0  COMMENT             
                                                            END OF HEADER       
[from data line 4290]
    11                                                      START OF TEC MAP    
  2021    10     3    20     0     0                        EPOCH OF CURRENT MAP
    87.5-180.0 180.0   5.0 450.0                            LAT/LON1/LON2/DLON/H
   86   87   88   89   90   91   92   93   93   94   96   97   97   98   99   99
   99  100  100  100  100   99  100  100   99   99   99   98   97   96   96   95
   93   93   92   91   90   90   89   88   87   87   86   86   86   86   85   84
   84   84   83   82   82   82   80   80   80   79   79   79   79   79   79   80
   80   81   82   82   83   83   84   85   86
    85.0-180.0 180.0   5.0 450.0                            LAT/LON1/LON2/DLON/H
   82   84   86   88   91   93   95   97   99  102  104  105  107  108  110  110
  110  111  110  109  109  108  108  107  106  104  102  100   99   98   96   95
   93   91   90   88   87   86   85   84   83   82   81   80   79   79   79   78
   77   77   76   75   75   73   72   71   70   69   68   68   67   67   68   69
   69   70   71   72   74   76   78   80   82
    82.5-180.0 180.0   5.0 450.0                            LAT/LON1/LON2/DLON/H
   76   79   82   84   87   90   93   97  100  103  106  109  113  115  117  119
  119  120  120  119  118  116  114  110  108  106  104  100   98   95   93   90
   89   87   85   84   82   82   81   80   79   78   77   77   75   74   73   72
   72   71   70   69   68   67   65   64   62   60   58   58   57   57   57   58
   59   60   62   63   66   68   70   73   76
    80.0-180.0 180.0   5.0 450.0                            LAT/LON1/LON2/DLON/H
   70   73   76   80   83   88   93   98  103  107  112  116  120  123  127  128
  129  130  129  128  125  121  117  111  108  105  102   99   95   92   89   86
   83   81   79   77   75   75   74   74   74   74   74   73   72   70   69   68
   67   65   64   63   62   61   59   57   55   54   52   50   50   49   49   49
   51   52   54   57   59   61   65   67   70
    77.5-180.0 180.0   5.0 450.0                            LAT/LON1/LON2/DLON/H
   65   68   72   75   79   84   89   94  100  106  114  121  127  131  135  137
  137  135  133  130  126  119  112  109  103   99   95   91   87   83   80   78
   76   73   72   71   69   69   68   68   68   68   68   68   67   66   65   63
   62   61   59   57   56   54   53   51   49   47   46   45   44   43   44   44
   45   47   49   51   53   56   59   62   65
    75.0-180.0 180.0   5.0 450.0                            LAT/LON1/LON2/DLON/H
   63   66   68   71   74   78   84   91   98  107  115  124  131  136  140  142
  141  139  135  129  122  116  109  104   98   92   87   81   79   76   72   69
   67   65   63   62   62   62   61   62   61   61   61   60   60   59   59   57
   56   55   53   51   49   48   46   45   43   42   41   40   39   39   39   40
   41   43   45   47   50   53   56   59   63
    72.5-180.0 180.0   5.0 450.0                            LAT/LON1/LON2/DLON/H
   62   64   67   70   73   78   83   90   98  107  116  125  133  139  144  145
  142  140  134  127  120  112  105   98   91   86   80   75   70   66   66   64
   61   58   57   56   55   54   54   53   54   53   53   52   52   51   51   50
   50   49   47   46   44   43   41   39   38   37   36   35   35   35   35   36
   37   40   42   45   47   51   54   58   62
    70.0-180.0 180.0   5.0 450.0                            LAT/LON1/LON2/DLON/H
   62   66   69   73   75   79   84   91   99  107  118  127  135  141  145  145
  143  140  134  127  117  110  103   94   87   80   76   70   65   62   59   58
   56   53   51   49   48   48   46   45   45   45   44   43   42   42   42   41
   41   41   41   40   39   38   36   34   32   32   31   31   30   31   32   33
   34   37   40   43   47   51   55   58   62
    67.5-180.0 180.0   5.0 450.0                            LAT/LON1/LON2/DLON/H
   65   69   73   76   79   82   87   92  100  109  119  127  135  142  145  146
  144  140  134  125  117  110  102   93   87   79   75   71   66   61   58   55
   52   50   47   44   43   41   40   38   37   37   35   35   34   34   33   33
   34   34   34   34   34   32   31   29   28   27   27   26   26   27   28   30
   32   35   39   43   48   52   56   60   65
    65.0-180.0 180.0   5.0 450.0                            LAT/LON1/LON2/DLON/H
   70   75   79   82   84   87   91   95  102  109  118  127  135  141  145  146
  145  141  136  127  121  114  106   98   91   85   81   78   72   68   64   59
   55   50   46   43   40   39   38   35   33   32   30   29   28   27   27   27
   28   29   29   30   29   28   27   26   25   24   24   23   24   24   26   28
   31   34   38   44   49   54   59   64   70
    62.5-180.0 180.0   5.0 450.0                            LAT/LON1/LON2/DLON/H
   75   81   86   89   91   94   96   99  104  110  118  126  134  140  145  147
  147  144  140  134  127  120  113  108  101   97   92   89   83   78   74   68
   63   57   51   47   43   40   38   36   33   31   29   28   27   26   27   27
   27   29   29   28   27   26   25   24   24   23   23   22   23   23   25   27
   30   34   39   44   50   56   63   69   75
    60.0-180.0 180.0   5.0 450.0                            LAT/LON1/LON2/DLON/H
   80   86   91   95   98  100  102  104  107  112  119  126  134  140  145  147
  148  146  144  139  135  129  125  119  113  109  105  102   96   91   86   80
   74   67   60   54   49   45   42   40   38   36   34   32   32   31   31   31
   31   32   32   30   28   27   26   26   25   24   23   23   23   23   25   27
   30   33   39   44   51   58   66   73   80
    57.5-180.0 180.0   5.0 450.0                            LAT/LON1/LON2/DLON/H
   85   91   96  101  104  106  108  109  111  115  120  127  133  139  144  148
  149  148  146  144  141  137  134  130  125  122  118  114  110  106   99   93
   86   77   69   63   57   52   49   47   46   44   43   42   40   40   40   39
   39   38   36   34   32   31   30   29   28   27   26   26   26   26   27   29
   31   35   39   46   52   60   69   77   85
    55.0-180.0 180.0   5.0 450.0                            LAT/LON1/LON2/DLON/H
   89   96  102  106  110  112  114  116  117  120  123  129  134  139  143  147
  148  149  148  146  144  142  141  138  135  132  129  126  122  118  112  104
   96   86   78   72   66   61   59   58   57   56   55   54   52   51   50   50
   49   46   42   40   38   37   36   35   34   33   32   31   31   31   31   33
   34   38   42   48   55   62   71   81   89
    52.5-180.0 180.0   5.0 450.0                            LAT/LON1/LON2/DLON/H
   93  101  107  112  116  119  122  124  125  126  129  132  136  140  143  146
  148  148  148  147  146  145  144  143  141  140  138  135  132  127  121  113
  105   95   87   80   75   71   70   70   69   69   68   67   65   64   62   60
   58   56   52   48   46   45   43   42   41   40   38   38   37   37   37   38
   40   42   46   51   58   66   76   85   93
    50.0-180.0 180.0   5.0 450.0                            LAT/LON1/LON2/DLON/H
  100  107  113  118  123  127  131  133  135  136  136  138  140  142  144  146
  148  148  148  147  146  146  146  146  145  144  143  141  139  135  128  120
  110  100   93   87   83   81   79   80   80   80   79   77   75   74   72   70
   68   65   62   58   55   53   51   50   49   48   47   46   45   45   44   45
   46   48   51   57   63   72   82   91  100
    47.5-180.0 180.0   5.0 450.0                            LAT/LON1/LON2/DLON/H
  107  114  120  125  130  135  140  144  146  147  147  147  147  147  148  149
  149  149  147  146  146  146  146  148  148  148  148  146  144  140  132  123
  112  103   95   91   88   87   87   87   88   87   87   85   82   81   79   77
   76   73   71   67   65   62   60   59   58   57   55   54   53   52   51   51
   51   53   57   63   70   78   88   98  107
    45.0-180.0 180.0   5.0 450.0                            LAT/LON1/LON2/DLON/H
  114  122  127  132  138  143  149  153  156  158  158  157  156  156  155  153
  152  151  148  147  146  147  148  151  152  153  153  151  148  143  135  125
  112  102   95   91   90   90   91   92   92   92   91   89   87   85   83   82
   82   81   79   76   74   72   71   69   67   65   63   61   59   57   56   56
   56   58   62   68   77   87   97  106  114
    42.5-180.0 180.0   5.0 450.0                            LAT/LON1/LON2/DLON/H
  123  130  135  140  145  151  157  161  165  167  168  167  167  165  163  161
  158  156  153  151  150  150  152  155  158  159  159  156  152  146  138  126
  112  101   93   90   89   90   92   93   93   93   92   91   88   86   86   87
   88   87   86   84   82   81   79   78   76   72   68   65   62   60   59   58
   58   60   66   74   84   94  106  115  123
    40.0-180.0 180.0   5.0 450.0                            LAT/LON1/LON2/DLON/H
  132  139  144  148  153  158  163  168  171  173  174  175  176  174  173  171
  168  164  160  158  156  156  158  162  166  167  166  161  157  150  141  129
  113  100   91   88   88   90   91   92   93   93   92   91   89   87   88   89
   91   92   91   90   88   87   86   84   80   76   71   67   63   61   60   58
   58   61   68   78   90  102  113  124  132
    37.5-180.0 180.0   5.0 450.0                            LAT/LON1/LON2/DLON/H
  141  148  153  157  161  165  169  171  173  176  178  181  183  183  182  181
  177  174  170  167  165  164  167  172  177  178  176  171  165  158  149  135
  119  103   93   89   89   90   92   92   92   92   92   91   89   87   88   91
   93   94   94   92   91   90   89   87   83   77   72   67   63   61   58   57
   57   60   69   82   96  108  122  132  141
    35.0-180.0 180.0   5.0 450.0                            LAT/LON1/LON2/DLON/H
  150  158  164  168  170  172  172  173  174  176  180  184  188  190  190  189
  187  186  182  179  176  175  179  184  190  192  189  184  178  171  162  147
  129  112   99   94   93   93   94   94   94   94   94   92   90   88   89   91
   94   94   94   93   92   90   89   87   83   77   71   66   62   59   57   55
   55   60   71   85  101  115  128  139  150
    32.5-180.0 180.0   5.0 450.0                            LAT/LON1/LON2/DLON/H
  159  169  176  180  181  180  177  174  173  175  180  185  191  195  197  197
  196  196  194  191  188  189  192  198  205  208  205  200  195  188  179  165
  146  128  112  104  101  101  100   99   99   99   98   96   93   90   90   91
   93   94   93   91   90   89   88   87   82   76   70   64   60   57   55   53
   54   61   73   89  106  121  134  147  159
    30.0-180.0 180.0   5.0 450.0                            LAT/LON1/LON2/DLON/H
  168  181  191  196  196  192  187  180  176  178  182  187  194  199  203  206
  204  205  204  202  201  202  207  214  221  225  223  219  215  210  202  188
  170  149  130  120  115  113  110  107  106  106  106  103   97   94   92   93
   95   94   93   91   89   88   87   85   81   74   68   62   58   56   54   53
   55   63   76   93  111  126  140  155  168
    27.5-180.0 180.0   5.0 450.0                            LAT/LON1/LON2/DLON/H
  177  193  206  215  216  210  203  194  187  187  191  195  200  206  210  213
  213  213  213  214  215  217  223  230  237  242  241  239  236  234  229  219
  200  176  154  140  133  128  123  117  115  117  117  111  102   99   97   97
   98   97   95   92   90   87   85   82   78   72   65   60   57   55   54   54
   58   67   82   98  117  131  146  161  177
    25.0-180.0 180.0   5.0 450.0                            LAT/LON1/LON2/DLON/H
  187  206  224  237  239  234  225  216  210  207  207  209  212  217  219  222
  221  222  223  226  230  233  239  246  253  259  260  259  260  263  263  254
  234  207  180  164  158  154  138  127  124  126  127  118  108  105  103  101
  101  101   98   95   92   87   85   81   75   69   63   59   56   55   55   56
   62   72   88  105  123  137  152  169  187
    22.5-180.0 180.0   5.0 450.0                            LAT/LON1/LON2/DLON/H
  198  221  243  260  265  263  256  250  243  239  235  233  233  234  235  235
  234  235  236  241  247  251  257  264  270  276  278  281  288  297  301  292
  276  239  214  191  184  174  151  133  130  130  131  124  115  112  109  106
  106  105  103   99   95   89   85   80   74   67   62   58   57   57   57   59
   65   77   93  111  129  145  159  178  198
    20.0-180.0 180.0   5.0 450.0                            LAT/LON1/LON2/DLON/H
  211  237  264  283  293  295  293  290  285  280  275  266  262  260  258  255
  252  253  255  262  269  274  280  284  288  294  296  303  318  334  340  331
  315  273  242  218  196  182  152  134  130  131  132  129  124  121  117  114
  113  111  109  105  100   92   86   80   73   67   62   59   59   59   59   61
   67   81   97  114  133  152  169  188  211
    17.5-180.0 180.0   5.0 450.0                            LAT/LON1/LON2/DLON/H
  225  253  281  305  320  326  330  334  331  328  320  307  297  292  287  282
  278  277  279  288  295  301  305  306  308  311  314  321  339  361  363  352
  330  290  252  216  187  168  143  129  126  132  136  137  137  133  128  122
  119  115  112  110  105   97   89   81   74   67   64   62   62   62   61   63
   69   83  100  119  139  158  178  199  225
    15.0-180.0 180.0   5.0 450.0                            LAT/LON1/LON2/DLON/H
  238  266  295  320  339  349  361  373  375  372  365  348  336  328  325  319
  312  310  311  320  327  332  333  329  327  329  332  336  347  366  363  350
  323  277  235  196  166  150  131  122  126  138  146  152  154  150  143  130
  125  118  115  113  108  100   91   82   75   70   66   65   65   64   63   63
   69   84  104  125  146  166  188  211  238
    12.5-180.0 180.0   5.0 450.0                            LAT/LON1/LON2/DLON/H
  249  275  304  330  350  363  378  398  410  410  400  386  373  367  367  361
  355  351  350  358  365  367  361  353  346  346  348  350  354  361  357  339
  305  259  215  179  155  142  129  123  135  149  161  170  169  166  157  140
  132  119  115  111  106   99   90   81   75   70   68   68   67   66   63   63
   70   84  106  129  153  175  197  222  249
    10.0-180.0 180.0   5.0 450.0                            LAT/LON1/LON2/DLON/H
  258  283  310  333  350  364  381  406  423  429  423  410  401  400  405  404
  399  396  394  400  405  404  393  379  367  364  362  363  365  365  357  333
  295  251  209  176  157  147  137  135  147  163  177  185  186  182  170  151
  138  117  111  106  100   94   86   79   74   69   68   69   68   66   63   62
   69   86  108  133  159  184  207  234  258
     7.5-180.0 180.0   5.0 450.0                            LAT/LON1/LON2/DLON/H
  267  289  312  331  346  357  373  396  416  428  427  419  416  423  435  440
  439  437  439  444  445  440  425  403  388  382  379  379  379  372  359  332
  296  252  214  186  171  163  157  156  167  181  194  204  204  197  182  160
  142  114  104   97   91   86   80   75   71   68   67   67   67   65   62   60
   67   84  107  134  162  190  215  243  267
     5.0-180.0 180.0   5.0 450.0                            LAT/LON1/LON2/DLON/H
  274  296  315  330  341  349  361  378  397  410  415  414  417  434  454  467
  471  474  475  477  480  472  452  425  405  398  395  393  390  379  361  334
  301  262  232  210  197  190  185  188  191  200  212  221  220  209  194  167
  144  110   96   87   81   77   73   71   68   65   64   65   66   64   61   59
   65   82  106  133  162  191  220  249  274
     2.5-180.0 180.0   5.0 450.0                            LAT/LON1/LON2/DLON/H
  278  301  320  334  342  345  352  362  376  388  395  399  409  433  462  482
  491  496  500  502  503  493  470  442  420  411  409  405  397  383  363  338
  311  280  255  238  229  223  219  220  217  220  227  233  229  220  205  168
  141  107   87   76   70   68   66   65   63   61   60   61   63   63   60   58
   64   80  103  130  159  189  220  252  278
