data/IONEX/CVBB2810.21i
     1.0            IONOSPHERE MAPS     MIX                 IONEX VERSION / TYPE
cmpcmb v1.2          GRL/UWM            27-oct-21 23:40     PGM / RUN BY / DATE 
ionex file containing IGS COMBINED Ionosphere maps          COMMENT             
global ionosphere maps for day 281, 2021                    DESCRIPTION         
IONEX file containing the COMBINED IGS TEC MAPS and DCBs    DESCRIPTION         
      IONEX files of the following IAACs were combined: cod DESCRIPTION         
                                                        esa DESCRIPTION         
                                                        jpl DESCRIPTION         
                                                        upc DESCRIPTION         
Contact address: Andrzej Krankowski                         DESCRIPTION
                 Geodynamics Research Laboratory            DESCRIPTION
                 University of Warmia and Mazury (GRL/UWM)  DESCRIPTION
                 Oczapowski St. 1                           DESCRIPTION
                 10-957-Olsztyn, POLAND                     DESCRIPTION
                 e-mail:  kand@uwm.edu.pl                   DESCRIPTION
                                                            DESCRIPTION         
  2021    10     8     0     0     0                        EPOCH OF FIRST MAP  
  2021    10     9     0     0     0                        EPOCH OF LAST MAP   
  7200                                                      INTERVAL            
    13                                                      # OF MAPS IN FILE   
  COSZ                                                      MAPPING FUNCTION    
     0.0                                                    ELEVATION CUTOFF    
combined TEC calculated as weighted mean of input TEC valuesOBSERVABLES USED    
   354                                                      # OF STATIONS       
    32                                                      # OF SATELLITES     
  6371.0                                                    BASE RADIUS         
     2                                                      MAP DIMENSION       
   450.0 450.0   0.0                                        HGT1 / HGT2 / DHGT  
    87.5 -87.5  -2.5                                        LAT1 / LAT2 / DLAT  
  -180.0 180.0   5.0                                        LON1 / LON2 / DLON  
    -1                                                      EXPONENT            
TEC values in 0.1 tec units;  9999, if no value available   COMMENT             
DCB values in nanoseconds, reference is Sum_of_SatDCBs = 0  COMMENT             
                                                            END OF HEADER       
[from data line 1716]
     5                                                      START OF TEC MAP    
  2021    10     8     8     0     0                        EPOCH OF CURRENT MAP
    87.5-180.0 180.0   5.0 450.0                            LAT/LON1/LON2/DLON/H
   56   57   57   57   58   59   59   59   60   60   60   61   61   61   61   61
   61   61   61   61   61   61   61   61   61   61   61   62   62   62   62   62
   62   63   63   64   63   64   63   63   64   64   64   64   64   63   63   62
   62   61   61   61   59   59   58   57   56   56   56   56   55   55   55   55
   55   55   54   55   55   55   55   56   56
    85.0-180.0 180.0   5.0 450.0                            LAT/LON1/LON2/DLON/H
   48   50   50   51   51   52   53   54   55   56   56   57   57   57   57   58
   59   58   58   59   59   58   57   58   58   58   58   58   58   59   59   60
   61   62   62   63   64   64   65   66   66   66   67   67   67   67   67   66
   66   65   64   63   61   60   58   57   55   54   53   51   50   49   48   47
   47   46   46   46   46   47   47   48   48
    82.5-180.0 180.0   5.0 450.0                            LAT/LON1/LON2/DLON/H
   40   42   44   45   47   49   50   52   53   54   55   55   55   55   54   54
   54   53   53   52   51   51   51   51   50   51   51   52   53   54   55   56
   57   59   60   62   64   65   67   68   69   70   70   71   71   72   71   71
   70   70   69   67   66   64   63   60   58   55   53   50   48   46   44   42
   40   39   38   38   38   38   38   40   40
    80.0-180.0 180.0   5.0 450.0                            LAT/LON1/LON2/DLON/H
   34   35   37   40   43   45   47   48   50   51   52   53   52   52   52   51
   50   48   48   46   46   44   43   43   44   45   44   45   45   46   47   48
   51   54   57   59   62   65   67   70   72   74   75   76   77   77   78   77
   78   78   77   76   75   74   72   69   66   63   60   56   53   49   46   42
   39   36   34   33   32   32   32   32   34
    77.5-180.0 180.0   5.0 450.0                            LAT/LON1/LON2/DLON/H
   29   30   33   36   39   41   44   46   47   48   49   49   48   47   46   44
   42   40   40   38   36   35   34   33   33   33   34   35   36   38   39   42
   45   49   53   57   62   66   69   71   74   77   78   81   83   84   85   86
   87   88   88   87   88   86   85   83   80   76   72   68   63   58   54   48
   44   40   36   34   32   31   30   29   29
    75.0-180.0 180.0   5.0 450.0                            LAT/LON1/LON2/DLON/H
   28   27   29   32   34   37   40   40   42   43   44   44   43   40   38   36
   35   33   32   33   30   29   30   29   29   28   28   30   31   33   36   39
   42   46   51   56   61   66   70   74   77   79   81   84   87   90   92   95
   96   98  100  100  100  101   99   98   95   92   88   82   78   72   66   60
   54   48   42   38   35   32   30   28   28
    72.5-180.0 180.0   5.0 450.0                            LAT/LON1/LON2/DLON/H
   28   27   27   29   31   34   35   37   38   40   40   38   36   34   32   31
   29   28   28   27   27   27   27   27   27   27   26   27   29   31   34   37
   41   46   52   57   63   68   72   76   80   82   85   88   90   94   98  102
  105  109  111  113  114  114  113  112  109  106  102   97   92   87   80   74
   67   60   52   45   39   34   32   29   28
    70.0-180.0 180.0   5.0 450.0                            LAT/LON1/LON2/DLON/H
   29   26   26   27   29   32   34   35   36   36   35   34   32   31   29   27
   25   24   24   25   26   27   27   28   27   28   27   28   29   30   33   38
   42   47   52   59   64   69   74   78   82   85   87   90   94   99  103  108
  113  116  120  123  124  124  123  121  119  116  112  107  103   99   92   87
   80   72   64   57   48   41   35   31   29
    67.5-180.0 180.0   5.0 450.0                            LAT/LON1/LON2/DLON/H
   33   30   28   28   29   30   31   32   33   32   32   31   30   29   26   25
   24   24   25   27   28   29   30   30   30   30   29   29   30   31   34   38
   43   49   55   60   66   71   76   80   82   85   88   91   96  101  107  112
  118  122  126  129  129  129  127  125  122  118  115  111  108  104  100   96
   90   83   76   67   59   51   44   38   33
    65.0-180.0 180.0   5.0 450.0                            LAT/LON1/LON2/DLON/H
   41   36   32   30   29   29   29   30   30   30   30   30   29   27   27   26
   26   26   27   29   30   31   32   33   32   32   31   30   30   32   36   40
   46   52   57   63   68   72   77   80   83   86   90   94   98  103  109  115
  121  126  129  131  131  129  127  123  119  115  112  109  107  104  102   99
   95   90   84   76   68   61   53   47   41
    62.5-180.0 180.0   5.0 450.0                            LAT/LON1/LON2/DLON/H
   48   43   39   34   32   30   29   29   29   28   29   28   28   28   28   28
   28   28   29   30   31   32   33   33   33   32   31   31   31   33   38   43
   50   56   61   66   71   75   78   82   85   88   92   96  101  106  112  118
  124  128  131  132  131  128  124  120  115  110  106  103  102  101  100   99
   96   93   88   81   75   68   61   54   48
    60.0-180.0 180.0   5.0 450.0                            LAT/LON1/LON2/DLON/H
   55   50   45   40   36   32   30   29   27   27   28   28   29   29   29   30
   30   30   31   31   31   32   32   32   31   31   30   30   32   35   41   47
   54   59   65   70   74   78   82   85   89   92   96  101  106  111  117  122
  127  131  133  133  131  127  122  117  112  106  102   98   97   96   96   96
   94   92   87   83   77   72   67   60   55
    57.5-180.0 180.0   5.0 450.0                            LAT/LON1/LON2/DLON/H
   61   56   52   46   41   36   32   29   27   26   27   27   28   29   30   31
   31   31   31   30   30   30   30   29   29   29   29   30   32   37   43   52
   58   65   70   75   79   83   87   91   95   99  104  109  113  119  123  128
  132  135  137  136  133  129  123  118  112  106  101   98   95   94   94   94
   92   90   85   81   77   73   69   65   61
    55.0-180.0 180.0   5.0 450.0                            LAT/LON1/LON2/DLON/H
   65   61   57   52   47   41   36   31   28   27   27   27   28   29   30   31
   31   30   30   29   28   28   28   28   28   28   29   31   34   39   46   55
   63   70   76   81   86   90   94   99  105  110  115  120  124  129  133  136
  139  141  143  142  138  134  129  124  118  112  108  103  100   98   96   94
   92   88   83   78   75   72   70   67   65
    52.5-180.0 180.0   5.0 450.0                            LAT/LON1/LON2/DLON/H
   66   65   62   58   53   47   41   36   33   30   28   27   27   28   29   31
   31   30   30   29   27   28   28   30   30   31   32   33   36   41   49   58
   68   75   82   88   94   99  105  110  115  122  127  131  136  141  144  146
  148  149  149  149  146  143  138  133  129  124  120  115  111  107  103  100
   95   89   82   77   73   70   69   68   66
    50.0-180.0 180.0   5.0 450.0                            LAT/LON1/LON2/DLON/H
   69   68   67   65   60   54   48   43   39   34   31   28   28   28   29   31
   32   32   32   31   30   31   33   34   36   36   36   37   39   43   52   61
   72   81   90   97  103  109  115  122  128  134  140  144  150  154  156  158
  159  158  158  156  154  152  148  145  141  138  134  129  125  120  115  108
  101   93   85   78   73   70   68   69   69
    47.5-180.0 180.0   5.0 450.0                            LAT/LON1/LON2/DLON/H
   70   71   72   70   66   62   56   51   46   41   37   33   31   31   32   34
   36   37   37   37   37   39   41   43   44   44   43   41   43   47   55   65
   76   87   96  105  112  120  126  133  140  147  153  160  164  168  170  171
  169  168  166  164  162  160  157  156  153  149  146  142  137  131  125  117
  109  100   91   82   75   71   69   69   70
    45.0-180.0 180.0   5.0 450.0                            LAT/LON1/LON2/DLON/H
   71   73   74   74   71   67   63   58   54   50   45   40   37   36   37   40
   42   44   45   46   47   49   51   53   53   52   49   47   46   50   58   68
   80   93  103  112  121  129  136  143  151  158  165  170  176  180  182  183
  181  178  175  172  170  167  164  161  158  154  151  147  143  139  134  128
  120  111  101   90   81   74   70   70   71
    42.5-180.0 180.0   5.0 450.0                            LAT/LON1/LON2/DLON/H
   72   73   75   75   73   70   67   65   62   60   55   49   46   44   44   47
   50   52   54   56   58   60   61   62   62   59   54   50   48   51   60   71
   83   96  108  119  129  137  145  151  159  166  172  178  185  189  192  193
  192  189  184  180  176  172  168  163  158  152  148  145  142  140  139  137
  131  122  111  100   88   78   73   71   72
    40.0-180.0 180.0   5.0 450.0                            LAT/LON1/LON2/DLON/H
   71   72   73   73   71   70   69   70   71   69   65   60   55   53   54   56
   59   62   64   66   67   68   69   69   68   62   57   52   50   53   61   73
   87  100  113  125  136  145  152  159  165  171  177  183  190  196  201  204
  203  200  193  187  183  178  172  166  157  149  143  139  138  140  141  142
  139  132  121  110   97   85   77   72   71
    37.5-180.0 180.0   5.0 450.0                            LAT/LON1/LON2/DLON/H
   69   68   68   68   66   64   66   71   76   79   76   71   67   64   63   65
   68   71   73   74   74   74   74   73   70   64   58   54   51   54   63   75
   89  104  117  130  141  150  158  164  170  175  180  186  193  202  208  213
  214  212  207  199  193  188  182  174  163  153  146  142  141  143  145  147
  146  141  131  119  105   91   80   73   69
    35.0-180.0 180.0   5.0 450.0                            LAT/LON1/LON2/DLON/H
   67   63   60   59   57   54   57   65   73   82   85   81   78   76   74   76
   77   79   80   79   78   78   76   74   71   65   59   54   53   56   64   77
   91  105  120  133  145  155  163  169  174  178  183  189  196  206  215  222
  226  226  222  217  213  209  204  196  185  174  166  160  157  156  155  155
  155  151  142  129  113   98   85   74   67
    32.5-180.0 180.0   5.0 450.0                            LAT/LON1/LON2/DLON/H
   66   58   52   49   47   44   47   55   66   81   88   88   87   86   85   85
   86   86   84   82   80   78   75   73   70   64   58   54   54   57   66   79
   93  108  122  135  148  158  168  175  179  183  188  194  200  210  222  232
  238  241  241  241  243  242  242  237  227  217  210  201  191  182  176  171
  168  163  153  140  122  105   91   77   66
    30.0-180.0 180.0   5.0 450.0                            LAT/LON1/LON2/DLON/H
   67   56   46   42   39   36   38   45   56   73   83   87   88   90   92   93
   93   91   88   85   81   78   75   72   68   62   56   53   53   58   69   83
   96  110  123  137  151  162  173  181  187  192  196  201  207  216  230  244
  253  260  265  273  284  289  296  297  291  284  277  262  245  228  210  196
  185  175  163  149  132  115   96   81   67
    27.5-180.0 180.0   5.0 450.0                            LAT/LON1/LON2/DLON/H
   70   58   46   39   34   32   33   39   49   63   76   81   84   89   94   95
   95   93   89   85   81   78   74   70   66   61   56   54   54   61   72   86
  100  113  126  141  154  167  179  190  197  204  209  214  218  228  244  259
  272  285  297  313  331  345  363  374  374  369  363  343  318  289  259  232
  208  191  176  160  143  125  106   88   70
    25.0-180.0 180.0   5.0 450.0                            LAT/LON1/LON2/DLON/H
   80   64   52   43   38   34   34   37   44   56   68   74   78   85   89   92
   92   90   86   83   80   78   75   71   66   62   58   56   57   64   76   90
  102  115  130  143  157  173  187  200  211  217  224  230  236  247  263  279
  295  316  337  355  385  407  439  460  465  461  453  435  402  361  317  275
  238  213  195  174  157  137  118   99   80
    22.5-180.0 180.0   5.0 450.0                            LAT/LON1/LON2/DLON/H
   94   79   66   57   50   44   40   40   43   53   61   67   71   79   83   85
   87   86   83   81   79   78   76   73   69   65   61   58   60   66   78   91
  104  117  132  146  161  178  195  210  222  232  242  247  254  267  284  303
  325  347  372  402  432  461  504  528  537  533  524  503  471  425  370  318
  270  238  213  190  171  151  132  113   94
    20.0-180.0 180.0   5.0 450.0                            LAT/LON1/LON2/DLON/H
  110   97   86   78   66   58   50   46   46   50   56   61   65   71   75   79
   81   82   81   80   78   78   77   75   72   68   64   61   62   67   78   92
  106  120  135  150  168  186  204  220  235  246  257  265  274  287  306  325
  350  372  399  429  454  486  524  545  559  558  550  531  504  466  407  355
  304  262  231  208  186  165  146  126  110
    17.5-180.0 180.0   5.0 450.0                            LAT/LON1/LON2/DLON/H
  127  115  106   99   86   73   62   55   52   53   56   59   61   65   69   74
   78   80   80   78   77   78   78   77   74   70   67   64   63   66   78   92
  109  124  139  155  175  195  214  230  246  260  273  284  296  309  327  342
  362  384  407  430  447  475  500  520  535  538  533  520  501  477  428  380
  334  284  249  226  202  180  157  143  127
    15.0-180.0 180.0   5.0 450.0                            LAT/LON1/LON2/DLON/H
  145  133  127  119  108   92   79   68   63   61   61   62   61   63   66   71
   76   79   79   78   77   78   78   78   75   72   68   65   63   66   76   92
  111  128  144  162  183  203  222  239  257  273  289  304  313  326  340  354
  368  383  400  414  429  449  464  478  490  495  494  488  477  458  426  390
  346  299  264  241  218  196  174  159  145
    12.5-180.0 180.0   5.0 450.0                            LAT/LON1/LON2/DLON/H
  162  153  143  136  127  111   96   84   76   73   73   70   67   66   68   71
   76   80   79   78   77   78   79   79   77   73   68   64   63   65   75   92
  113  132  150  170  188  209  228  246  263  280  300  316  329  339  349  358
  367  377  387  398  410  422  429  435  442  445  449  449  443  429  406  379
  345  306  277  252  230  210  190  173  162
    10.0-180.0 180.0   5.0 450.0                            LAT/LON1/LON2/DLON/H
  173  165  157  150  143  127  111   99   92   88   85   82   78   74   74   75
   80   83   82   80   78   80   81   81   79   75   70   65   62   66   76   94
  114  135  155  173  193  211  228  246  265  284  305  324  337  346  353  359
  364  370  378  386  395  401  403  402  403  406  408  411  410  403  382  359
  337  308  282  258  237  220  202  184  173
     7.5-180.0 180.0   5.0 450.0                            LAT/LON1/LON2/DLON/H
  180  172  167  162  155  141  128  118  112  106  102   99   93   86   83   83
   86   88   87   85   83   83   84   85   83   79   73   67   65   69   80   98
  119  139  158  176  194  210  227  244  263  284  307  326  341  349  356  361
  361  366  373  381  389  392  391  387  385  386  386  388  390  381  361  339
  321  301  278  257  239  224  209  192  180
     5.0-180.0 180.0   5.0 450.0                            LAT/LON1/LON2/DLON/H
  184  177  174  173  167  157  147  137  133  126  121  117  111  100   95   93
   94   95   94   91   89   89   90   91   90   85   78   72   69   73   85  102
  123  142  160  176  191  206  222  239  259  282  305  324  339  348  357  363
  362  366  373  382  391  396  394  393  391  391  392  390  385  373  350  326
  307  286  269  250  234  221  209  196  184
     2.5-180.0 180.0   5.0 450.0                            LAT/LON1/LON2/DLON/H
  185  180  180  182  181  174  166  158  153  147  142  136  130  116  108  104
  103  103  101   98   96   96   98   99   96   90   83   78   74   78   89  106
  124  142  158  172  186  200  214  232  254  278  300  317  331  342  354  363
  362  367  376  388  402  409  414  416  419  421  421  415  400  376  347  318
  295  276  261  244  228  215  205  194  185
