data/IONEX/CVBB2880.21i
     1.0            IONOSPHERE MAPS     MIX                 IONEX VERSION / TYPE
cmpcmb v1.2          GRL/UWM            28-oct-21 01:54     PGM / RUN BY / DATE 
ionex file containing IGS COMBINED Ionosphere maps          COMMENT             
global ionosphere maps for day 288, 2021                    DESCRIPTION         
IONEX file containing the COMBINED IGS TEC MAPS and DCBs    DESCRIPTION         
      IONEX files of the following IAACs were combined: cod DESCRIPTION         
                                                        esa DESCRIPTION         
                                                        jpl DESCRIPTION         
                                                        upc DESCRIPTION         
Contact address: Andrzej Krankowski                         DESCRIPTION
                 Geodynamics Research Laboratory            DESCRIPTION
                 University of Warmia and Mazury (GRL/UWM)  DESCRIPTION
                 Oczapowski St. 1                           DESCRIPTION
                 10-957-Olsztyn, POLAND                     DESCRIPTION
                 e-mail:  kand@uwm.edu.pl                   DESCRIPTION
                                                            DESCRIPTION         
  2021    10    15     0     0     0                        EPOCH OF FIRST MAP  
  2021    10    16     0     0     0                        EPOCH OF LAST MAP   
  7200                                                      INTERVAL            
    13                                                      # OF MAPS IN FILE   
  COSZ                                                      MAPPING FUNCTION    
     0.0                                                    ELEVATION CUTOFF    
combined TEC calculated as weighted mean of input TEC valuesOBSERVABLES USED    
   354                                                      # OF STATIONS       
    32                                                      # OF SATELLITES     
  6371.0                                                    BASE RADIUS         
     2                                                      MAP DIMENSION       
   450.0 450.0   0.0                                        HGT1 / HGT2 / DHGT  
    87.5 -87.5  -2.5                                        LAT1 / LAT2 / DLAT  
  -180.0 180.0   5.0                                        LON1 / LON2 / DLON  
    -1                                                      EXPONENT            
TEC values in 0.1 tec units;  9999, if no value available   COMMENT             
DCB values in nanoseconds, reference is Sum_of_SatDCBs = 0  COMMENT             
                                                            END OF HEADER       
[from data line 3861]
    10                                                      START OF TEC MAP    
  2021    10    15    18     0     0                        EPOCH OF CURRENT MAP
    87.5-180.0 180.0   5.0 450.0                            LAT/LON1/LON2/DLON/H
   59   59   59   59   59   59   60   60   60   61   61   61   62   62   63   64
   64   64   65   65   66   66   67   67   67   67   67   67   67   66   66   66
   66   66   66   66   66   66   66   66   66   66   66   66   66   66   66   66
   66   66   66   66   66   66   66   65   65   64   63   63   63   62   62   61
   61   61   60   60   59   59   59   59   59
    85.0-180.0 180.0   5.0 450.0                            LAT/LON1/LON2/DLON/H
   53   54   54   54   55   56   57   58   59   62   63   64   65   67   68   69
   69   71   70   70   71   71   72   72   72   72   71   69   69   69   67   67
   66   66   66   65   64   64   64   64   64   64   64   64   64   65   65   66
   66   67   67   67   67   67   67   66   65   64   63   62   61   60   59   58
   57   56   55   54   54   53   53   53   53
    82.5-180.0 180.0   5.0 450.0                            LAT/LON1/LON2/DLON/H
   45   46   47   49   51   53   55   57   59   61   64   66   68   70   72   75
   76   77   78   79   79   79   79   79   77   76   75   73   72   70   68   67
   66   65   64   63   63   62   62   61   61   60   60   60   61   61   62   62
   62   62   64   64   64   64   64   63   62   61   60   59   57   56   54   52
   50   49   48   47   46   46   45   45   45
    80.0-180.0 180.0   5.0 450.0                            LAT/LON1/LON2/DLON/H
   40   42   43   45   47   50   52   55   58   62   65   69   72   76   79   82
   84   86   86   87   88   86   86   86   86   85   83   81   77   73   71   67
   63   62   59   58   56   55   54   54   54   54   54   55   55   56   56   57
   57   56   57   57   58   58   58   57   57   56   54   53   51   49   48   46
   44   42   41   40   39   39   38   39   40
    77.5-180.0 180.0   5.0 450.0                            LAT/LON1/LON2/DLON/H
   35   37   39   41   44   47   50   54   58   62   66   71   75   80   84   88
   91   94   95   95   95   93  102   98   94   91   87   84   80   76   71   66
   62   58   56   54   51   49   48   47   47   47   47   47   48   49   49   50
   50   49   49   49   50   50   50   50   49   48   47   46   45   43   41   39
   37   36   34   34   33   33   33   34   35
    75.0-180.0 180.0   5.0 450.0                            LAT/LON1/LON2/DLON/H
   33   34   37   40   42   46   50   53   58   63   68   73   79   85   91   97
  101  104  106  107  106  106  108  104  101   97   92   87   82   78   73   68
   62   58   54   51   49   46   43   42   42   41   42   42   42   42   42   42
   42   41   41   41   41   41   41   41   40   40   39   38   37   35   33   32
   31   30   29   29   29   29   30   31   33
    72.5-180.0 180.0   5.0 450.0                            LAT/LON1/LON2/DLON/H
   32   34   37   40   43   47   51   55   60   65   70   77   84   91   99  105
  110  115  117  118  117  116  116  110  106  102   96   90   84   79   75   70
   64   60   56   52   49   46   42   40   39   38   37   37   37   37   36   36
   36   35   34   34   33   33   33   32   32   32   32   31   29   28   27   26
   25   25   25   25   26   27   28   30   32
    70.0-180.0 180.0   5.0 450.0                            LAT/LON1/LON2/DLON/H
   33   36   39   43   47   51   54   59   63   67   73   80   88   96  103  110
  118  122  124  126  126  126  124  118  112  108  100   94   87   82   77   73
   68   64   59   55   51   48   44   41   39   37   36   35   35   33   32   32
   31   31   30   29   28   27   27   26   26   26   25   25   24   24   23   22
   21   22   22   23   24   25   28   31   33
    67.5-180.0 180.0   5.0 450.0                            LAT/LON1/LON2/DLON/H
   35   38   42   46   50   54   58   62   65   70   75   82   89   97  106  114
  122  127  131  134  133  132  129  125  118  113  106   99   93   86   82   77
   73   68   64   59   54   50   46   43   40   38   37   36   34   33   31   29
   28   28   27   25   24   23   23   22   22   22   22   21   21   20   20   19
   19   19   20   21   23   26   28   31   35
    65.0-180.0 180.0   5.0 450.0                            LAT/LON1/LON2/DLON/H
   36   41   45   50   54   58   61   65   68   71   76   83   90   98  108  117
  124  129  133  136  136  135  132  128  122  117  110  105   98   91   86   81
   76   72   67   62   57   52   48   45   42   40   39   38   36   34   31   30
   29   27   26   25   23   22   22   21   20   20   20   20   20   20   19   18
   18   18   19   20   23   26   29   32   36
    62.5-180.0 180.0   5.0 450.0                            LAT/LON1/LON2/DLON/H
   37   41   47   52   56   60   64   67   70   74   77   83   89   99  108  117
  124  130  134  136  136  135  133  129  124  119  113  107  101   96   89   84
   80   75   69   64   58   53   49   46   44   42   41   40   39   36   35   32
   31   29   28   26   24   23   23   21   21   21   21   22   21   21   20   19
   18   18   18   20   22   25   29   32   37
    60.0-180.0 180.0   5.0 450.0                            LAT/LON1/LON2/DLON/H
   36   41   47   53   58   63   67   70   73   76   79   84   90   99  109  117
  125  131  134  136  135  134  132  128  124  120  114  108  104   98   93   88
   83   78   71   64   58   54   50   47   46   45   44   44   42   41   39   36
   35   33   31   29   27   26   25   24   24   24   24   24   24   23   22   21
   20   19   19   20   22   25   28   32   36
    57.5-180.0 180.0   5.0 450.0                            LAT/LON1/LON2/DLON/H
   35   40   47   53   59   64   69   73   76   78   81   86   92  100  110  118
  126  131  134  135  134  132  130  127  124  120  115  110  106  102   96   92
   86   80   73   66   60   55   52   50   50   49   48   48   46   45   43   41
   39   37   36   34   32   29   29   28   28   29   29   29   28   28   26   25
   24   22   22   21   23   24   27   31   35
    55.0-180.0 180.0   5.0 450.0                            LAT/LON1/LON2/DLON/H
   36   40   47   54   60   67   72   76   78   81   83   88   95  103  112  121
  128  133  135  134  134  131  129  126  124  121  119  114  112  107  102   97
   90   84   76   69   63   58   55   54   53   53   53   52   51   50   47   46
   44   42   40   39   37   35   34   34   34   35   35   36   35   34   33   31
   29   27   25   25   25   26   27   31   36
    52.5-180.0 180.0   5.0 450.0                            LAT/LON1/LON2/DLON/H
   38   42   48   55   63   70   75   79   83   85   88   92   98  106  115  124
  130  135  136  135  133  131  129  127  125  124  123  120  119  115  110  105
   98   89   81   73   67   63   60   59   59   59   58   58   56   55   52   51
   49   47   46   44   43   42   42   41   41   42   43   43   43   42   41   40
   37   35   32   31   30   30   31   33   38
    50.0-180.0 180.0   5.0 450.0                            LAT/LON1/LON2/DLON/H
   42   46   52   59   67   75   81   85   88   90   93   97  103  110  119  127
  134  137  138  136  134  132  130  129  128  129  129  128  127  125  119  115
  107   97   87   79   72   68   66   65   65   64   64   64   62   61   59   57
   55   54   52   51   50   50   49   49   49   49   50   51   51   51   49   47
   46   43   40   39   37   36   37   39   42
    47.5-180.0 180.0   5.0 450.0                            LAT/LON1/LON2/DLON/H
   48   51   57   64   73   80   86   91   94   97  100  103  109  116  124  132
  138  141  141  139  136  134  133  133  134  135  136  137  137  135  130  124
  116  105   94   86   79   74   72   71   70   70   70   69   68   67   66   65
   63   61   60   59   58   58   57   57   57   57   58   58   58   58   56   55
   53   51   50   48   46   44   44   45   48
    45.0-180.0 180.0   5.0 450.0                            LAT/LON1/LON2/DLON/H
   53   57   63   71   79   86   92   97  101  104  108  112  117  123  129  137
  142  144  144  143  141  139  138  140  141  143  145  147  146  144  140  133
  123  113  102   92   86   80   78   76   76   76   75   74   74   74   73   72
   72   70   69   68   67   67   66   66   65   65   65   65   65   64   63   61
   60   58   57   56   53   52   52   52   53
    42.5-180.0 180.0   5.0 450.0                            LAT/LON1/LON2/DLON/H
   60   64   69   76   84   91   98  103  107  111  116  120  125  130  136  142
  146  149  149  148  147  146  147  148  151  153  154  155  154  152  148  142
  131  120  109  100   92   87   84   81   80   80   80   79   80   80   80   80
   80   79   78   77   76   75   75   74   73   72   72   71   70   68   66   65
   63   62   62   61   59   58   58   58   60
    40.0-180.0 180.0   5.0 450.0                            LAT/LON1/LON2/DLON/H
   65   69   75   82   89   96  102  108  113  118  123  128  132  137  141  147
  151  153  154  154  155  155  157  159  161  163  163  162  160  157  154  149
  140  130  118  108  100   93   89   86   84   84   84   84   85   85   86   87
   87   87   86   85   83   82   82   81   79   78   76   74   72   69   67   65
   64   64   64   63   62   61   61   62   65
    37.5-180.0 180.0   5.0 450.0                            LAT/LON1/LON2/DLON/H
   67   73   79   87   93  100  106  113  119  126  132  136  140  143  146  151
  155  158  160  161  163  165  168  170  173  174  173  170  166  162  159  156
  150  141  129  119  110  103   96   91   89   87   87   87   88   89   90   91
   92   91   90   87   87   86   85   83   82   80   77   75   72   69   66   64
   63   63   64   64   63   62   62   63   67
    35.0-180.0 180.0   5.0 450.0                            LAT/LON1/LON2/DLON/H
   68   75   83   90   97  103  111  118  126  133  141  145  148  150  153  156
  159  162  165  168  171  175  177  180  184  185  182  178  173  169  168  166
  162  156  146  135  125  115  105   98   94   92   91   91   91   91   92   93
   93   91   89   87   86   85   84   82   81   80   77   74   71   68   65   62
   63   63   63   63   62   61   60   63   68
    32.5-180.0 180.0   5.0 450.0                            LAT/LON1/LON2/DLON/H
   68   76   86   93  101  108  116  124  132  141  148  153  156  157  159  161
  164  166  168  172  178  183  186  190  193  195  192  187  182  180  182  181
  182  178  170  157  144  131  117  108  102  100   97   95   94   92   92   92
   91   88   86   83   82   82   81   79   78   77   75   72   70   67   65   64
   64   65   66   65   62   59   59   61   68
    30.0-180.0 180.0   5.0 450.0                            LAT/LON1/LON2/DLON/H
   67   78   88   98  105  114  123  131  139  148  155  161  164  165  166  167
  168  170  172  175  181  188  192  196  201  204  202  200  195  196  200  205
  210  210  203  190  170  152  135  123  116  108  105  102   99   95   93   91
   88   84   80   79   77   76   76   74   74   74   72   71   69   68   67   68
   69   71   70   67   63   58   57   59   67
    27.5-180.0 180.0   5.0 450.0                            LAT/LON1/LON2/DLON/H
   68   81   93  103  111  121  130  139  147  155  162  168  171  173  174  175
  174  174  175  177  183  190  195  201  208  214  214  216  214  218  228  237
  247  250  243  230  206  177  155  140  130  120  115  112  107  100   95   91
   86   80   75   73   72   70   71   69   70   71   71   71   70   71   73   76
   78   79   78   73   65   59   56   59   68
    25.0-180.0 180.0   5.0 450.0                            LAT/LON1/LON2/DLON/H
   71   85   99  109  119  129  140  149  157  163  169  174  179  182  183  183
  181  179  177  179  184  192  199  206  217  226  232  238  240  250  264  278
  294  301  294  278  247  208  181  154  144  131  125  122  115  108  102   95
   87   78   71   69   68   67   67   67   68   70   72   73   74   77   80   85
   88   90   87   80   70   62   57   61   71
    22.5-180.0 180.0   5.0 450.0                            LAT/LON1/LON2/DLON/H
   75   89  105  117  128  140  152  162  169  173  178  184  189  193  195  194
  190  185  182  183  188  196  205  217  230  244  255  266  274  287  309  333
  349  357  347  327  290  240  204  161  148  137  134  129  125  118  112  103
   91   80   73   69   69   68   69   68   70   73   76   78   81   84   88   94
   98  100   96   88   77   67   62   64   75
    20.0-180.0 180.0   5.0 450.0                            LAT/LON1/LON2/DLON/H
   79   96  111  125  137  151  167  178  183  187  192  196  202  207  212  208
  202  195  190  191  197  206  217  231  248  268  283  300  312  332  362  383
  402  401  388  360  316  262  211  162  147  143  139  136  133  130  124  114
  101   89   80   76   76   75   77   75   77   80   83   86   89   91   96  101
  105  106  102   95   84   74   68   69   79
    17.5-180.0 180.0   5.0 450.0                            LAT/LON1/LON2/DLON/H
   85  102  118  133  147  162  179  191  197  201  207  213  221  226  230  226
  219  210  204  207  214  223  235  252  272  297  316  337  350  376  407  423
  433  429  406  363  321  262  206  167  150  149  145  142  145  143  138  128
  115  104   95   92   90   88   88   87   88   90   92   95   97   99  102  104
  106  106  103   97   89   80   73   75   85
    15.0-180.0 180.0   5.0 450.0                            LAT/LON1/LON2/DLON/H
   93  108  125  140  156  173  189  203  212  219  226  235  242  248  250  247
  240  233  229  232  240  250  261  278  299  324  348  368  381  407  429  439
  444  437  409  360  307  251  203  173  159  157  154  155  159  157  153  145
  134  125  117  110  108  103  102  101  101  101  103  103  104  105  106  104
  104  103  102   98   92   85   80   82   93
    12.5-180.0 180.0   5.0 450.0                            LAT/LON1/LON2/DLON/H
  100  114  131  147  163  180  197  213  225  235  246  257  265  273  273  271
  266  262  260  264  274  284  293  307  325  348  372  390  402  422  432  439
  440  430  401  353  301  252  213  188  175  171  169  169  171  169  167  162
  155  146  138  132  127  121  118  114  112  110  110  109  109  109  106  102
   99   96   96   96   94   90   86   91  100
    10.0-180.0 180.0   5.0 450.0                            LAT/LON1/LON2/DLON/H
  106  120  136  153  168  185  203  221  236  251  264  278  289  297  298  299
  294  293  296  303  314  325  332  340  351  366  387  404  417  426  430  435
  432  419  393  352  309  267  236  215  202  194  188  183  182  180  180  177
  173  165  157  149  142  134  129  122  119  115  112  111  110  108  104   98
   94   91   91   93   94   92   90   96  106
     7.5-180.0 180.0   5.0 450.0                            LAT/LON1/LON2/DLON/H
  110  125  142  157  173  191  209  230  248  264  281  298  310  319  321  324
  322  326  333  345  358  368  373  374  378  385  396  411  424  428  431  434
  430  417  392  359  326  295  272  254  239  227  210  196  191  189  189  188
  184  178  169  160  152  141  135  125  120  116  112  108  106  104  101   95
   89   87   87   90   92   92   92   99  110
     5.0-180.0 180.0   5.0 450.0                            LAT/LON1/LON2/DLON/H
  112  128  146  162  178  196  216  237  258  277  296  313  327  335  338  343
  349  358  369  387  401  409  410  406  401  402  407  417  428  433  436  440
  440  426  405  378  353  333  315  296  280  260  233  210  200  198  197  195
  191  185  176  165  155  142  134  122  116  111  106  102  100   98   97   93
   87   84   85   87   90   90   92  100  112
     2.5-180.0 180.0   5.0 450.0                            LAT/LON1/LON2/DLON/H
  111  128  147  165  183  202  223  245  267  286  306  323  337  345  350  356
  367  382  400  422  437  442  439  429  418  412  416  424  435  442  449  455
  455  443  427  407  384  371  354  337  315  281  245  220  208  204  201  199
  194  186  178  166  152  138  128  115  109  102   98   94   92   92   93   91
   87   85   86   87   88   88   90   98  111
