data/IONEX/CVBB2940.21i
     1.0            IONOSPHERE MAPS     MIX                 IONEX VERSION / TYPE
cmpcmb v1.2          GRL/UWM             6-nov-21 02:20     PGM / RUN BY / DATE 
ionex file containing IGS COMBINED Ionosphere maps          COMMENT             
global ionosphere maps for day 294, 2021                    DESCRIPTION         
IONEX file containing the COMBINED IGS TEC MAPS and DCBs    DESCRIPTION         
      IONEX files of the following IAACs were combined: cod DESCRIPTION         
                                                        esa DESCRIPTION         
                                                        jpl DESCRIPTION         
                                                        upc DESCRIPTION         
Contact address: Andrzej Krankowski                         DESCRIPTION
                 Geodynamics Research Laboratory            DESCRIPTION
                 University of Warmia and Mazury (GRL/UWM)  DESCRIPTION
                 Oczapowski St. 1                           DESCRIPTION
                 10-957-Olsztyn, POLAND                     DESCRIPTION
                 e-mail:  kand@uwm.edu.pl                   DESCRIPTION
                                                            DESCRIPTION         
  2021    10    21     0     0     0                        EPOCH OF FIRST MAP  
  2021    10    22     0     0     0                        EPOCH OF LAST MAP   
  7200                                                      INTERVAL            
    13                                                      # OF MAPS IN FILE   
  COSZ                                                      MAPPING FUNCTION    
     0.0                                                    ELEVATION CUTOFF    
combined TEC calculated as weighted mean of input TEC valuesOBSERVABLES USED    
   357                                                      # OF STATIONS       
    32                                                      # OF SATELLITES     
  6371.0                                                    BASE RADIUS         
     2                                                      MAP DIMENSION       
   450.0 450.0   0.0                                        HGT1 / HGT2 / DHGT  
    87.5 -87.5  -2.5                                        LAT1 / LAT2 / DLAT  
  -180.0 180.0   5.0                                        LON1 / LON2 / DLON  
    -1                                                      EXPONENT            
TEC values in 0.1 tec units;  9999, if no value available   COMMENT             
DCB values in nanoseconds, reference is Sum_of_SatDCBs = 0  COMMENT             
                                                            END OF HEADER       
[from data line 2574]
     7                                                      START OF TEC MAP    
  2021    10    21    12     0     0                        EPOCH OF CURRENT MAP
    87.5-180.0 180.0   5.0 450.0                            LAT/LON1/LON2/DLON/H
   56   56   57   57   57   58   58   58   59   59   59   60   60   60   61   61
   61   62   63   63   63   64   65   66   66   67   67   67   67   67   67   67
   67   67   67   66   66   66   66   65   65   65   64   64   63   63   62   62
   61   60   60   58   58   57   56   56   55   55   55   55   55   55   55   55
   55   55   55   55   55   56   56   56   56
    85.0-180.0 180.0   5.0 450.0                            LAT/LON1/LON2/DLON/H
   51   52   52   53   54   55   55   56   57   57   58   58   59   59   60   60
   60   61   61   61   62   63   64   66   66   67   67   68   68   69   70   70
   71   72   72   72   73   72   72   72   70   69   68   66   65   63   61   60
   59   57   55   53   52   50   49   47   47   46   46   46   46   46   46   46
   47   47   47   48   48   49   49   50   51
    82.5-180.0 180.0   5.0 450.0                            LAT/LON1/LON2/DLON/H
   44   46   47   48   49   50   51   52   53   53   54   55   56   56   56   56
   56   57   57   57   60   60   61   62   62   63   64   66   68   71   72   74
   75   75   76   76   76   75   74   73   71   70   68   66   64   61   59   57
   54   52   50   48   46   44   42   41   40   38   38   38   38   38   38   38
   38   38   39   39   41   41   42   43   44
    80.0-180.0 180.0   5.0 450.0                            LAT/LON1/LON2/DLON/H
   38   39   41   43   44   46   47   49   50   50   51   51   50   50   50   50
   51   51   51   51   52   53   55   54   56   58   60   62   65   69   70   73
   76   77   79   79   79   78   77   76   73   70   68   65   62   59   56   53
   50   48   46   44   43   41   40   38   37   36   35   34   33   33   32   32
   32   32   32   33   33   34   35   36   38
    77.5-180.0 180.0   5.0 450.0                            LAT/LON1/LON2/DLON/H
   32   34   36   37   39   41   43   44   44   45   45   45   44   44   44   44
   44   44   44   44   45   47   49   50   55   58   61   63   67   72   75   78
   79   81   82   83   83   82   81   79   78   74   71   67   63   61   57   53
   50   48   47   45   44   43   42   40   39   37   36   35   34   33   32   30
   30   29   28   28   28   28   29   30   32
    75.0-180.0 180.0   5.0 450.0                            LAT/LON1/LON2/DLON/H
   27   29   31   33   35   38   39   40   40   40   41   40   40   40   39   39
   39   39   40   41   43   45   47   49   54   56   60   65   68   72   76   81
   83   85   87   87   87   87   87   84   82   80   76   72   68   65   61   58
   55   53   52   50   49   48   47   46   45   43   41   39   37   35   33   32
   31   30   28   27   26   26   26   26   27
    72.5-180.0 180.0   5.0 450.0                            LAT/LON1/LON2/DLON/H
   25   26   27   30   32   34   36   37   37   38   38   37   37   38   37   37
   37   38   39   40   42   45   49   52   55   60   63   67   71   75   78   82
   86   89   91   92   92   92   91   90   89   86   83   79   75   72   69   65
   62   61   59   57   56   56   54   53   51   49   46   43   41   38   36   34
   32   31   29   28   26   25   24   24   25
    70.0-180.0 180.0   5.0 450.0                            LAT/LON1/LON2/DLON/H
   24   24   25   27   29   32   33   34   35   36   36   36   36   35   36   36
   36   37   38   40   44   48   53   56   60   64   67   71   74   77   81   84
   88   91   94   95   96   97   96   95   94   92   90   87   84   81   78   74
   71   69   67   65   64   62   60   58   55   52   49   46   42   40   37   36
   35   33   32   30   28   27   25   24   24
    67.5-180.0 180.0   5.0 450.0                            LAT/LON1/LON2/DLON/H
   25   24   24   25   27   30   31   32   33   34   33   34   34   33   34   34
   35   36   39   42   47   52   57   60   64   68   71   74   76   78   83   85
   89   93   96   98   99   99  100  100   99   98   97   95   92   90   87   83
   80   76   73   71   68   66   63   59   56   52   48   44   40   37   36   35
   34   34   33   33   32   30   28   26   25
    65.0-180.0 180.0   5.0 450.0                            LAT/LON1/LON2/DLON/H
   27   25   24   24   25   27   29   30   31   31   31   31   31   31   31   32
   34   35   38   42   47   53   58   63   67   71   74   75   78   80   84   88
   91   95   98  100  102  103  103  103  103  103  102  101  100   98   95   90
   86   82   78   73   69   65   61   57   52   48   43   39   34   32   31   30
   31   33   35   35   35   33   32   29   27
    62.5-180.0 180.0   5.0 450.0                            LAT/LON1/LON2/DLON/H
   31   27   25   23   24   26   27   29   29   30   30   29   29   29   30   30
   32   34   37   41   46   51   58   63   68   71   74   76   79   81   86   90
   94   99  101  104  106  106  105  106  106  107  107  107  106  104  100   95
   90   85   78   73   67   61   56   51   46   41   36   31   27   25   24   24
   27   31   34   37   38   38   35   33   31
    60.0-180.0 180.0   5.0 450.0                            LAT/LON1/LON2/DLON/H
   34   29   27   26   25   26   27   28   29   28   28   28   28   28   28   29
   30   31   33   37   42   48   55   60   66   70   73   76   79   83   88   93
  100  104  108  109  110  110  109  109  110  110  111  111  110  108  104   99
   93   84   77   70   63   57   50   45   40   35   30   26   22   20   19   21
   24   29   34   38   40   40   39   37   34
    57.5-180.0 180.0   5.0 450.0                            LAT/LON1/LON2/DLON/H
   37   34   31   30   30   30   30   31   30   29   28   27   27   28   27   27
   27   28   30   33   38   45   51   58   64   68   72   76   81   86   92   99
  107  112  115  116  115  115  114  113  114  114  115  115  114  111  106  101
   93   84   76   68   60   53   47   43   37   33   29   26   22   20   19   21
   24   29   35   39   42   44   43   40   37
    55.0-180.0 180.0   5.0 450.0                            LAT/LON1/LON2/DLON/H
   41   40   37   37   38   38   37   36   34   32   30   29   28   28   27   26
   26   26   27   30   35   42   49   56   61   67   72   77   83   90   98  106
  114  119  122  123  122  121  119  118  118  118  119  119  117  114  109  103
   96   87   79   69   61   55   50   45   41   38   36   33   31   28   27   27
   30   33   38   42   45   47   46   44   41
    52.5-180.0 180.0   5.0 450.0                            LAT/LON1/LON2/DLON/H
   47   46   45   45   46   46   46   44   42   39   36   34   32   30   29   27
   26   25   27   30   35   42   49   56   62   68   73   80   88   97  105  113
  121  126  130  130  130  128  126  125  124  124  124  123  121  117  113  107
  100   93   84   76   67   61   57   53   50   49   48   47   45   43   40   39
   40   41   45   47   49   51   51   49   47
    50.0-180.0 180.0   5.0 450.0                            LAT/LON1/LON2/DLON/H
   53   52   52   53   55   56   55   55   53   49   45   41   38   35   33   31
   29   28   29   33   40   46   53   60   66   72   79   86   94  104  112  119
  126  131  134  136  135  135  134  133  131  130  129  128  126  123  118  113
  107   99   92   83   76   71   67   64   62   62   62   63   62   59   56   54
   52   52   54   55   56   56   56   55   53
    47.5-180.0 180.0   5.0 450.0                            LAT/LON1/LON2/DLON/H
   60   59   59   61   63   64   65   64   62   60   55   51   46   42   40   37
   34   34   35   40   47   54   61   67   74   80   87   95  103  111  118  123
  128  133  136  139  140  142  142  140  139  137  135  134  132  129  126  121
  116  108  100   93   87   82   78   74   73   72   73   75   75   73   70   67
   64   63   63   63   63   63   63   62   60
    45.0-180.0 180.0   5.0 450.0                            LAT/LON1/LON2/DLON/H
   67   66   66   68   70   71   71   71   71   69   65   59   54   50   46   44
   42   41   44   50   57   64   71   76   83   89   97  104  111  117  122  125
  128  133  136  140  144  148  149  148  147  144  142  140  139  137  134  131
  125  119  111  105   98   92   86   81   79   77   77   79   81   80   78   76
   73   71   71   71   70   70   70   68   67
    42.5-180.0 180.0   5.0 450.0                            LAT/LON1/LON2/DLON/H
   72   72   72   74   74   75   76   76   77   75   72   67   62   57   54   52
   50   50   53   60   68   75   81   87   93  100  106  113  118  122  124  125
  127  131  136  141  149  154  157  157  155  152  150  147  146  145  143  140
  136  131  122  114  106   98   89   83   78   75   74   75   78   79   79   78
   76   76   76   76   77   76   75   74   72
    40.0-180.0 180.0   5.0 450.0                            LAT/LON1/LON2/DLON/H
   75   75   76   76   76   77   77   78   79   79   77   73   68   64   61   59
   58   59   62   70   77   84   90   96  102  108  114  119  123  126  126  127
  128  132  138  147  156  164  168  167  165  162  158  155  154  153  152  151
  147  141  132  123  112  101   90   81   74   69   67   67   70   72   73   74
   75   75   77   79   81   79   78   76   75
    37.5-180.0 180.0   5.0 450.0                            LAT/LON1/LON2/DLON/H
   75   75   75   75   75   75   75   77   79   81   81   79   75   71   68   66
   65   66   69   76   84   91   96  103  109  115  121  125  128  128  128  130
  133  138  146  156  168  176  181  180  177  174  169  164  161  160  160  160
  156  150  142  131  118  105   91   80   70   64   62   61   63   65   67   69
   71   73   76   79   80   78   76   75   75
    35.0-180.0 180.0   5.0 450.0                            LAT/LON1/LON2/DLON/H
   72   73   73   73   71   70   70   73   77   81   84   84   82   79   75   72
   70   71   74   81   88   96  101  107  113  120  125  130  133  133  133  136
  143  151  161  172  184  194  198  198  194  188  182  175  171  168  168  169
  166  160  152  141  127  112   98   86   76   69   66   65   64   63   64   65
   67   70   74   77   78   75   73   72   72
    32.5-180.0 180.0   5.0 450.0                            LAT/LON1/LON2/DLON/H
   69   70   70   69   67   65   64   67   72   78   83   85   86   84   81   78
   75   74   77   83   91   98  104  110  116  124  129  133  137  138  143  150
  161  172  182  194  206  217  220  220  215  209  199  191  184  180  179  179
  177  173  167  157  144  130  116  105   96   90   86   81   77   72   70   68
   69   71   74   76   76   73   70   69   69
    30.0-180.0 180.0   5.0 450.0                            LAT/LON1/LON2/DLON/H
   67   68   68   66   63   61   59   61   66   73   79   84   86   86   85   82
   78   76   78   84   92  100  106  112  120  126  131  137  142  147  156  170
  187  201  210  221  234  242  246  245  239  231  222  212  203  198  194  193
  193  192  190  184  173  161  146  137  131  127  122  114  105   95   86   81
   78   78   79   80   77   73   69   67   67
    27.5-180.0 180.0   5.0 450.0                            LAT/LON1/LON2/DLON/H
   68   68   67   65   62   59   57   58   62   68   74   80   83   84   83   81
   78   76   78   84   92  101  108  115  122  129  135  141  149  160  176  196
  219  236  245  253  262  270  276  274  266  261  248  236  224  219  217  215
  217  219  221  222  214  201  187  180  175  173  169  159  146  129  113  102
   94   92   90   89   85   79   74   70   68
    25.0-180.0 180.0   5.0 450.0                            LAT/LON1/LON2/DLON/H
   75   73   71   68   64   60   57   56   58   63   69   75   78   79   79   76
   75   75   78   85   93  102  110  118  125  132  140  149  160  177  200  229
  256  276  282  288  295  300  307  304  293  285  274  259  248  244  244  245
  249  254  261  267  262  249  234  230  227  225  221  211  192  171  148  131
  117  111  108  104   98   91   84   78   75
    22.5-180.0 180.0   5.0 450.0                            LAT/LON1/LON2/DLON/H
   85   80   77   73   69   65   59   57   56   59   63   69   72   73   72   70
   69   71   77   86   95  106  114  123  131  139  148  159  174  197  227  262
  297  316  321  324  328  335  338  334  318  304  298  286  277  273  276  281
  287  297  307  318  317  300  286  280  277  275  267  255  234  210  184  165
  145  135  128  123  114  106   97   91   85
    20.0-180.0 180.0   5.0 450.0                            LAT/LON1/LON2/DLON/H
   97   89   84   81   77   71   65   60   57   57   59   62   64   65   65   63
   63   68   76   87  100  111  120  128  137  146  156  171  190  218  256  296
  331  347  357  353  349  350  355  353  337  322  320  317  310  308  313  321
  329  342  354  363  365  347  329  317  309  307  294  280  261  236  212  193
  172  158  149  141  132  123  114  104   97
    17.5-180.0 180.0   5.0 450.0                            LAT/LON1/LON2/DLON/H
  111   98   92   88   84   78   69   62   57   55   55   57   58   57   56   56
   58   64   75   88  103  116  126  134  144  154  167  184  207  241  282  324
  360  372  371  363  355  352  351  356  347  340  345  347  343  342  349  357
  366  379  391  398  397  380  355  333  318  307  295  284  266  243  223  206
  191  177  166  157  149  140  129  118  111
    15.0-180.0 180.0   5.0 450.0                            LAT/LON1/LON2/DLON/H
  120  107  100   96   91   83   73   64   57   53   53   52   52   50   49   49
   53   61   73   89  106  120  130  139  150  162  178  198  226  262  304  342
  372  379  371  359  351  347  348  354  357  361  370  374  372  370  378  387
  396  402  411  417  413  393  362  329  304  283  271  265  249  230  216  208
  196  186  176  168  160  152  141  128  120
    12.5-180.0 180.0   5.0 450.0                            LAT/LON1/LON2/DLON/H
  125  113  106  101   96   87   76   66   58   53   52   51   49   46   44   45
   49   59   73   91  108  122  134  143  155  169  187  213  244  279  314  344
  366  369  362  352  349  349  353  361  372  383  392  395  393  394  401  405
  410  415  419  421  414  391  353  312  278  250  236  230  217  205  200  199
  194  185  178  173  167  159  147  134  125
    10.0-180.0 180.0   5.0 450.0                            LAT/LON1/LON2/DLON/H
  127  115  108  104   98   90   79   69   60   55   52   50   48   45   43   43
   48   59   75   93  110  125  137  147  160  178  200  227  258  291  317  338
  353  356  352  348  350  357  364  375  390  403  411  410  408  408  412  413
  414  416  416  415  405  378  336  292  254  223  207  196  187  183  184  189
  187  181  176  174  168  160  148  135  127
     7.5-180.0 180.0   5.0 450.0                            LAT/LON1/LON2/DLON/H
  125  113  106  102   97   91   81   71   62   57   54   52   49   47   44   45
   50   63   80   97  113  127  140  153  169  189  214  242  271  298  319  335
  346  349  348  350  358  369  381  393  407  419  424  420  415  413  415  413
  410  408  405  401  389  362  322  279  241  211  193  181  175  173  176  180
  182  178  175  173  168  159  147  134  125
     5.0-180.0 180.0   5.0 450.0                            LAT/LON1/LON2/DLON/H
  122  110  103   99   95   89   81   73   65   60   57   55   52   50   47   48
   54   67   85  102  117  131  145  160  179  202  228  256  282  303  319  332
  343  349  354  361  373  387  401  413  426  432  432  425  416  410  409  405
  401  395  390  384  373  349  314  275  241  215  197  186  181  181  184  185
  185  183  178  173  167  158  145  131  122
     2.5-180.0 180.0   5.0 450.0                            LAT/LON1/LON2/DLON/H
  119  109  102   97   92   88   81   74   67   63   60   57   55   52   50   51
   58   72   89  106  121  135  150  168  188  213  240  267  289  306  320  332
  345  356  367  379  394  409  422  433  441  441  436  424  410  400  395  390
  386  381  374  369  360  340  311  279  252  231  216  208  204  203  203  202
  198  193  187  180  172  161  145  129  119
