data/IONEX/CVBB2890.21i
     1.0            IONOSPHERE MAPS     MIX                 IONEX VERSION / TYPE
cmpcmb v1.2          GRL/UWM            28-oct-21 02:00     PGM / RUN BY / DATE 
ionex file containing IGS COMBINED Ionosphere maps          COMMENT             
global ionosphere maps for day 289, 2021                    DESCRIPTION         
IONEX file containing the COMBINED IGS TEC MAPS and DCBs    DESCRIPTION         
      IONEX files of the following IAACs were combined: cod DESCRIPTION         
                                                        esa DESCRIPTION         
                                                        jpl DESCRIPTION         
                                                        upc DESCRIPTION         
Contact address: Andrzej Krankowski                         DESCRIPTION
                 Geodynamics Research Laboratory            DESCRIPTION
                 University of Warmia and Mazury (GRL/UWM)  DESCRIPTION
                 Oczapowski St. 1                           DESCRIPTION
                 10-957-Olsztyn, POLAND                     DESCRIPTION
                 e-mail:  kand@uwm.edu.pl                   DESCRIPTION
                                                            DESCRIPTION         
  2021    10    16     0     0     0                        EPOCH OF FIRST MAP  
  2021    10    17     0     0     0                        EPOCH OF LAST MAP   
  7200                                                      INTERVAL            
    13                                                      # OF MAPS IN FILE   
  COSZ                                                      MAPPING FUNCTION    
     0.0                                                    ELEVATION CUTOFF    
combined TEC calculated as weighted mean of input TEC valuesOBSERVABLES USED    
   354                                                      # OF STATIONS       
    32                                                      # OF SATELLITES     
  6371.0                                                    BASE RADIUS         
     2                                                      MAP DIMENSION       
   450.0 450.0   0.0                                        HGT1 / HGT2 / DHGT  
    87.5 -87.5  -2.5                                        LAT1 / LAT2 / DLAT  
  -180.0 180.0   5.0                                        LON1 / LON2 / DLON  
    -1                                                      EXPONENT            
TEC values in 0.1 tec units;  9999, if no value available   COMMENT             
DCB values in nanoseconds, reference is Sum_of_SatDCBs = 0  COMMENT             
                                                            END OF HEADER       
[from data line 3432]
     9                                                      START OF TEC MAP    
  2021    10    16    16     0     0                        EPOCH OF CURRENT MAP
    87.5-180.0 180.0   5.0 450.0                            LAT/LON1/LON2/DLON/H
   72   72   72   73   73   74   74   75   75   76   76   77   78   78   79   79
   79   80   80   80   80   80   81   81   81   81   81   82   82   82   82   81
   81   80   81   79   79   78   78   78   76   76   75   75   74   73   73   72
   72   71   71   71   71   71   70   70   70   69   69   69   69   69   69   69
   69   69   70   70   70   70   71   71   72
    85.0-180.0 180.0   5.0 450.0                            LAT/LON1/LON2/DLON/H
   67   68   69   70   71   72   73   74   75   77   78   78   79   81   81   82
   83   83   83   83   83   83   84   85   85   86   86   86   86   86   85   85
   84   83   83   81   80   79   77   76   75   74   72   71   70   68   68   67
   65   65   64   63   62   62   62   61   62   62   62   60   61   61   61   61
   61   62   63   63   64   64   65   66   67
    82.5-180.0 180.0   5.0 450.0                            LAT/LON1/LON2/DLON/H
   61   63   64   66   68   70   74   75   78   79   82   83   84   85   86   86
   86   86   85   85   84   84   84   87   88   88   88   88   87   87   86   85
   84   83   82   81   79   77   76   74   72   71   69   68   66   65   63   62
   61   60   58   57   55   54   53   53   53   53   53   53   53   52   52   53
   53   53   54   55   56   57   59   60   61
    80.0-180.0 180.0   5.0 450.0                            LAT/LON1/LON2/DLON/H
   53   55   58   61   63   66   69   72   74   77   80   82   84   85   87   87
   88   88   88   88   87   86   84   89   89   89   89   88   89   89   89   88
   86   85   83   80   78   76   73   71   69   66   64   63   60   59   57   57
   55   54   52   51   49   48   46   46   46   45   45   44   44   43   43   43
   44   44   45   46   47   48   50   52   53
    77.5-180.0 180.0   5.0 450.0                            LAT/LON1/LON2/DLON/H
   44   47   49   52   55   58   61   65   69   72   76   78   81   84   86   87
   87   89   89   89   89   86   88   89   93   91   90   90   90   91   90   90
   88   85   83   80   77   73   71   68   65   62   60   57   55   53   51   50
   49   48   47   46   45   43   42   41   40   39   38   37   36   35   35   35
   35   35   36   37   38   39   40   42   44
    75.0-180.0 180.0   5.0 450.0                            LAT/LON1/LON2/DLON/H
   35   37   40   43   45   49   53   56   61   66   69   73   78   81   84   88
   89   89   90   89   89   90   90   91   91   92   92   93   94   93   91   90
   89   87   84   79   77   73   69   66   63   59   57   54   51   49   47   46
   45   44   43   42   41   40   39   38   36   35   33   32   31   30   29   28
   28   28   29   29   30   31   31   34   35
    72.5-180.0 180.0   5.0 450.0                            LAT/LON1/LON2/DLON/H
   27   29   31   33   37   40   44   48   52   57   64   70   74   80   84   87
   89   91   92   93   92   93   93   96   95   95   95   95   95   95   93   91
   88   86   84   81   77   73   70   66   63   59   55   53   50   47   45   43
   42   41   41   40   39   38   37   36   34   32   31   28   27   25   25   24
   24   24   24   24   24   24   24   26   27
    70.0-180.0 180.0   5.0 450.0                            LAT/LON1/LON2/DLON/H
   22   23   24   27   29   32   35   39   44   52   58   65   71   77   82   87
   91   93   95   97   96   98   98  100  100  100   99   98   97   96   95   92
   89   86   83   80   77   74   71   67   63   60   57   53   49   46   44   42
   41   40   39   39   38   38   36   35   33   32   29   27   25   24   23   22
   22   22   21   21   21   20   20   21   22
    67.5-180.0 180.0   5.0 450.0                            LAT/LON1/LON2/DLON/H
   19   19   20   22   23   26   29   32   38   46   54   61   68   75   80   85
   90   94   96   99  101  103  103  104  104  104  102  100   98   96   95   92
   90   87   84   81   78   75   72   68   65   62   58   54   50   46   43   41
   40   39   38   37   37   36   35   34   32   30   28   26   25   23   22   22
   21   21   22   20   20   19   19   19   19
    65.0-180.0 180.0   5.0 450.0                            LAT/LON1/LON2/DLON/H
   18   18   18   19   20   22   25   30   35   42   51   59   66   72   78   84
   89   93   96  101  103  106  107  107  107  106  105  101   99   97   95   93
   91   89   86   82   79   76   73   70   66   63   60   56   52   48   44   41
   39   37   36   35   35   34   33   33   31   30   28   26   24   23   22   22
   22   22   22   22   21   20   20   19   18
    62.5-180.0 180.0   5.0 450.0                            LAT/LON1/LON2/DLON/H
   19   18   18   18   19   21   24   29   35   41   49   57   65   71   77   82
   87   92   96  102  105  107  109  111  109  108  107  104  101   99   97   95
   94   91   87   84   80   77   74   71   68   65   61   58   53   49   45   41
   38   35   34   33   32   32   32   31   31   30   28   27   26   24   24   23
   23   23   24   24   23   22   21   20   19
    60.0-180.0 180.0   5.0 450.0                            LAT/LON1/LON2/DLON/H
   21   20   20   20   21   23   26   30   36   43   50   57   64   71   77   82
   87   91   97  103  106  109  111  112  111  110  108  106  104  103  102  100
   99   95   91   87   82   78   75   72   70   67   64   60   56   51   47   42
   38   35   33   32   31   31   31   32   31   31   30   28   27   26   26   25
   25   25   25   25   25   24   23   22   21
    57.5-180.0 180.0   5.0 450.0                            LAT/LON1/LON2/DLON/H
   23   23   23   24   25   26   29   34   39   46   53   60   66   72   77   82
   87   93   98  104  108  110  113  114  113  111  110  109  108  108  108  107
  105  101   97   92   87   82   79   76   73   71   67   63   59   55   50   45
   42   37   35   34   33   33   33   34   34   34   33   32   31   29   29   28
   28   27   27   27   26   26   25   24   23
    55.0-180.0 180.0   5.0 450.0                            LAT/LON1/LON2/DLON/H
   27   27   27   28   29   31   34   39   45   51   58   64   70   75   80   85
   90   95  101  106  110  113  114  114  114  113  113  113  113  114  115  114
  112  109  104   98   93   88   84   80   77   74   71   68   63   60   56   52
   48   44   41   39   38   38   39   39   40   40   39   38   38   35   34   33
   32   31   30   29   29   28   28   28   27
    52.5-180.0 180.0   5.0 450.0                            LAT/LON1/LON2/DLON/H
   32   31   32   33   34   36   40   45   51   57   63   69   75   80   85   90
   94  100  105  109  112  114  115  115  115  115  116  116  118  120  122  121
  120  116  111  105   99   94   90   86   82   79   76   72   69   66   63   60
   57   54   51   48   47   47   47   48   48   49   49   48   47   44   42   40
   38   36   35   34   33   32   32   32   32
    50.0-180.0 180.0   5.0 450.0                            LAT/LON1/LON2/DLON/H
   37   37   37   38   40   42   46   52   58   64   70   76   81   86   91   96
  101  106  110  113  115  116  116  116  116  117  119  120  123  126  127  127
  125  122  118  112  107  102   98   93   89   85   81   78   75   74   72   71
   68   66   62   60   59   59   59   59   60   60   59   59   57   55   52   49
   46   43   42   40   39   38   38   37   37
    47.5-180.0 180.0   5.0 450.0                            LAT/LON1/LON2/DLON/H
   43   43   43   44   46   48   52   58   65   71   77   82   88   92   96  102
  108  113  115  117  118  118  118  119  120  122  124  126  128  130  131  131
  129  126  123  118  115  111  107  102   96   92   88   84   83   81   81   81
   80   78   75   72   71   71   71   71   71   72   70   69   68   65   61   58
   55   52   49   47   46   45   44   44   43
    45.0-180.0 180.0   5.0 450.0                            LAT/LON1/LON2/DLON/H
   49   50   49   50   51   53   57   64   71   79   84   90   94   98  104  110
  115  120  121  122  122  122  122  123  125  128  131  132  133  134  132  132
  130  128  126  124  122  121  117  112  106   99   94   90   89   89   90   91
   90   88   85   83   81   81   81   81   81   80   79   77   76   73   69   66
   63   60   58   56   54   52   51   50   49
    42.5-180.0 180.0   5.0 450.0                            LAT/LON1/LON2/DLON/H
   55   55   54   54   55   57   61   67   76   84   90   95  100  104  110  116
  122  125  126  127  126  126  127  130  132  136  138  138  136  135  133  132
  130  129  129  130  131  132  130  123  116  108  102   97   95   95   96   98
   97   95   91   89   87   87   87   87   86   84   82   80   79   77   74   72
   70   68   66   64   61   59   57   56   55
    40.0-180.0 180.0   5.0 450.0                            LAT/LON1/LON2/DLON/H
   59   58   57   57   57   59   64   71   80   89   95  101  105  109  116  123
  128  131  131  130  130  130  133  136  139  143  144  143  139  137  135  134
  133  133  136  139  143  145  144  138  129  119  110  104  102  101  101  101
  100   97   93   90   88   88   87   87   85   83   82   80   80   79   77   75
   73   72   70   69   67   64   62   60   59
    37.5-180.0 180.0   5.0 450.0                            LAT/LON1/LON2/DLON/H
   61   59   58   57   57   59   64   73   83   93  100  106  110  115  121  129
  133  134  134  133  134  135  138  143  147  150  149  146  143  141  140  140
  141  143  147  153  159  163  162  156  145  132  121  113  108  106  104  103
  100   96   91   87   85   85   85   83   81   78   78   78   78   77   76   75
   75   74   73   72   70   68   65   62   61
    35.0-180.0 180.0   5.0 450.0                            LAT/LON1/LON2/DLON/H
   60   58   57   55   55   57   63   72   84   96  105  111  117  122  128  134
  137  138  136  135  137  140  144  149  153  156  155  152  149  148  150  153
  157  161  166  174  182  185  183  176  164  149  134  124  116  112  108  104
  100   94   88   84   82   82   81   80   77   75   73   74   75   74   74   74
   75   75   74   73   71   69   66   62   60
    32.5-180.0 180.0   5.0 450.0                            LAT/LON1/LON2/DLON/H
   58   57   55   53   52   53   60   71   85   99  109  117  124  130  136  141
  144  143  140  139  141  146  150  155  158  160  160  159  158  160  166  174
  181  187  193  202  208  213  210  200  186  169  152  139  129  121  116  108
  101   96   90   85   83   82   82   80   76   74   72   72   74   73   74   74
   74   75   74   73   71   68   65   61   58
    30.0-180.0 180.0   5.0 450.0                            LAT/LON1/LON2/DLON/H
   57   55   52   50   48   50   57   69   85  101  114  123  131  137  143  148
  151  148  146  145  148  152  156  159  161  163  165  167  170  177  189  202
  215  221  230  237  243  245  239  227  210  196  178  161  145  133  128  116
  112  106   99   94   91   89   87   84   81   77   75   76   77   76   76   76
   76   75   74   73   70   66   63   60   57
    27.5-180.0 180.0   5.0 450.0                            LAT/LON1/LON2/DLON/H
   57   55   52   48   46   48   55   68   86  102  117  128  136  144  150  155
  156  154  152  153  156  160  163  163  163  165  170  176  185  199  218  237
  253  262  268  282  287  277  271  256  238  221  202  186  163  143  139  134
  133  125  115  108  106  102   97   93   88   84   82   82   84   83   82   81
   79   77   76   74   70   66   63   59   57
    25.0-180.0 180.0   5.0 450.0                            LAT/LON1/LON2/DLON/H
   57   55   52   48   45   47   55   69   87  104  119  132  141  150  157  160
  161  160  159  162  166  169  170  168  166  170  177  188  205  226  254  277
  296  307  314  326  326  309  295  280  261  243  221  200  174  154  153  156
  156  149  136  128  124  119  112  106  101   95   94   95   96   95   93   89
   86   82   79   76   72   68   63   59   57
    22.5-180.0 180.0   5.0 450.0                            LAT/LON1/LON2/DLON/H
   56   55   51   48   46   49   58   73   90  107  123  135  145  154  162  167
  167  166  167  171  175  177  176  173  173  180  189  206  228  262  293  319
  342  355  361  367  355  333  313  297  277  256  231  209  184  168  166  174
  177  170  159  151  144  138  130  125  119  113  112  114  115  112  108  102
   96   90   85   80   76   71   65   60   56
    20.0-180.0 180.0   5.0 450.0                            LAT/LON1/LON2/DLON/H
   56   53   49   48   47   51   61   77   94  111  126  138  149  158  167  171
  173  173  174  179  183  184  181  180  184  194  208  229  258  296  330  364
  388  395  398  391  367  342  325  309  289  266  244  223  198  181  177  184
  191  189  181  172  163  157  150  145  139  135  135  137  138  134  126  118
  109  100   93   86   80   74   67   61   56
    17.5-180.0 180.0   5.0 450.0                            LAT/LON1/LON2/DLON/H
   56   53   49   47   48   54   65   81   99  115  128  140  151  160  169  176
  179  179  181  186  190  191  189  191  198  213  231  254  287  331  366  395
  422  414  409  396  368  348  333  317  299  280  262  242  211  192  185  190
  198  199  193  186  178  172  168  165  160  158  157  158  159  154  146  136
  124  110  102   93   84   76   68   62   56
    15.0-180.0 180.0   5.0 450.0                            LAT/LON1/LON2/DLON/H
   56   53   49   47   48   54   68   84  102  118  131  142  152  162  170  178
  183  183  185  191  197  198  198  204  216  235  257  280  312  352  384  412
  431  422  406  394  370  351  339  326  309  293  277  252  222  198  186  186
  192  196  194  188  183  181  180  177  174  175  174  174  175  169  163  152
  137  122  109   98   89   78   69   61   56
    12.5-180.0 180.0   5.0 450.0                            LAT/LON1/LON2/DLON/H
   56   52   48   45   46   55   69   88  105  121  134  145  155  164  172  179
  185  187  190  195  201  205  209  219  236  259  282  304  330  360  387  410
  424  415  400  391  370  357  350  338  321  306  287  258  227  200  183  178
  181  186  185  183  182  184  186  183  183  184  185  185  184  179  172  160
  146  130  115  102   91   80   68   61   56
    10.0-180.0 180.0   5.0 450.0                            LAT/LON1/LON2/DLON/H
   55   51   47   44   46   55   72   92  110  126  139  151  160  169  177  184
  190  193  196  200  206  213  221  235  254  282  305  324  344  366  388  406
  416  411  400  393  379  370  367  356  343  323  298  267  232  203  182  173
  172  176  176  178  182  186  189  188  187  187  188  187  184  180  171  160
  148  133  119  105   92   80   69   60   55
     7.5-180.0 180.0   5.0 450.0                            LAT/LON1/LON2/DLON/H
   55   50   46   43   46   58   76   97  116  132  146  158  168  178  185  193
  198  203  206  210  216  225  237  254  276  304  325  340  356  373  391  408
  416  414  408  402  397  393  392  382  368  344  314  279  242  211  188  175
  170  171  172  178  184  189  193  193  191  190  187  183  178  173  164  154
  143  130  117  104   91   80   69   61   55
     5.0-180.0 180.0   5.0 450.0                            LAT/LON1/LON2/DLON/H
   56   50   46   44   48   61   81  103  123  139  153  166  179  189  198  204
  210  215  217  222  229  240  257  276  301  325  344  355  366  379  395  411
  424  428  425  423  424  423  418  408  393  368  335  297  257  227  206  187
  183  179  178  184  192  197  203  204  202  196  187  178  170  162  154  144
  134  123  112  101   90   80   70   63   56
     2.5-180.0 180.0   5.0 450.0                            LAT/LON1/LON2/DLON/H
   58   52   47   45   50   64   85  108  129  147  162  177  190  202  211  218
  223  228  231  237  245  258  276  298  322  343  359  367  374  385  400  418
  434  440  446  448  449  449  439  430  415  387  356  319  282  254  234  216
  210  203  197  201  206  208  216  217  214  203  188  171  161  150  142  134
  125  115  106   98   89   80   72   64   58
