data/IONEX/CVBB2940.21i
     1.0            IONOSPHERE MAPS     MIX                 IONEX VERSION / TYPE
cmpcmb v1.2          GRL/UWM             6-nov-21 02:20     PGM / RUN BY / DATE 
ionex file containing IGS COMBINED Ionosphere maps          COMMENT             
global ionosphere maps for day 294, 2021                    DESCRIPTION         
IONEX file containing the COMBINED IGS TEC MAPS and DCBs    DESCRIPTION         
      IONEX files of the following IAACs were combined: cod DESCRIPTION         
                                                        esa DESCRIPTION         
                                                        jpl DESCRIPTION         
                                                        upc DESCRIPTION         
Contact address: Andrzej Krankowski                         DESCRIPTION
                 Geodynamics Research Laboratory            DESCRIPTION
                 University of Warmia and Mazury (GRL/UWM)  DESCRIPTION
                 Oczapowski St. 1                           DESCRIPTION
                 10-957-Olsztyn, POLAND                     DESCRIPTION
                 e-mail:  kand@uwm.edu.pl                   DESCRIPTION
                                                            DESCRIPTION         
  2021    10    21     0     0     0                        EPOCH OF FIRST MAP  
  2021    10    22     0     0     0                        EPOCH OF LAST MAP   
  7200                                                      INTERVAL            
    13                                                      # OF MAPS IN FILE   
  COSZ                                                      MAPPING FUNCTION    
     0.0                                                    ELEVATION CUTOFF    
combined TEC calculated as weighted mean of input TEC valuesOBSERVABLES USED    
   357                                                      # OF STATIONS       
    32                                                      # OF SATELLITES     
  6371.0                                                    BASE RADIUS         
     2                                                      MAP DIMENSION       
   450.0 450.0   0.0                                        HGT1 / HGT2 / DHGT  
    87.5 -87.5  -2.5                                        LAT1 / LAT2 / DLAT  
  -180.0 180.0   5.0                                        LON1 / LON2 / DLON  
    -1                                                      EXPONENT            
TEC values in 0.1 tec units;  9999, if no value available   COMMENT             
DCB values in nanoseconds, reference is Sum_of_SatDCBs = 0  COMMENT             
                                                            END OF HEADER       
     1                                                      START OF TEC MAP    
  2021    10    21     0     0     0                        EPOCH OF CURRENT MAP
    87.5-180.0 180.0   5.0 450.0                            LAT/LON1/LON2/DLON/H
   45   45   46   46   45   45   45   45   45   45   44   44   43   43   42   42
   41   40   40   39   39   38   37   36   35   34   33   32   31   31   30   30
   29   29   28   28   28   28   28   29   29   30   30   31   31   32   33   35
   35   36   37   38   39   40   40   41   41   41   42   42   43   43   43   43
   44   44   44   45   45   45   45   45   45
    85.0-180.0 180.0   5.0 450.0                            LAT/LON1/LON2/DLON/H
   52   52   52   53   53   53   54   54   53   53   53   52   51   51   50   48
   47   45   44   42   41   39   37   35   33   31   28   26   24   22   22   22
   21   21   21   22   22   23   24   25   26   27   28   30   31   32   34   35
   36   37   38   40   41   43   43   44   45   46   46   47   48   48   49   49
   50   50   51   51   51   51   51   52   52
    82.5-180.0 180.0   5.0 450.0                            LAT/LON1/LON2/DLON/H
   57   57   57   58   58   58   58   59   59   59   60   60   60   60   59   58
   57   55   52   50   46   44   41   39   34   30   26   24   23   21   20   19
   19   19   19   19   20   21   22   24   26   27   29   32   34   35   37   38
   39   41   42   43   44   46   47   48   49   50   51   52   53   53   54   55
   55   55   56   56   56   57   57   57   57
    80.0-180.0 180.0   5.0 450.0                            LAT/LON1/LON2/DLON/H
   60   60   60   60   60   61   62   63   64   65   66   66   66   67   67   66
   64   62   59   56   53   52   48   36   33   30   28   25   23   21   19   18
   18   18   18   19   20   22   24   26   28   31   33   35   37   39   40   41
   42   43   44   46   46   47   48   49   50   51   52   53   54   55   57   57
   59   59   60   60   61   61   61   60   60
    77.5-180.0 180.0   5.0 450.0                            LAT/LON1/LON2/DLON/H
   64   64   63   63   63   64   66   66   68   69   71   73   75   75   75   74
   71   68   65   61   57   53   47   42   37   33   30   27   24   22   21   20
   20   21   22   23   24   26   28   31   33   36   39   40   42   43   44   45
   44   44   45   45   46   46   47   47   48   49   50   51   53   55   57   58
   60   62   63   65   65   65   65   65   64
    75.0-180.0 180.0   5.0 450.0                            LAT/LON1/LON2/DLON/H
   70   68   68   67   68   69   69   71   72   74   76   78   79   78   78   76
   76   73   69   65   60   57   51   47   43   38   35   32   28   28   26   26
   27   27   28   29   31   33   35   36   39   41   43   45   46   45   45   45
   44   44   43   43   43   43   43   43   44   45   46   47   50   53   55   58
   62   64   67   69   71   71   71   71   70
    72.5-180.0 180.0   5.0 450.0                            LAT/LON1/LON2/DLON/H
   78   76   75   73   72   72   73   74   75   77   78   80   79   81   78   77
   75   73   70   65   63   60   54   52   49   43   40   37   35   31   31   31
   32   33   34   35   37   38   40   42   43   43   45   45   45   44   43   42
   41   40   39   37   37   36   36   36   37   39   40   43   46   50   54   58
   63   66   71   74   76   78   78   78   78
    70.0-180.0 180.0   5.0 450.0                            LAT/LON1/LON2/DLON/H
   86   85   82   80   78   77   76   76   77   77   77   79   79   77   78   75
   72   72   67   65   62   61   57   55   53   49   45   44   41   38   36   36
   36   37   39   41   42   43   42   43   43   43   42   42   41   39   38   36
   34   33   30   30   29   28   29   30   31   33   35   39   43   48   53   58
   64   69   74   79   82   86   87   87   86
    67.5-180.0 180.0   5.0 450.0                            LAT/LON1/LON2/DLON/H
   96   94   92   88   85   83   80   79   78   78   78   78   77   77   75   72
   70   68   64   63   60   61   59   57   55   52   49   47   45   41   40   39
   39   41   40   41   42   41   41   40   39   38   37   36   34   32   30   28
   26   25   23   22   22   22   23   24   27   29   33   37   42   47   54   60
   66   72   79   85   89   93   95   96   96
    65.0-180.0 180.0   5.0 450.0                            LAT/LON1/LON2/DLON/H
  104  103  100   96   92   88   84   82   81   80   79   78   78   75   72   69
   66   63   61   60   59   59   58   58   55   52   50   47   45   42   41   40
   39   39   38   38   38   36   35   34   33   31   30   28   27   26   24   22
   21   20   18   18   18   18   20   22   24   28   33   38   44   51   56   63
   69   75   83   89   95   99  102  104  104
    62.5-180.0 180.0   5.0 450.0                            LAT/LON1/LON2/DLON/H
  110  109  107  104   99   94   90   86   83   82   80   79   77   73   70   66
   63   60   58   58   57   57   56   56   54   52   49   45   42   40   38   37
   35   34   34   33   32   31   29   28   26   25   25   24   23   22   21   20
   19   18   18   17   17   18   20   22   26   30   35   42   48   55   61   67
   73   80   86   93   98  104  107  109  110
    60.0-180.0 180.0   5.0 450.0                            LAT/LON1/LON2/DLON/H
  113  114  113  110  105  100   95   90   86   84   83   81   76   73   70   66
   63   60   58   57   57   56   54   54   52   49   47   43   38   35   33   32
   30   28   29   29   28   26   25   24   23   23   24   24   24   23   23   22
   21   20   19   19   19   20   22   24   28   34   40   48   54   61   66   72
   78   83   89   95  102  107  110  112  113
    57.5-180.0 180.0   5.0 450.0                            LAT/LON1/LON2/DLON/H
  116  117  117  115  111  105  100   94   90   87   85   82   78   74   72   68
   65   63   60   59   57   55   54   53   50   47   44   41   36   33   31   29
   27   26   27   28   27   26   25   25   26   26   28   29   29   29   28   26
   25   24   23   22   22   23   25   28   33   40   47   55   61   68   73   77
   82   86   92   97  102  107  110  113  116
    55.0-180.0 180.0   5.0 450.0                            LAT/LON1/LON2/DLON/H
  118  121  122  121  117  111  104   98   94   90   87   84   80   76   73   71
   68   66   64   62   59   56   53   51   49   46   44   41   37   34   31   30
   28   28   29   30   30   29   30   31   32   33   35   36   37   36   34   32
   31   29   28   27   27   28   30   34   39   46   54   62   68   74   79   82
   86   90   94   99  103  107  110  114  118
    52.5-180.0 180.0   5.0 450.0                            LAT/LON1/LON2/DLON/H
  123  128  130  129  125  118  111  106  100   95   91   87   83   79   76   74
   72   70   68   66   62   58   54   51   49   48   46   44   42   38   35   33
   32   32   34   35   36   37   38   39   41   43   44   45   45   44   41   40
   38   36   35   34   33   34   36   40   45   52   60   68   74   78   83   86
   89   93   97  100  104  108  113  118  123
    50.0-180.0 180.0   5.0 450.0                            LAT/LON1/LON2/DLON/H
  130  136  139  139  135  129  122  115  109  103   97   93   88   83   79   77
   75   74   71   69   64   59   55   53   52   52   52   51   49   46   42   40
   39   40   41   43   44   45   47   48   50   52   53   53   53   51   49   47
   45   44   43   42   40   40   41   45   51   58   66   73   78   81   85   89
   92   97  102  106  110  114  118  123  130
    47.5-180.0 180.0   5.0 450.0                            LAT/LON1/LON2/DLON/H
  139  146  151  151  148  142  135  128  121  114  107  102   96   90   85   82
   80   78   75   71   67   63   59   57   57   59   60   60   59   56   52   49
   48   49   50   51   52   54   55   56   58   59   60   59   59   57   55   53
   52   52   51   50   47   46   47   51   57   65   71   77   81   84   87   91
   95  101  107  112  117  121  126  132  139
    45.0-180.0 180.0   5.0 450.0                            LAT/LON1/LON2/DLON/H
  149  157  161  162  160  156  149  142  134  126  119  114  107  101   95   90
   85   81   78   74   71   68   65   64   65   67   69   70   69   66   62   58
   57   57   57   58   59   60   62   63   63   63   64   64   63   62   61   60
   60   60   59   57   55   53   53   57   63   71   77   82   85   86   89   93
   99  105  113  119  125  130  135  142  149
    42.5-180.0 180.0   5.0 450.0                            LAT/LON1/LON2/DLON/H
  158  165  169  171  172  169  164  156  148  140  133  127  121  113  106   99
   91   86   81   77   75   73   71   71   73   75   76   77   75   73   70   66
   64   63   63   63   64   65   66   66   66   66   66   66   66   66   66   67
   67   68   67   65   62   60   60   65   71   78   84   87   90   91   93   97
  102  110  118  127  134  139  145  152  158
    40.0-180.0 180.0   5.0 450.0                            LAT/LON1/LON2/DLON/H
  165  170  173  177  179  179  175  167  160  153  146  141  135  128  119  109
  100   92   85   82   80   79   79   79   80   81   81   79   77   75   73   71
   69   68   67   66   67   68   69   69   69   68   68   69   70   71   72   73
   74   75   74   72   69   66   67   73   80   87   92   95   96   97   99  102
  107  115  124  133  141  147  154  159  165
    37.5-180.0 180.0   5.0 450.0                            LAT/LON1/LON2/DLON/H
  169  172  174  178  183  185  184  178  171  163  158  154  149  143  133  122
  111  100   91   88   85   85   85   84   84   83   81   78   75   74   72   72
   71   70   69   68   69   70   72   72   71   71   71   73   75   77   77   77
   79   80   78   75   72   70   72   79   87   95   99  102  104  105  106  109
  113  121  129  137  147  154  161  166  169
    35.0-180.0 180.0   5.0 450.0                            LAT/LON1/LON2/DLON/H
  173  174  174  178  186  192  193  188  181  174  169  165  162  156  148  135
  121  108   98   93   90   89   87   85   83   81   77   73   71   70   70   70
   71   70   70   71   72   73   75   75   75   75   76   78   80   82   81   81
   80   80   78   74   72   71   75   83   93  102  106  109  110  112  114  117
  120  127  134  143  153  161  168  172  173
    32.5-180.0 180.0   5.0 450.0                            LAT/LON1/LON2/DLON/H
  182  179  177  182  191  201  205  199  191  183  176  173  171  167  160  147
  132  117  105   97   93   90   87   82   78   74   68   67   66   65   67   69
   71   72   73   74   76   78   79   80   80   81   82   85   86   86   84   81
   78   76   74   71   69   69   75   86   98  107  112  114  116  119  121  125
  128  134  140  150  160  169  177  181  182
    30.0-180.0 180.0   5.0 450.0                            LAT/LON1/LON2/DLON/H
  198  195  191  195  206  218  222  216  204  193  185  180  177  174  167  157
  142  125  111  100   94   88   83   76   70   65   60   61   61   63   66   70
   73   76   78   80   82   85   86   86   86   88   89   90   90   88   83   78
   74   70   68   65   64   66   74   87  101  111  116  118  120  124  128  132
  135  140  148  159  171  182  191  197  198
    27.5-180.0 180.0   5.0 450.0                            LAT/LON1/LON2/DLON/H
  227  225  221  222  231  245  252  243  226  209  196  185  179  175  169  161
  148  132  115  101   91   82   76   70   64   59   57   61   62   66   71   75
   79   81   85   88   91   92   93   93   93   94   95   95   93   87   80   74
   67   63   60   59   59   62   71   87  103  113  118  120  123  127  132  137
  142  148  158  172  187  202  215  224  227
    25.0-180.0 180.0   5.0 450.0                            LAT/LON1/LON2/DLON/H
  270  274  270  269  274  285  292  281  259  233  212  194  182  174  168  162
  151  135  117   98   85   76   70   67   62   62   64   68   72   78   82   85
   87   90   93   96  100  100  100   98   97   98   98   97   92   84   75   67
   59   55   53   52   52   57   68   86  103  114  120  122  125  129  134  141
  148  157  171  189  208  227  243  258  270
    22.5-180.0 180.0   5.0 450.0                            LAT/LON1/LON2/DLON/H
  321  330  332  331  334  340  342  327  300  269  238  208  188  175  167  161
  151  134  115   95   81   73   69   69   70   76   81   84   88   96   98   99
  100  100  101  104  106  106  105  103  100   99   97   95   90   79   69   59
   51   47   45   45   47   53   66   85  103  115  121  123  126  131  137  145
  154  168  187  208  232  254  275  300  321
    20.0-180.0 180.0   5.0 450.0                            LAT/LON1/LON2/DLON/H
  371  391  399  406  405  405  398  380  349  312  272  234  203  182  170  162
  151  132  112   93   80   75   75   80   89   98  105  109  110  115  116  115
  113  111  110  110  112  111  107  105  100   98   95   92   85   74   63   53
   44   40   40   41   44   51   65   85  103  115  122  125  128  133  141  150
  163  180  205  229  255  280  306  338  371
    17.5-180.0 180.0   5.0 450.0                            LAT/LON1/LON2/DLON/H
  411  442  460  475  473  465  455  440  406  365  319  273  230  200  180  169
  155  134  113   94   84   83   89  100  113  125  132  136  134  134  134  131
  126  121  116  114  114  112  107  103   98   96   92   89   80   68   58   48
   41   37   37   39   43   51   66   86  105  119  125  129  132  138  147  158
  174  196  222  250  278  303  330  366  411
    15.0-180.0 180.0   5.0 450.0                            LAT/LON1/LON2/DLON/H
  424  464  494  518  524  514  500  487  460  419  372  321  268  229  201  185
  167  144  120  101   92   96  109  124  139  152  158  160  157  152  150  144
  135  126  120  114  113  109  104  100   95   92   89   83   74   64   54   47
   42   39   38   41   44   53   69   90  110  124  131  135  139  146  156  170
  188  212  240  270  295  316  341  374  424
    12.5-180.0 180.0   5.0 450.0                            LAT/LON1/LON2/DLON/H
  409  449  485  520  538  534  522  514  500  469  424  371  313  267  232  211
  190  164  134  114  106  115  132  149  164  176  179  178  171  163  159  151
  140  130  121  114  111  107  102   98   93   89   84   77   68   61   54   49
   45   42   41   43   47   56   73   94  114  130  138  143  148  156  168  183
  203  229  257  285  307  322  338  366  409
    10.0-180.0 180.0   5.0 450.0                            LAT/LON1/LON2/DLON/H
  378  413  453  487  510  514  511  515  518  502  465  413  353  306  269  245
  220  192  157  136  130  142  159  174  186  193  191  182  171  164  160  153
  143  133  122  114  111  106  102   97   92   87   82   74   66   61   57   53
   50   47   45   45   49   61   78   98  118  134  144  150  157  166  179  196
  219  245  272  296  313  321  329  349  378
     7.5-180.0 180.0   5.0 450.0                            LAT/LON1/LON2/DLON/H
  349  377  408  438  455  468  477  494  506  505  481  439  387  341  308  281
  255  225  189  166  161  173  187  197  200  196  189  174  163  159  156  152
  146  138  126  117  112  107  101   95   91   87   82   74   68   64   61   59
   54   51   48   48   52   64   82  104  123  138  146  155  165  177  190  209
  232  258  283  303  314  317  318  329  349
     5.0-180.0 180.0   5.0 450.0                            LAT/LON1/LON2/DLON/H
  328  347  368  389  402  416  431  452  470  482  475  448  408  369  341  316
  290  258  223  200  193  201  210  213  205  188  175  162  153  153  154  154
  153  146  135  123  116  108  101   94   91   89   84   79   73   70   67   64
   59   54   51   48   54   67   87  109  128  141  148  156  168  183  199  218
  241  266  289  305  313  314  311  316  328
     2.5-180.0 180.0   5.0 450.0                            LAT/LON1/LON2/DLON/H
  321  332  344  355  364  374  389  409  428  447  452  438  412  385  363  344
  320  288  253  231  223  226  226  220  205  183  165  151  147  151  158  162
  162  156  145  131  121  109  100   95   92   90   87   83   78   75   73   68
   63   57   52   50   55   69   90  112  129  141  147  154  167  184  202  222
  244  268  291  306  315  318  315  316  321
