data/IONEX/CVBB2860.21i
     1.0            IONOSPHERE MAPS     MIX                 IONEX VERSION / TYPE
cmpcmb v1.2          GRL/UWM            28-oct-21 01:42     PGM / RUN BY / DATE 
ionex file containing IGS COMBINED Ionosphere maps          COMMENT             
global ionosphere maps for day 286, 2021                    DESCRIPTION         
IONEX file containing the COMBINED IGS TEC MAPS and DCBs    DESCRIPTION         
      IONEX files of the following IAACs were combined: cod DESCRIPTION         
                                                        esa DESCRIPTION         
                                                        jpl DESCRIPTION         
                                                        upc DESCRIPTION         
Contact address: Andrzej Krankowski                         DESCRIPTION
                 Geodynamics Research Laboratory            DESCRIPTION
                 University of Warmia and Mazury (GRL/UWM)  DESCRIPTION
                 Oczapowski St. 1                           DESCRIPTION
                 10-957-Olsztyn, POLAND                     DESCRIPTION
                 e-mail:  kand@uwm.edu.pl                   DESCRIPTION
                                                            DESCRIPTION         
  2021    10    13     0     0     0                        EPOCH OF FIRST MAP  
  2021    10    14     0     0     0                        EPOCH OF LAST MAP   
  7200                                                      INTERVAL            
    13                                                      # OF MAPS IN FILE   
  COSZ                                                      MAPPING FUNCTION    
     0.0                                                    ELEVATION CUTOFF    
combined TEC calculated as weighted mean of input TEC valuesOBSERVABLES USED    
   362                                                      # OF STATIONS       
    32                                                      # OF SATELLITES     
  6371.0                                                    BASE RADIUS         
     2                                                      MAP DIMENSION       
   450.0 450.0   0.0                                        HGT1 / HGT2 / DHGT  
    87.5 -87.5  -2.5                                        LAT1 / LAT2 / DLAT  
  -180.0 180.0   5.0                                        LON1 / LON2 / DLON  
    -1                                                      EXPONENT            
TEC values in 0.1 tec units;  9999, if no value available   COMMENT             
DCB values in nanoseconds, reference is Sum_of_SatDCBs = 0  COMMENT             
                                                            END OF HEADER       
[from data line 1287]
     4                                                      START OF TEC MAP    
  2021    10    13     6     0     0                        EPOCH OF CURRENT MAP
    87.5-180.0 180.0   5.0 450.0                            LAT/LON1/LON2/DLON/H
   39   39   39   39   40   40   40   41   41   41   42   42   42   42   43   43
   44   44   44   45   45   45   46   46   46   46   47   47   47   47   47   47
   47   47   47   47   47   47   47   47   47   47   47   47   47   46   47   46
   46   46   46   46   45   45   45   44   44   43   43   42   42   41   41   41
   40   40   39   39   39   39   39   39   39
    85.0-180.0 180.0   5.0 450.0                            LAT/LON1/LON2/DLON/H
   32   32   32   33   34   34   36   37   38   38   39   40   41   42   42   43
   43   43   44   44   44   44   45   45   45   45   45   46   46   46   46   46
   46   47   47   47   47   47   47   48   48   47   48   48   48   48   48   48
   48   49   48   48   48   48   47   47   45   45   44   43   42   41   40   38
   37   36   35   35   34   33   33   32   32
    82.5-180.0 180.0   5.0 450.0                            LAT/LON1/LON2/DLON/H
   27   27   27   28   29   30   31   33   35   36   38   39   40   41   41   41
   42   42   41   42   41   41   41   41   41   41   42   42   42   41   41   42
   42   43   43   44   44   45   45   46   46   47   47   48   49   49   50   51
   53   53   53   54   54   54   53   52   52   51   49   48   46   44   42   40
   38   36   34   32   30   29   28   27   27
    80.0-180.0 180.0   5.0 450.0                            LAT/LON1/LON2/DLON/H
   24   23   24   24   26   28   30   31   33   35   37   38   38   39   39   39
   38   38   37   37   36   35   35   36   36   35   35   35   35   36   36   36
   37   38   39   40   41   42   43   44   45   46   48   50   52   53   55   56
   58   60   61   62   63   64   64   63   62   61   60   58   55   53   51   48
   44   41   38   35   32   29   27   25   24
    77.5-180.0 180.0   5.0 450.0                            LAT/LON1/LON2/DLON/H
   24   23   23   23   24   25   27   29   31   32   34   35   35   36   35   35
   34   33   32   31   31   30   27   27   27   27   28   28   28   29   30   31
   32   33   34   36   38   39   40   42   44   46   48   51   54   57   60   63
   65   69   71   73   75   76   77   77   76   76   74   72   70   67   63   60
   56   52   47   43   38   34   30   27   24
    75.0-180.0 180.0   5.0 450.0                            LAT/LON1/LON2/DLON/H
   29   25   23   22   22   23   25   26   29   30   32   33   33   33   32   31
   30   29   27   26   25   23   22   22   23   23   23   23   23   24   25   26
   27   28   30   31   33   35   38   40   43   46   49   53   57   61   65   70
   73   77   81   84   87   90   91   92   92   91   90   88   86   83   79   76
   72   67   61   55   50   43   38   33   29
    72.5-180.0 180.0   5.0 450.0                            LAT/LON1/LON2/DLON/H
   36   31   26   24   23   23   24   25   28   29   30   30   31   30   29   27
   26   24   23   23   21   21   20   21   20   21   21   21   22   22   23   24
   25   26   27   29   31   33   36   39   43   47   51   56   60   65   70   76
   81   86   91   95   99  102  104  105  105  105  104  102  100   98   95   91
   88   83   77   71   64   56   50   42   36
    70.0-180.0 180.0   5.0 450.0                            LAT/LON1/LON2/DLON/H
   45   38   31   27   24   24   24   25   26   28   29   29   29   29   27   26
   24   22   21   21   20   20   20   21   21   22   23   23   23   23   23   23
   24   25   25   28   30   33   36   40   45   49   54   59   65   71   76   82
   89   94  100  105  108  112  113  115  115  114  114  112  110  108  106  103
  100   96   91   86   79   71   63   54   45
    67.5-180.0 180.0   5.0 450.0                            LAT/LON1/LON2/DLON/H
   55   46   37   30   26   25   24   25   26   27   28   29   29   28   27   25
   23   22   22   22   21   22   23   23   24   24   25   25   25   25   24   23
   24   24   25   27   29   33   37   41   47   52   58   64   71   77   83   89
   96  101  107  111  114  117  119  120  120  119  117  116  115  113  111  109
  107  104  101   97   90   84   76   66   55
    65.0-180.0 180.0   5.0 450.0                            LAT/LON1/LON2/DLON/H
   64   53   43   35   29   25   24   25   25   27   28   29   28   28   27   26
   25   24   24   24   25   26   27   28   28   28   28   28   26   26   25   23
   23   23   24   26   29   33   38   43   49   56   63   70   77   83   90   95
  102  107  111  115  117  120  121  121  121  119  117  116  114  112  110  108
  107  105  103  101   97   92   84   76   64
    62.5-180.0 180.0   5.0 450.0                            LAT/LON1/LON2/DLON/H
   70   59   48   38   31   27   25   24   25   26   27   28   28   28   28   27
   27   27   28   28   29   29   30   31   31   31   30   28   27   25   24   22
   21   21   22   25   29   33   39   46   53   60   68   76   83   90   96  102
  107  112  115  117  119  120  120  120  119  117  116  114  112  109  106  103
  102  100  100   99   98   96   90   82   70
    60.0-180.0 180.0   5.0 450.0                            LAT/LON1/LON2/DLON/H
   74   63   52   42   35   29   26   25   24   25   26   27   28   28   29   29
   29   30   30   31   31   31   31   30   30   30   29   27   25   23   22   20
   19   18   20   23   28   34   41   48   57   65   75   83   91   98  104  110
  114  118  120  121  121  121  121  120  119  118  117  115  112  108  103   98
   95   94   94   95   96   95   91   84   74
    57.5-180.0 180.0   5.0 450.0                            LAT/LON1/LON2/DLON/H
   77   66   55   46   38   31   28   25   24   24   25   26   27   28   29   30
   30   31   32   31   31   29   28   28   27   27   26   24   23   21   18   16
   16   16   18   21   27   34   43   52   61   71   81   90   98  106  111  118
  122  125  126  127  126  125  124  123  123  122  121  119  116  111  104   98
   93   91   90   91   93   93   91   85   77
    55.0-180.0 180.0   5.0 450.0                            LAT/LON1/LON2/DLON/H
   79   69   58   49   41   34   29   26   24   23   24   24   25   26   27   29
   30   30   30   29   27   26   24   23   22   22   21   20   20   18   16   13
   13   14   17   21   28   37   46   57   66   77   88   98  106  114  121  126
  130  133  135  136  136  135  134  133  133  132  131  129  126  121  112  104
   97   92   90   90   92   92   91   86   79
    52.5-180.0 180.0   5.0 450.0                            LAT/LON1/LON2/DLON/H
   80   72   62   53   44   37   31   27   25   23   22   22   23   24   26   27
   28   28   27   26   24   21   20   18   17   18   18   18   18   17   15   13
   13   15   18   24   32   41   52   63   74   85   96  105  114  122  129  135
  140  143  146  148  149  149  149  148  147  145  144  142  139  134  126  117
  109  101   96   94   94   94   92   88   80
    50.0-180.0 180.0   5.0 450.0                            LAT/LON1/LON2/DLON/H
   84   75   66   57   48   40   34   30   26   23   22   21   22   22   23   24
   25   25   24   22   20   18   17   15   15   16   17   18   19   19   17   16
   17   19   23   30   39   49   60   72   82   93  103  113  122  130  137  145
  150  155  158  161  163  164  164  162  160  159  157  155  151  147  140  131
  123  114  106  103  100   99   96   91   84
    47.5-180.0 180.0   5.0 450.0                            LAT/LON1/LON2/DLON/H
   88   79   70   61   52   45   39   33   29   25   23   22   22   22   22   22
   22   21   20   19   18   17   17   16   17   18   19   22   23   24   24   24
   25   27   32   38   48   58   69   80   91  102  112  122  130  138  146  154
  160  166  171  174  176  177  176  174  170  167  165  162  159  156  150  143
  135  127  118  113  109  106  101   95   88
    45.0-180.0 180.0   5.0 450.0                            LAT/LON1/LON2/DLON/H
   92   84   74   66   59   51   45   39   33   30   27   26   25   23   22   21
   20   19   19   19   19   19   20   21   23   25   27   30   32   34   34   35
   36   38   43   50   59   69   79   90  100  111  120  129  139  147  154  162
  170  177  182  185  187  187  184  180  175  169  165  161  159  157  154  149
  143  136  129  123  118  113  107  100   92
    42.5-180.0 180.0   5.0 450.0                            LAT/LON1/LON2/DLON/H
   96   87   79   71   65   59   52   46   40   36   33   31   30   28   25   22
   20   19   19   20   22   24   26   29   32   35   37   40   42   44   46   47
   48   51   54   61   69   78   88   98  108  119  129  138  146  154  162  169
  177  184  189  192  192  191  186  181  174  165  158  154  152  152  151  150
  145  140  135  130  125  119  112  104   96
    40.0-180.0 180.0   5.0 450.0                            LAT/LON1/LON2/DLON/H
   98   90   82   76   72   66   61   54   48   43   41   40   39   35   31   27
   23   22   22   24   27   30   34   38   42   46   48   50   52   53   56   58
   59   61   64   69   76   85   95  105  116  127  137  146  154  161  169  176
  183  189  193  195  195  193  188  181  172  161  151  146  145  146  146  146
  143  139  136  134  129  122  115  107   98
    37.5-180.0 180.0   5.0 450.0                            LAT/LON1/LON2/DLON/H
   99   91   85   80   77   74   69   64   58   54   52   51   50   46   40   35
   30   28   28   30   32   36   41   46   52   56   57   58   60   62   63   65
   66   68   70   75   81   90  100  110  122  134  144  153  162  169  175  182
  187  192  197  199  199  196  191  185  175  164  154  148  146  146  146  145
  141  137  136  134  130  124  117  109   99
    35.0-180.0 180.0   5.0 450.0                            LAT/LON1/LON2/DLON/H
   99   92   86   83   81   79   76   71   67   65   64   63   62   59   54   47
   41   38   37   37   39   42   46   53   58   62   63   64   64   65   66   68
   69   69   71   76   83   92  103  115  127  138  150  160  169  177  182  187
  191  196  201  205  206  205  202  199  191  182  173  167  165  163  160  154
  146  141  138  136  133  126  118  109   99
    32.5-180.0 180.0   5.0 450.0                            LAT/LON1/LON2/DLON/H
  100   93   87   84   83   81   79   75   72   72   73   74   75   73   67   61
   55   51   49   46   47   49   52   57   62   65   65   65   65   65   66   67
   67   68   69   74   82   92  105  117  131  143  155  167  176  184  189  193
  198  203  210  217  221  224  227  228  225  219  214  209  208  204  193  180
  167  156  150  144  138  130  121  110  100
    30.0-180.0 180.0   5.0 450.0                            LAT/LON1/LON2/DLON/H
  104   95   89   85   83   82   80   77   75   75   77   81   84   83   79   73
   68   63   61   57   55   55   57   61   65   66   65   64   63   63   63   64
   64   64   67   72   81   93  106  120  134  148  160  173  183  190  197  202
  208  216  227  240  251  260  270  277  280  279  280  277  277  269  250  227
  205  184  171  161  151  139  127  115  104
    27.5-180.0 180.0   5.0 450.0                            LAT/LON1/LON2/DLON/H
  110  102   93   87   83   81   79   76   75   76   78   82   86   88   86   82
   77   74   71   66   63   62   62   65   67   68   67   65   63   62   61   61
   60   61   64   70   80   94  109  125  139  152  165  179  189  199  207  215
  223  238  256  275  293  309  327  341  349  359  363  363  365  356  328  295
  258  223  203  187  172  156  139  124  110
    25.0-180.0 180.0   5.0 450.0                            LAT/LON1/LON2/DLON/H
  124  111  100   91   85   82   79   76   74   75   76   80   84   87   86   85
   82   79   76   72   68   66   66   69   72   72   71   68   65   62   61   59
   58   59   62   68   80   96  113  130  143  156  171  185  197  209  220  231
  245  266  292  317  342  365  389  407  422  437  446  452  460  454  418  375
  321  275  246  222  205  181  158  140  124
    22.5-180.0 180.0   5.0 450.0                            LAT/LON1/LON2/DLON/H
  141  124  109   98   90   85   82   79   77   75   74   75   79   81   81   81
   80   79   78   75   72   71   73   76   79   80   80   75   70   66   63   60
   58   58   61   68   80   99  119  136  149  163  177  192  207  221  236  252
  272  300  330  363  393  418  444  464  482  497  510  523  538  538  505  457
  394  337  295  264  245  215  186  162  141
    20.0-180.0 180.0   5.0 450.0                            LAT/LON1/LON2/DLON/H
  164  141  122  108   98   92   89   87   83   79   74   73   73   74   73   73
   73   74   76   75   74   76   80   86   90   92   91   87   80   74   69   63
   60   59   62   69   83  103  126  144  157  169  184  199  216  235  255  273
  300  333  369  404  432  454  475  494  513  523  535  551  570  575  554  512
  454  393  346  313  291  256  222  191  164
    17.5-180.0 180.0   5.0 450.0                            LAT/LON1/LON2/DLON/H
  193  165  140  123  111  104  101  100   95   88   80   74   71   70   67   66
   66   70   72   73   75   80   87   97  103  106  105   99   91   84   76   69
   65   63   65   72   88  109  132  151  166  177  191  207  226  249  272  296
  328  362  396  427  451  466  481  496  511  516  527  540  559  567  556  527
  486  435  392  361  331  299  262  227  193
    15.0-180.0 180.0   5.0 450.0                            LAT/LON1/LON2/DLON/H
  225  192  168  145  130  122  118  117  112  104   93   84   77   72   66   64
   64   67   70   73   77   85   95  107  114  118  118  112  104   95   85   77
   71   68   68   76   92  114  137  157  173  184  197  216  235  260  286  315
  347  380  409  432  449  459  468  477  482  487  495  507  523  534  532  514
  491  458  423  395  368  340  300  263  225
    12.5-180.0 180.0   5.0 450.0                            LAT/LON1/LON2/DLON/H
  263  227  196  173  155  145  141  139  134  124  113  102   91   84   75   71
   70   73   75   79   83   92  103  115  124  129  130  126  117  107   97   86
   78   72   71   78   94  117  140  159  175  188  203  222  244  270  297  326
  356  387  411  424  435  442  446  449  451  454  459  467  480  491  498  490
  479  461  438  414  392  367  332  296  263
    10.0-180.0 180.0   5.0 450.0                            LAT/LON1/LON2/DLON/H
  292  261  230  204  186  173  167  164  159  148  136  125  114  104   97   91
   89   90   91   93   96  102  113  124  133  138  138  135  126  116  105   93
   83   76   74   79   95  117  138  157  174  190  207  227  250  277  304  332
  361  387  403  411  417  421  424  426  428  429  431  436  443  454  465  467
  464  454  440  420  402  381  353  321  292
     7.5-180.0 180.0   5.0 450.0                            LAT/LON1/LON2/DLON/H
  311  285  259  235  217  202  194  190  186  175  162  153  143  134  129  123
  120  120  120  119  117  118  124  132  141  144  145  141  132  121  110   99
   87   78   74   79   95  115  135  153  171  189  209  231  255  281  306  332
  358  378  390  398  403  408  413  417  420  421  420  419  422  434  448  454
  452  445  434  419  405  387  364  337  311
     5.0-180.0 180.0   5.0 450.0                            LAT/LON1/LON2/DLON/H
  322  300  279  260  242  227  217  211  207  197  186  178  172  168  167  164
  162  161  159  154  146  140  138  140  147  150  150  144  135  124  113  101
   89   78   74   79   94  113  131  149  168  188  208  231  256  281  305  327
  347  366  377  387  395  402  411  420  425  426  424  419  419  430  445  452
  450  440  428  416  403  387  367  344  322
     2.5-180.0 180.0   5.0 450.0                            LAT/LON1/LON2/DLON/H
  324  306  289  273  257  243  232  225  220  211  202  197  196  199  204  206
  206  205  201  192  178  163  152  149  153  156  153  146  136  125  113  101
   87   77   73   79   93  111  130  147  165  185  206  231  255  278  299  318
  335  353  366  379  390  401  415  428  436  440  439  432  428  435  451  456
  450  438  423  409  395  380  362  343  324
