data/IONEX/CVBB2830.21i
     1.0            IONOSPHERE MAPS     MIX                 IONEX VERSION / TYPE
cmpcmb v1.2          GRL/UWM            28-oct-21 01:25     PGM / RUN BY / DATE 
ionex file containing IGS COMBINED Ionosphere maps          COMMENT             
global ionosphere maps for day 283, 2021                    DESCRIPTION         
IONEX file containing the COMBINED IGS TEC MAPS and DCBs    DESCRIPTION         
      IONEX files of the following IAACs were combined: cod DESCRIPTION         
                                                        esa DESCRIPTION         
                                                        jpl DESCRIPTION         
                                                        upc DESCRIPTION         
Contact address: Andrzej Krankowski                         DESCRIPTION
                 Geodynamics Research Laboratory            DESCRIPTION
                 University of Warmia and Mazury (GRL/UWM)  DESCRIPTION
                 Oczapowski St. 1                           DESCRIPTION
                 10-957-Olsztyn, POLAND                     DESCRIPTION
                 e-mail:  kand@uwm.edu.pl                   DESCRIPTION
                                                            DESCRIPTION         
  2021    10    10     0     0     0                        EPOCH OF FIRST MAP  
  2021    10    11     0     0     0                        EPOCH OF LAST MAP   
  7200                                                      INTERVAL            
    13                                                      # OF MAPS IN FILE   
  COSZ                                                      MAPPING FUNCTION    
     0.0                                                    ELEVATION CUTOFF    
combined TEC calculated as weighted mean of input TEC valuesOBSERVABLES USED    
   359                                                      # OF STATIONS       
    32                                                      # OF SATELLITES     
  6371.0                                                    BASE RADIUS         
     2                                                      MAP DIMENSION       
   450.0 450.0   0.0                                        HGT1 / HGT2 / DHGT  
    87.5 -87.5  -2.5                                        LAT1 / LAT2 / DLAT  
  -180.0 180.0   5.0                                        LON1 / LON2 / DLON  
    -1                                                      EXPONENT            
TEC values in 0.1 tec units;  9999, if no value available   COMMENT             
DCB values in nanoseconds, reference is Sum_of_SatDCBs = 0  COMMENT             
                                                            END OF HEADER       
[from data line 4719]
    12                                                      START OF TEC MAP    
  2021    10    10    22     0     0                        EPOCH OF CURRENT MAP
    87.5-180.0 180.0   5.0 450.0                            LAT/LON1/LON2/DLON/H
   62   62   63   63   64   65   65   65   65   65   66   66   66   66   66   66
   66   66   65   65   65   65   65   65   65   65   64   64   63   62   63   62
   62   62   61   61   61   61   60   60   60   60   60   60   60   60   61   60
   60   60   60   60   59   60   59   59   59   59   59   59   59   59   59   59
   60   60   60   60   60   61   62   62   62
    85.0-180.0 180.0   5.0 450.0                            LAT/LON1/LON2/DLON/H
   63   64   65   65   66   66   67   68   68   69   70   70   72   72   73   73
   73   73   73   72   72   71   71   69   67   65   63   62   60   60   60   59
   60   60   59   59   59   59   58   58   58   57   58   57   57   57   57   56
   58   58   58   59   59   59   59   59   59   59   59   59   58   59   59   59
   60   60   60   61   61   61   62   63   63
    82.5-180.0 180.0   5.0 450.0                            LAT/LON1/LON2/DLON/H
   62   61   61   62   63   64   66   68   71   73   77   79   82   83   83   83
   83   82   81   81   79   77   76   73   68   69   69   70   68   67   66   64
   63   61   61   60   60   59   59   58   57   58   58   57   57   57   57   56
   56   57   58   59   60   60   61   61   60   59   59   59   58   59   59   60
   60   61   61   61   61   62   62   62   62
    80.0-180.0 180.0   5.0 450.0                            LAT/LON1/LON2/DLON/H
   61   61   62   63   65   68   72   75   79   82   85   87   90   92   93   94
   93   93   92   91   90   85   81   77   75   72   69   67   66   65   64   64
   63   62   62   61   60   59   58   59   59   58   58   57   57   57   57   57
   57   57   58   60   60   61   62   63   62   61   60   59   59   59   59   60
   60   61   61   62   62   61   61   61   61
    77.5-180.0 180.0   5.0 450.0                            LAT/LON1/LON2/DLON/H
   62   63   64   65   68   71   75   80   84   89   93   96   96   95   96   99
   99   98   97   94   91   88   83   78   76   73   71   70   70   69   67   65
   65   64   64   63   62   61   60   59   60   60   59   58   56   56   55   56
   56   56   56   57   59   60   61   61   60   60   58   58   57   57   58   58
   60   60   62   62   62   63   62   62   62
    75.0-180.0 180.0   5.0 450.0                            LAT/LON1/LON2/DLON/H
   65   66   67   69   71   74   78   84   89   94   98   99  100  104  107  105
  104  101   96   92   90   86   81   77   73   70   68   66   65   64   65   65
   63   62   63   62   62   62   61   59   58   58   58   56   54   54   53   52
   52   52   53   53   55   55   55   55   54   53   52   52   52   52   54   55
   57   59   61   62   63   64   65   65   65
    72.5-180.0 180.0   5.0 450.0                            LAT/LON1/LON2/DLON/H
   70   70   71   73   75   78   82   86   91   97  101  104  109  111  108  109
  106   99   94   91   88   83   77   73   68   66   64   62   62   62   62   62
   61   61   60   61   59   59   59   58   57   56   55   52   51   50   50   48
   47   47   47   47   47   47   46   45   45   44   44   44   44   46   48   51
   54   57   60   63   65   67   68   69   70
    70.0-180.0 180.0   5.0 450.0                            LAT/LON1/LON2/DLON/H
   75   76   77   78   80   82   85   89   94  100  105  109  113  113  114  109
  103   98   95   90   85   80   74   69   63   62   61   59   57   57   57   58
   58   58   57   57   56   54   54   54   53   52   50   48   46   45   44   43
   41   40   39   39   38   37   37   35   35   35   35   35   37   39   42   46
   50   55   59   64   67   71   72   74   75
    67.5-180.0 180.0   5.0 450.0                            LAT/LON1/LON2/DLON/H
   82   82   83   84   85   87   89   92   97  104  108  113  116  118  115  110
  104   99   95   90   83   78   73   68   62   59   58   56   54   52   51   52
   53   53   53   52   50   50   48   48   47   46   45   43   41   39   38   37
   34   32   31   30   29   28   28   27   27   27   27   29   31   33   37   42
   47   53   58   64   69   74   77   80   82
    65.0-180.0 180.0   5.0 450.0                            LAT/LON1/LON2/DLON/H
   88   90   92   92   92   93   94   97  101  105  110  114  117  119  118  113
  106  102   97   91   86   81   75   70   64   60   56   53   51   49   47   47
   48   48   47   47   45   44   43   42   42   40   40   39   38   35   33   31
   29   27   25   24   23   22   23   22   22   23   24   25   28   31   35   41
   47   53   59   66   72   77   81   85   88
    62.5-180.0 180.0   5.0 450.0                            LAT/LON1/LON2/DLON/H
   95   98  101  101  100  100  100  101  103  106  110  115  119  121  121  117
  112  108  103   98   93   88   81   76   69   62   57   52   49   48   46   46
   46   45   44   43   41   40   38   38   38   37   37   37   36   34   31   29
   26   24   22   21   20   20   20   20   21   22   23   26   28   32   37   43
   48   55   62   69   75   81   86   91   95
    60.0-180.0 180.0   5.0 450.0                            LAT/LON1/LON2/DLON/H
  102  106  109  111  110  108  106  105  105  107  111  116  120  122  124  123
  120  117  114  109  104   99   91   84   75   67   61   56   52   49   47   47
   46   45   45   41   37   36   35   35   37   38   39   39   39   36   33   30
   28   26   23   22   21   21   21   22   23   24   26   29   32   36   41   47
   54   59   67   73   79   85   90   96  102
    57.5-180.0 180.0   5.0 450.0                            LAT/LON1/LON2/DLON/H
  110  115  119  121  120  118  115  112  110  111  113  117  121  125  128  129
  128  128  126  122  117  112  103   95   84   75   68   63   58   55   52   51
   50   47   44   42   39   37   38   40   42   44   46   47   45   42   39   35
   33   31   28   26   25   25   26   27   28   29   31   34   38   42   48   54
   60   66   72   79   84   90   96  102  110
    55.0-180.0 180.0   5.0 450.0                            LAT/LON1/LON2/DLON/H
  117  125  131  134  132  129  125  120  117  116  117  121  125  129  132  135
  137  138  138  135  130  124  115  105   94   85   79   74   67   64   60   56
   55   52   47   45   43   43   46   49   54   56   57   57   54   51   48   44
   42   39   36   34   32   32   33   34   35   36   37   40   44   49   55   61
   68   74   80   85   90   95  103  109  117
    52.5-180.0 180.0   5.0 450.0                            LAT/LON1/LON2/DLON/H
  128  137  143  147  147  144  139  132  127  125  125  126  130  134  138  141
  144  145  146  144  139  132  123  114  104   96   89   84   78   73   69   64
   60   57   53   50   50   53   57   62   66   70   71   69   66   63   59   55
   52   49   47   44   43   42   42   42   42   42   44   46   50   55   61   68
   74   81   87   93   98  103  111  119  128
    50.0-180.0 180.0   5.0 450.0                            LAT/LON1/LON2/DLON/H
  140  150  157  161  163  160  155  149  144  139  136  136  139  141  144  148
  150  150  151  148  143  135  127  118  110  103   97   93   88   83   77   71
   65   61   58   57   59   63   68   75   80   82   83   80   77   74   69   65
   62   60   58   56   55   53   51   51   50   49   49   50   54   60   66   73
   80   87   94  100  106  112  121  129  140
    47.5-180.0 180.0   5.0 450.0                            LAT/LON1/LON2/DLON/H
  154  164  171  176  178  177  173  167  162  157  154  152  151  151  153  155
  155  154  153  149  143  135  127  121  114  110  105  101   95   90   83   76
   69   64   62   63   66   72   79   85   90   93   93   90   86   83   79   75
   72   71   69   67   65   63   61   59   56   53   53   54   58   63   69   76
   84   92  101  108  115  122  132  143  154
    45.0-180.0 180.0   5.0 450.0                            LAT/LON1/LON2/DLON/H
  168  177  184  189  192  192  189  186  182  179  174  171  168  165  164  163
  161  159  156  151  144  136  129  123  118  115  111  105   99   92   84   77
   70   66   64   67   72   79   86   92   97   99   98   96   93   90   87   85
   82   81   80   78   75   73   69   65   61   57   55   55   59   65   72   80
   89   98  107  116  124  132  143  155  168
    42.5-180.0 180.0   5.0 450.0                            LAT/LON1/LON2/DLON/H
  179  189  197  201  204  204  203  202  201  198  194  190  185  180  177  172
  170  166  161  156  148  140  132  127  124  120  114  104   96   89   81   74
   68   65   66   70   76   83   90   96  100  102  102  100   97   95   93   92
   91   91   90   87   84   80   75   70   65   60   57   57   61   68   76   85
   94  103  113  123  133  142  153  166  179
    40.0-180.0 180.0   5.0 450.0                            LAT/LON1/LON2/DLON/H
  188  199  207  211  212  212  214  215  215  215  211  206  200  195  190  184
  179  174  169  163  155  147  140  134  129  122  113  102   92   83   75   70
   67   66   69   74   80   87   93   97  101  103  103  102  101  100   99   98
   98   97   96   94   90   85   80   75   68   62   58   59   64   72   81   90
   99  109  119  129  140  150  162  176  188
    37.5-180.0 180.0   5.0 450.0                            LAT/LON1/LON2/DLON/H
  197  208  216  219  220  221  222  224  227  228  225  220  214  208  202  196
  191  187  181  174  165  156  149  142  135  125  113  100   88   78   72   69
   69   71   75   80   85   91   95   99  102  104  105  106  106  106  104  102
  101  101   99   96   92   88   83   77   70   63   60   61   68   77   88   97
  106  116  126  137  148  159  171  184  197
    35.0-180.0 180.0   5.0 450.0                            LAT/LON1/LON2/DLON/H
  206  218  226  229  228  229  229  233  236  240  238  232  226  220  215  209
  204  201  194  187  177  166  158  149  141  128  114  100   87   78   74   74
   76   80   84   88   93   96   98  100  104  105  108  110  110  110  107  104
  102  100   98   95   91   88   84   78   71   65   62   64   72   83   94  105
  114  123  134  144  155  167  180  193  206
    32.5-180.0 180.0   5.0 450.0                            LAT/LON1/LON2/DLON/H
  217  230  240  243  242  240  240  242  248  251  250  244  238  233  228  222
  219  214  207  199  188  175  165  154  144  131  116  103   92   85   83   85
   89   93   97  100  102  103  103  103  105  109  112  114  115  112  107  104
  100   96   94   92   89   86   82   77   71   65   63   66   74   87  100  111
  122  132  143  153  165  178  192  204  217
    30.0-180.0 180.0   5.0 450.0                            LAT/LON1/LON2/DLON/H
  231  246  259  264  262  259  259  259  262  264  261  254  249  244  239  235
  232  227  219  208  195  179  168  155  145  132  119  109  102   99  100  104
  108  112  115  115  113  111  107  105  108  112  115  118  118  114  107  101
   96   93   90   88   85   82   79   74   69   64   63   66   77   91  105  118
  129  141  154  166  178  192  204  218  231
    27.5-180.0 180.0   5.0 450.0                            LAT/LON1/LON2/DLON/H
  252  270  285  291  290  287  284  281  280  280  276  268  261  257  253  250
  244  238  228  212  196  179  166  154  143  134  125  120  119  121  126  130
  134  134  132  129  123  118  111  108  109  113  116  119  118  113  105   97
   91   87   85   82   78   76   72   69   65   62   62   67   78   93  109  124
  137  151  167  180  195  210  222  237  252
    25.0-180.0 180.0   5.0 450.0                            LAT/LON1/LON2/DLON/H
  278  297  315  325  325  322  318  311  308  304  298  287  279  275  270  266
  258  250  236  215  194  175  162  152  143  140  136  138  143  152  162  165
  167  155  150  141  130  122  113  110  109  113  115  117  115  109  100   92
   85   81   78   75   71   68   66   63   61   58   59   66   78   95  112  129
  145  161  180  196  215  231  245  260  278
    22.5-180.0 180.0   5.0 450.0                            LAT/LON1/LON2/DLON/H
  306  328  347  362  365  364  357  351  345  340  329  318  307  301  293  287
  278  266  247  223  196  174  160  155  151  153  156  162  174  192  206  206
  200  180  163  149  133  122  113  110  110  110  112  114  110  104   95   86
   79   74   71   67   63   60   59   58   56   54   56   63   77   95  113  132
  151  172  194  215  237  253  269  285  306
    20.0-180.0 180.0   5.0 450.0                            LAT/LON1/LON2/DLON/H
  332  356  378  394  401  403  401  400  394  385  372  358  346  337  326  317
  305  290  268  238  205  179  166  166  169  175  182  188  205  228  236  233
  219  190  169  148  131  119  113  109  108  109  109  109  106   99   89   81
   74   70   66   62   58   55   54   53   52   51   53   61   77   96  115  134
  154  180  208  235  258  277  292  311  332
    17.5-180.0 180.0   5.0 450.0                            LAT/LON1/LON2/DLON/H
  354  377  400  419  430  436  440  444  442  435  422  407  393  381  367  356
  340  324  297  263  226  197  183  186  193  204  212  216  225  238  234  229
  209  183  161  139  122  114  111  108  108  107  107  105  102   94   85   78
   71   68   64   59   55   52   52   51   50   49   53   63   79   98  117  136
  158  187  220  252  278  298  315  332  354
    15.0-180.0 180.0   5.0 450.0                            LAT/LON1/LON2/DLON/H
  368  391  413  433  448  457  467  477  482  479  470  458  443  430  413  400
  384  366  336  298  257  228  214  216  223  233  237  240  243  234  221  202
  185  163  145  126  114  110  109  110  111  108  107  103   99   92   84   77
   72   69   64   59   54   52   52   50   49   49   54   65   83  103  121  141
  165  196  230  265  294  316  332  349  368
    12.5-180.0 180.0   5.0 450.0                            LAT/LON1/LON2/DLON/H
  376  396  417  435  453  465  479  494  506  511  511  502  491  479  464  447
  433  415  384  343  299  268  253  252  254  258  257  252  244  225  203  178
  155  143  129  117  112  112  116  119  118  113  109  102   97   91   84   78
   74   70   66   60   55   53   52   51   50   49   55   68   87  108  127  147
  172  203  239  275  306  328  344  359  376
    10.0-180.0 180.0   5.0 450.0                            LAT/LON1/LON2/DLON/H
  379  396  412  427  443  460  478  498  513  526  533  533  532  523  510  494
  480  465  436  394  348  315  297  291  285  279  270  255  232  207  181  155
  138  129  124  120  119  124  131  133  130  122  115  104   96   90   84   79
   75   72   67   60   56   54   53   52   51   51   57   70   90  112  134  155
  178  209  245  282  314  336  351  365  379
     7.5-180.0 180.0   5.0 450.0                            LAT/LON1/LON2/DLON/H
  380  394  405  415  427  444  464  485  503  521  535  546  552  553  544  529
  518  505  480  442  400  367  342  327  313  296  277  255  224  193  164  141
  132  131  134  136  140  147  153  153  146  133  122  105   95   89   84   80
   76   71   66   60   56   55   55   55   54   53   57   71   93  118  141  161
  185  215  250  285  315  337  353  367  380
     5.0-180.0 180.0   5.0 450.0                            LAT/LON1/LON2/DLON/H
  380  394  402  407  415  430  448  465  479  497  518  535  550  558  555  545
  537  528  510  478  442  409  381  357  334  309  283  256  221  188  161  143
  141  148  157  163  170  176  179  174  163  145  130  107   95   87   83   79
   74   70   66   61   57   56   57   58   56   55   59   72   95  120  146  168
  192  221  252  285  311  332  350  365  380
     2.5-180.0 180.0   5.0 450.0                            LAT/LON1/LON2/DLON/H
  381  396  405  410  415  426  438  446  452  464  485  507  527  539  542  540
  535  530  518  494  464  435  407  378  348  316  286  257  224  194  171  160
  164  175  186  194  201  203  200  190  175  151  133  107   93   85   80   76
   72   69   65   61   58   58   60   60   59   57   59   72   95  122  149  173
  197  223  253  281  306  325  345  363  381
