data/IONEX/CVBB2910.21i
     1.0            IONOSPHERE MAPS     MIX                 IONEX VERSION / TYPE
cmpcmb v1.2          GRL/UWM             6-nov-21 02:03     PGM / RUN BY / DATE 
ionex file containing IGS COMBINED Ionosphere maps          COMMENT             
global ionosphere maps for day 291, 2021                    DESCRIPTION         
IONEX file containing the COMBINED IGS TEC MAPS and DCBs    DESCRIPTION         
      IONEX files of the following IAACs were combined: cod DESCRIPTION         
                                                        esa DESCRIPTION         
                                                        jpl DESCRIPTION         
                                                        upc DESCRIPTION         
Contact address: Andrzej Krankowski                         DESCRIPTION
                 Geodynamics Research Laboratory            DESCRIPTION
                 University of Warmia and Mazury (GRL/UWM)  DESCRIPTION
                 Oczapowski St. 1                           DESCRIPTION
                 10-957-Olsztyn, POLAND                     DESCRIPTION
                 e-mail:  kand@uwm.edu.pl                   DESCRIPTION
                                                            DESCRIPTION         
  2021    10    18     0     0     0                        EPOCH OF FIRST MAP  
  2021    10    19     0     0     0                        EPOCH OF LAST MAP   
  7200                                                      INTERVAL            
    13                                                      # OF MAPS IN FILE   
  COSZ                                                      MAPPING FUNCTION    
     0.0                                                    ELEVATION CUTOFF    
combined TEC calculated as weighted mean of input TEC valuesOBSERVABLES USED    
   352                                                      # OF STATIONS       
    32                                                      # OF SATELLITES     
  6371.0                                                    BASE RADIUS         
     2                                                      MAP DIMENSION       
   450.0 450.0   0.0                                        HGT1 / HGT2 / DHGT  
    87.5 -87.5  -2.5                                        LAT1 / LAT2 / DLAT  
  -180.0 180.0   5.0                                        LON1 / LON2 / DLON  
    -1                                                      EXPONENT            
TEC values in 0.1 tec units;  9999, if no value available   COMMENT             
DCB values in nanoseconds, reference is Sum_of_SatDCBs = 0  COMMENT             
                                                            END OF HEADER       
[from data line 1287]
     4                                                      START OF TEC MAP    
  2021    10    18     6     0     0                        EPOCH OF CURRENT MAP
    87.5-180.0 180.0   5.0 450.0                            LAT/LON1/LON2/DLON/H
   44   44   44   44   44   44   43   43   43   43   43   43   42   42   42   42
   41   42   42   41   41   41   41   41   41   41   41   41   41   41   41   41
   42   42   42   43   43   43   44   44   45   45   45   45   46   46   46   46
   46   46   46   47   47   47   47   47   46   46   46   46   46   46   46   45
   45   45   45   45   45   45   45   45   44
    85.0-180.0 180.0   5.0 450.0                            LAT/LON1/LON2/DLON/H
   43   43   43   43   43   43   42   42   42   42   42   41   41   40   40   39
   38   37   37   37   36   36   36   35   36   36   36   36   36   36   37   37
   37   38   39   39   40   41   42   42   43   44   44   45   46   46   46   47
   47   48   48   48   48   48   48   48   48   47   47   46   46   46   45   45
   44   44   44   44   44   43   43   43   43
    82.5-180.0 180.0   5.0 450.0                            LAT/LON1/LON2/DLON/H
   41   41   41   41   41   41   41   41   40   41   40   40   39   38   37   36
   35   34   33   32   30   30   30   30   30   29   29   29   30   30   31   31
   32   33   34   35   36   37   38   40   41   41   43   44   45   46   47   47
   48   49   49   49   49   49   49   48   48   48   47   47   46   45   44   44
   43   43   42   42   41   41   41   41   41
    80.0-180.0 180.0   5.0 450.0                            LAT/LON1/LON2/DLON/H
   40   39   39   39   39   39   39   39   39   38   37   37   35   34   33   31
   29   28   27   26   25   25   24   25   24   24   23   24   24   25   26   27
   28   30   31   33   34   36   37   38   40   41   42   44   45   46   48   48
   49   49   50   50   50   51   50   51   50   50   49   49   48   47   45   44
   43   43   42   41   40   40   39   39   40
    77.5-180.0 180.0   5.0 450.0                            LAT/LON1/LON2/DLON/H
   39   38   37   37   37   37   38   38   37   37   36   35   33   31   29   28
   26   24   23   21   21   19   18   18   18   18   19   20   21   21   22   23
   25   27   29   31   33   34   36   37   38   40   42   43   45   46   48   49
   50   51   52   52   52   52   52   53   53   53   53   52   51   51   49   48
   47   45   44   43   42   41   40   40   39
    75.0-180.0 180.0   5.0 450.0                            LAT/LON1/LON2/DLON/H
   40   39   38   38   37   37   38   38   38   37   36   33   30   28   26   24
   22   20   18   17   17   16   16   16   17   17   18   19   19   20   21   22
   24   25   26   28   31   32   34   36   38   40   41   43   45   47   49   50
   52   54   55   56   56   55   55   56   57   58   58   58   58   57   55   54
   52   50   49   47   46   44   43   41   40
    72.5-180.0 180.0   5.0 450.0                            LAT/LON1/LON2/DLON/H
   43   42   41   39   39   39   40   40   40   39   36   33   31   27   24   21
   19   17   16   16   16   16   16   16   18   18   20   20   22   22   23   23
   24   25   26   27   29   31   33   35   38   40   42   44   46   48   50   52
   55   57   59   60   61   61   60   62   63   65   65   65   65   64   62   61
   60   57   55   53   51   49   47   45   43
    70.0-180.0 180.0   5.0 450.0                            LAT/LON1/LON2/DLON/H
   46   44   42   41   40   40   42   43   43   41   38   35   31   27   24   21
   18   17   16   16   16   17   17   18   20   21   23   24   25   25   25   26
   25   25   26   27   28   30   32   35   38   41   44   46   48   51   54   57
   59   61   64   66   67   68   68   69   70   71   72   72   72   71   70   68
   67   64   62   60   57   54   52   49   46
    67.5-180.0 180.0   5.0 450.0                            LAT/LON1/LON2/DLON/H
   48   45   43   42   41   42   44   46   45   43   40   37   33   28   25   22
   20   18   18   18   19   19   20   22   23   24   26   28   29   28   27   26
   26   24   24   25   27   29   32   35   38   42   45   49   52   55   58   61
   65   68   70   73   74   75   76   77   77   77   78   78   77   76   75   74
   72   70   68   66   63   60   56   52   48
    65.0-180.0 180.0   5.0 450.0                            LAT/LON1/LON2/DLON/H
   50   45   42   40   40   41   44   46   47   46   43   39   35   31   27   24
   23   22   22   21   22   21   23   24   26   28   29   31   31   31   29   26
   25   24   23   23   25   28   31   35   39   43   48   52   56   59   63   67
   70   73   76   79   80   82   82   83   83   83   82   81   80   80   78   77
   75   74   73   70   68   65   61   56   50
    62.5-180.0 180.0   5.0 450.0                            LAT/LON1/LON2/DLON/H
   52   46   40   37   37   38   41   45   47   47   44   41   36   33   30   28
   27   26   26   25   23   23   24   25   27   28   30   31   31   30   29   26
   24   22   21   21   23   26   30   35   41   46   51   56   61   65   69   73
   77   80   82   85   86   87   87   87   87   86   85   84   82   81   79   77
   76   75   75   73   72   70   65   59   52
    60.0-180.0 180.0   5.0 450.0                            LAT/LON1/LON2/DLON/H
   55   46   39   34   33   34   38   42   45   46   45   43   39   36   33   31
   31   30   29   27   25   24   24   25   28   29   29   30   30   29   27   24
   21   19   19   20   22   26   31   37   43   49   55   61   67   72   76   80
   83   86   89   90   91   92   92   91   90   90   89   87   85   83   81   78
   76   76   76   77   76   74   69   63   55
    57.5-180.0 180.0   5.0 450.0                            LAT/LON1/LON2/DLON/H
   58   48   40   34   31   32   34   39   42   43   44   43   41   39   36   35
   34   33   31   29   27   26   26   26   28   29   28   29   28   27   24   22
   19   18   17   19   22   27   33   40   47   54   61   68   73   79   83   87
   91   93   95   96   96   96   96   96   95   95   94   92   90   88   85   82
   79   77   78   79   80   78   74   67   58
    55.0-180.0 180.0   5.0 450.0                            LAT/LON1/LON2/DLON/H
   63   52   43   36   32   32   34   38   40   42   43   43   42   40   38   37
   37   35   33   31   29   27   27   27   28   29   28   27   27   25   22   21
   19   17   17   19   23   30   37   45   53   60   68   75   80   86   90   94
   97  100  102  103  103  104  103  103  103  103  103  102   99   96   92   89
   84   82   82   83   85   84   79   71   63
    52.5-180.0 180.0   5.0 450.0                            LAT/LON1/LON2/DLON/H
   69   59   50   43   38   36   37   39   42   44   45   44   44   42   40   39
   38   37   35   32   30   29   28   29   29   29   28   28   27   25   23   21
   20   19   19   22   27   34   43   51   59   67   75   82   88   95   99  103
  106  108  110  112  113  113  114  115  115  114  114  113  111  108  104   99
   94   90   89   90   91   89   86   78   69
    50.0-180.0 180.0   5.0 450.0                            LAT/LON1/LON2/DLON/H
   78   69   60   52   47   44   43   44   47   49   49   49   48   46   44   42
   40   38   36   34   33   32   33   33   33   32   31   31   30   27   26   24
   22   21   22   26   33   40   50   59   67   76   84   91   98  104  108  112
  116  118  120  122  125  127  128  129  129  129  128  127  125  121  117  111
  106  101   99   98   99   97   93   86   78
    47.5-180.0 180.0   5.0 450.0                            LAT/LON1/LON2/DLON/H
   88   80   72   65   59   55   52   52   54   55   55   55   54   53   51   49
   46   43   41   39   39   39   40   41   40   40   38   36   35   33   31   29
   26   25   27   31   38   47   57   66   75   84   93  101  109  115  120  124
  127  130  132  135  139  142  143  144  144  142  140  139  137  133  129  124
  118  113  109  108  107  105  102   95   88
    45.0-180.0 180.0   5.0 450.0                            LAT/LON1/LON2/DLON/H
   97   90   84   78   73   68   63   61   61   62   63   63   63   62   61   59
   55   52   50   48   49   50   51   51   50   49   46   44   42   40   38   35
   32   31   32   36   44   54   65   74   84   94  104  113  123  129  134  137
  139  142  145  149  152  156  158  158  156  153  150  148  145  142  138  133
  127  123  119  117  115  113  109  103   97
    42.5-180.0 180.0   5.0 450.0                            LAT/LON1/LON2/DLON/H
  104   99   94   89   85   80   74   70   69   69   71   72   73   73   73   70
   67   63   61   60   61   62   62   62   60   58   54   52   49   46   45   42
   38   37   37   42   50   61   73   84   95  105  116  128  138  145  150  152
  153  156  159  163  167  170  170  170  166  161  156  152  147  144  141  137
  132  129  126  124  122  118  114  109  104
    40.0-180.0 180.0   5.0 450.0                            LAT/LON1/LON2/DLON/H
  106  102   99   97   94   89   84   79   77   76   78   81   83   85   86   83
   80   76   74   73   73   73   72   71   69   66   62   58   55   52   51   48
   44   42   42   46   56   67   80   94  107  120  133  145  156  163  166  168
  168  171  174  177  180  182  181  178  172  165  158  152  147  144  141  137
  134  131  129  128  125  121  116  111  106
    37.5-180.0 180.0   5.0 450.0                            LAT/LON1/LON2/DLON/H
  103   99   98   97   96   92   88   84   83   83   85   89   94   97   98   97
   93   89   87   84   83   83   81   79   76   72   68   64   61   58   56   53
   49   46   47   51   61   75   90  106  122  137  152  165  176  181  184  185
  184  187  188  190  191  192  190  186  178  169  161  155  150  146  142  137
  135  133  131  129  127  121  115  109  103
    35.0-180.0 180.0   5.0 450.0                            LAT/LON1/LON2/DLON/H
   96   91   89   90   91   89   87   84   84   88   91   97  102  108  110  109
  106  100   97   93   92   90   88   84   81   77   72   68   65   62   61   57
   54   51   51   57   68   84  103  122  139  156  171  186  196  202  201  200
  201  202  202  203  202  200  197  193  186  177  168  164  159  154  147  142
  139  136  135  132  127  120  113  104   96
    32.5-180.0 180.0   5.0 450.0                            LAT/LON1/LON2/DLON/H
   89   82   78   79   81   82   80   79   81   87   92  100  108  115  118  118
  115  108  105  100   98   96   92   88   84   80   76   72   68   66   64   61
   58   55   56   62   74   92  115  137  157  175  193  206  214  218  216  215
  215  216  216  215  213  209  206  204  199  192  187  184  180  174  164  155
  149  145  143  138  131  122  111   99   89
    30.0-180.0 180.0   5.0 450.0                            LAT/LON1/LON2/DLON/H
   85   75   68   68   70   71   70   70   73   80   87   98  110  118  122  121
  119  112  108  104  101   98   96   91   87   83   79   75   72   69   67   64
   61   60   61   68   82  103  129  153  175  194  211  222  228  231  229  229
  228  229  230  229  226  220  219  220  219  218  218  221  217  210  196  181
  169  163  159  152  141  128  114   99   85
    27.5-180.0 180.0   5.0 450.0                            LAT/LON1/LON2/DLON/H
   91   77   68   63   63   63   63   63   66   70   80   93  107  116  120  119
  117  113  108  104  101   98   96   92   89   87   84   80   76   72   69   67
   65   64   67   74   89  113  140  167  190  209  224  235  240  239  239  240
  240  244  247  246  244  238  239  243  249  255  262  270  268  258  240  220
  201  191  185  172  160  144  127  109   91
    25.0-180.0 180.0   5.0 450.0                            LAT/LON1/LON2/DLON/H
  110   91   76   68   64   62   62   61   62   66   75   88  100  109  113  113
  112  108  105  101   98   96   95   93   93   92   89   85   80   75   71   69
   68   68   71   79   96  120  149  178  202  221  235  245  248  247  248  252
  255  262  267  267  266  262  266  276  287  301  314  328  328  316  291  266
  243  231  217  201  188  170  152  132  110
    22.5-180.0 180.0   5.0 450.0                            LAT/LON1/LON2/DLON/H
  139  116   96   83   75   71   69   66   65   66   73   82   93  100  105  106
  105  103   99   96   93   93   93   93   94   95   93   89   83   77   72   70
   70   70   73   82   98  124  155  184  207  225  240  248  252  254  258  265
  272  283  291  292  291  291  300  316  331  352  370  388  393  377  346  317
  291  274  254  236  222  205  187  166  139
    20.0-180.0 180.0   5.0 450.0                            LAT/LON1/LON2/DLON/H
  178  151  124  107   96   89   84   78   73   70   73   79   86   92   97   99
   98   97   94   91   89   89   90   93   96   98   96   92   86   79   72   70
   70   71   74   81   98  125  156  184  207  224  239  248  253  259  268  279
  293  306  316  321  323  325  339  356  376  401  422  441  447  433  399  369
  340  319  295  274  255  242  231  209  178
    17.5-180.0 180.0   5.0 450.0                            LAT/LON1/LON2/DLON/H
  218  190  160  137  123  114  105   97   87   80   77   79   83   88   91   93
   93   92   90   88   86   86   90   94   98  101   99   93   86   78   70   68
   68   69   72   79   97  125  156  182  203  220  235  245  254  265  278  294
  314  330  343  352  355  362  378  396  418  442  462  478  483  473  442  412
  381  355  329  308  288  279  268  247  218
    15.0-180.0 180.0   5.0 450.0                            LAT/LON1/LON2/DLON/H
  254  220  190  168  152  140  132  118  104   93   86   83   84   86   88   90
   90   89   88   86   83   85   90   95  100  103  100   93   86   76   68   66
   65   64   68   78   99  126  155  178  197  214  228  242  255  273  292  311
  333  353  368  377  384  395  413  430  450  470  486  497  500  486  463  439
  409  380  356  336  316  305  293  276  254
    12.5-180.0 180.0   5.0 450.0                            LAT/LON1/LON2/DLON/H
  275  246  220  197  183  170  156  140  123  108   98   92   90   89   89   90
   91   91   89   87   85   87   92   96  101  104  101   94   87   76   69   66
   62   62   66   79  101  127  154  174  191  206  222  240  258  280  303  328
  352  373  386  395  405  419  435  450  465  479  492  497  495  483  467  445
  422  397  374  355  337  324  310  294  275
    10.0-180.0 180.0   5.0 450.0                            LAT/LON1/LON2/DLON/H
  288  265  244  223  210  194  179  161  144  126  113  106  100   97   95   95
   96   97   96   93   91   92   95   99  104  107  104   97   89   80   73   67
   63   61   67   82  103  129  153  170  185  200  217  239  263  287  313  340
  363  383  394  402  414  428  442  454  464  472  480  483  478  471  459  442
  424  405  384  366  351  337  321  306  288
     7.5-180.0 180.0   5.0 450.0                            LAT/LON1/LON2/DLON/H
  298  279  261  245  229  214  199  181  164  145  130  121  113  108  106  105
  105  106  106  103  100   99  102  106  110  112  109  102   94   86   79   71
   66   64   69   84  106  130  151  167  182  196  216  239  265  292  319  343
  364  381  391  401  413  425  435  444  451  456  460  461  457  453  447  436
  422  407  389  372  359  346  331  315  298
     5.0-180.0 180.0   5.0 450.0                            LAT/LON1/LON2/DLON/H
  306  290  274  256  243  229  216  199  182  163  147  137  128  123  120  118
  118  118  117  114  110  109  110  114  119  120  117  109  102   94   86   78
   71   69   74   88  109  131  149  164  178  195  216  240  265  292  317  337
  355  369  380  390  401  411  420  426  431  436  440  441  440  439  438  432
  421  407  390  376  363  352  339  323  306
     2.5-180.0 180.0   5.0 450.0                            LAT/LON1/LON2/DLON/H
  316  301  286  269  255  243  231  218  199  180  164  153  145  140  137  135
  132  130  128  124  120  119  118  122  128  130  126  119  110  102   94   86
   77   73   78   92  111  132  148  162  177  195  216  239  264  288  308  324
  338  352  362  373  383  392  399  404  410  416  421  424  426  430  433  430
  420  406  390  377  366  357  347  333  316
