data/IONEX/CVBB2850.21i
     1.0            IONOSPHERE MAPS     MIX                 IONEX VERSION / TYPE
cmpcmb v1.2          GRL/UWM            28-oct-21 01:36     PGM / RUN BY / DATE 
ionex file containing IGS COMBINED Ionosphere maps          COMMENT             
global ionosphere maps for day 285, 2021                    DESCRIPTION         
IONEX file containing the COMBINED IGS TEC MAPS and DCBs    DESCRIPTION         
      IONEX files of the following IAACs were combined: cod DESCRIPTION         
                                                        esa DESCRIPTION         
                                                        jpl DESCRIPTION         
                                                        upc DESCRIPTION         
Contact address: Andrzej Krankowski                         DESCRIPTION
                 Geodynamics Research Laboratory            DESCRIPTION
                 University of Warmia and Mazury (GRL/UWM)  DESCRIPTION
                 Oczapowski St. 1                           DESCRIPTION
                 10-957-Olsztyn, POLAND                     DESCRIPTION
                 e-mail:  kand@uwm.edu.pl                   DESCRIPTION
                                                            DESCRIPTION         
  2021    10    12     0     0     0                        EPOCH OF FIRST MAP  
  2021    10    13     0     0     0                        EPOCH OF LAST MAP   
  7200                                                      INTERVAL            
    13                                                      # OF MAPS IN FILE   
  COSZ                                                      MAPPING FUNCTION    
     0.0                                                    ELEVATION CUTOFF    
combined TEC calculated as weighted mean of input TEC valuesOBSERVABLES USED    
   358                                                      # OF STATIONS       
    32                                                      # OF SATELLITES     
  6371.0                                                    BASE RADIUS         
     2                                                      MAP DIMENSION       
   450.0 450.0   0.0                                        HGT1 / HGT2 / DHGT  
    87.5 -87.5  -2.5                                        LAT1 / LAT2 / DLAT  
  -180.0 180.0   5.0                                        LON1 / LON2 / DLON  
    -1                                                      EXPONENT            
TEC values in 0.1 tec units;  9999, if no value available   COMMENT             
DCB values in nanoseconds, reference is Sum_of_SatDCBs = 0  COMMENT             
                                                            END OF HEADER       
[from data line 3432]
     9                                                      START OF TEC MAP    
  2021    10    12    16     0     0                        EPOCH OF CURRENT MAP
    87.5-180.0 180.0   5.0 450.0                            LAT/LON1/LON2/DLON/H
   53   53   53   53   53   53   53   52   52   52   52   52   52   52   53   53
   53   53   54   54   55   55   55   57   57   58   59   59   60   61   61   62
   62   63   63   64   64   65   65   65   65   66   66   66   66   66   66   65
   65   65   64   64   64   62   62   61   61   60   60   59   59   58   58   57
   57   56   56   55   55   54   54   54   53
    85.0-180.0 180.0   5.0 450.0                            LAT/LON1/LON2/DLON/H
   52   51   51   51   50   51   50   50   50   50   50   50   50   50   50   50
   50   50   51   51   52   52   53   55   57   58   59   60   61   63   64   65
   66   67   68   69   70   71   72   73   73   73   74   74   74   73   73   72
   72   71   70   69   69   67   67   65   63   62   61   60   59   58   57   56
   55   53   53   53   52   52   52   52   52
    82.5-180.0 180.0   5.0 450.0                            LAT/LON1/LON2/DLON/H
   51   51   50   51   50   50   49   49   49   49   49   48   48   48   48   47
   47   47   48   48   49   50   51   55   56   58   59   61   62   64   66   67
   69   70   71   72   73   74   75   76   77   77   78   79   79   79   79   78
   78   77   76   74   72   71   69   68   66   64   62   61   59   58   57   55
   54   53   53   52   52   52   52   51   51
    80.0-180.0 180.0   5.0 450.0                            LAT/LON1/LON2/DLON/H
   52   51   51   52   51   51   51   50   50   49   49   48   48   48   48   47
   47   47   46   46   46   48   50   55   57   59   61   64   66   69   71   74
   75   78   79   79   80   79   79   80   79   79   80   80   81   81   80   80
   80   79   78   77   75   73   72   69   67   65   63   61   60   58   57   55
   54   53   53   52   52   52   52   52   52
    77.5-180.0 180.0   5.0 450.0                            LAT/LON1/LON2/DLON/H
   54   54   55   55   55   55   55   55   55   54   54   54   54   53   52   51
   50   50   49   48   49   52   54   56   59   62   64   68   71   74   78   79
   81   82   84   84   84   84   83   82   81   81   80   80   80   80   79   79
   79   78   77   76   76   74   72   70   68   66   65   63   61   60   58   57
   56   55   54   54   54   54   54   54   54
    75.0-180.0 180.0   5.0 450.0                            LAT/LON1/LON2/DLON/H
   58   59   59   61   61   62   62   63   63   62   63   62   61   59   58   57
   57   56   55   54   56   56   58   60   64   66   70   74   78   82   86   88
   90   90   90   89   88   86   84   81   80   79   78   78   77   76   75   75
   75   75   74   74   74   73   72   71   69   68   66   64   63   61   60   59
   58   57   57   56   56   57   57   57   58
    72.5-180.0 180.0   5.0 450.0                            LAT/LON1/LON2/DLON/H
   63   65   66   68   70   72   73   73   73   72   71   70   68   67   66   64
   63   62   62   61   62   62   65   67   71   74   78   81   85   90   93   95
   96   95   95   92   90   87   84   81   77   75   74   73   72   70   70   69
   69   69   70   70   71   71   70   70   69   68   67   66   64   64   63   61
   61   60   59   60   60   60   62   62   63
    70.0-180.0 180.0   5.0 450.0                            LAT/LON1/LON2/DLON/H
   69   71   74   76   78   80   81   82   81   80   78   77   76   74   74   73
   71   70   67   69   68   69   72   75   79   83   86   91   94   97  100  101
  101  101   99   96   90   87   83   79   75   72   70   68   66   65   63   63
   63   63   64   66   66   67   68   67   67   66   66   66   65   65   64   63
   63   62   62   62   63   64   65   67   69
    67.5-180.0 180.0   5.0 450.0                            LAT/LON1/LON2/DLON/H
   73   76   79   82   84   84   86   86   87   87   84   83   82   82   81   80
   78   76   75   74   75   77   79   82   86   92   95   99  101  103  105  105
  104  104  101   97   92   86   82   78   74   71   67   63   61   59   57   57
   56   56   57   58   60   61   62   63   63   63   64   64   64   64   64   64
   63   63   63   63   64   66   67   70   73
    65.0-180.0 180.0   5.0 450.0                            LAT/LON1/LON2/DLON/H
   72   76   82   85   86   87   87   88   88   88   87   86   87   87   86   85
   83   81   80   79   80   82   84   88   93   99  101  104  106  108  107  106
  104  102  100   96   92   88   83   78   74   69   65   61   58   55   53   51
   50   49   50   51   52   54   55   56   57   58   59   60   60   61   61   61
   61   61   60   61   62   64   66   68   72
    62.5-180.0 180.0   5.0 450.0                            LAT/LON1/LON2/DLON/H
   67   72   77   82   84   84   84   84   85   85   86   87   88   88   88   87
   85   83   81   80   80   82   86   92   97  102  105  107  109  110  108  106
  103  101   98   95   92   89   84   79   75   71   67   63   59   56   53   50
   48   47   45   45   46   47   47   48   49   50   52   53   55   56   56   56
   56   56   55   55   57   58   60   63   67
    60.0-180.0 180.0   5.0 450.0                            LAT/LON1/LON2/DLON/H
   58   63   67   73   75   76   76   76   78   79   81   84   85   87   87   85
   83   81   79   78   79   81   86   92   98  104  107  110  112  111  110  106
  104  101   98   96   93   90   87   84   80   77   73   70   66   63   60   55
   52   48   45   44   43   42   42   42   42   43   44   46   47   50   50   50
   50   49   49   49   50   51   52   55   58
    57.5-180.0 180.0   5.0 450.0                            LAT/LON1/LON2/DLON/H
   49   53   57   61   64   65   66   66   68   72   75   78   81   83   83   82
   80   79   77   76   77   79   84   90   98  103  108  112  115  115  113  110
  106  103  100   98   96   93   91   89   87   86   83   80   79   75   71   66
   61   55   49   46   43   42   40   40   39   39   40   42   43   45   46   45
   45   44   44   43   43   44   46   48   49
    55.0-180.0 180.0   5.0 450.0                            LAT/LON1/LON2/DLON/H
   44   45   48   51   53   54   55   57   60   65   69   72   75   78   79   79
   77   75   74   73   74   77   82   89   96  103  110  116  119  120  119  115
  110  106  103  101  100   98   97   96   96   96   96   96   93   90   86   81
   74   67   59   54   50   47   45   43   41   41   41   42   43   44   45   44
   44   43   42   42   41   42   42   42   44
    52.5-180.0 180.0   5.0 450.0                            LAT/LON1/LON2/DLON/H
   41   41   42   43   45   45   48   52   56   60   64   68   72   74   76   76
   76   75   74   73   74   77   82   89   97  104  112  119  124  125  125  121
  115  111  108  106  105  105  105  105  107  108  111  111  109  107  102   97
   90   82   75   68   64   60   56   53   49   48   47   48   49   50   49   49
   48   47   46   45   45   44   43   42   41
    50.0-180.0 180.0   5.0 450.0                            LAT/LON1/LON2/DLON/H
   43   41   41   40   41   42   45   50   55   59   63   67   71   73   75   76
   77   77   76   76   76   79   83   91   98  108  116  124  130  131  130  127
  121  116  113  112  113  113  114  116  118  122  125  127  126  123  119  114
  106   98   91   85   80   76   71   66   61   58   57   58   57   58   58   58
   58   57   56   55   53   51   48   46   43
    47.5-180.0 180.0   5.0 450.0                            LAT/LON1/LON2/DLON/H
   50   46   44   42   42   42   46   50   57   62   66   70   73   75   77   79
   82   83   82   82   83   84   88   94  102  112  121  130  136  137  136  133
  127  123  121  121  121  123  126  128  131  135  139  141  142  139  135  130
  121  113  106  101   96   92   87   82   75   71   69   69   68   68   68   68
   70   69   68   66   64   61   57   53   50
    45.0-180.0 180.0   5.0 450.0                            LAT/LON1/LON2/DLON/H
   59   55   51   48   46   47   49   55   62   69   74   77   79   81   83   88
   91   93   93   93   93   93   97  102  109  119  128  136  140  141  140  138
  134  131  130  130  133  136  140  143  146  149  152  154  155  154  149  142
  135  126  119  113  109  105  101   97   90   85   81   79   78   77   77   77
   79   80   80   77   74   71   67   63   59
    42.5-180.0 180.0   5.0 450.0                            LAT/LON1/LON2/DLON/H
   68   64   60   55   53   53   56   62   69   77   83   86   88   89   93   98
  104  108  109  109  108  108  111  114  122  129  137  143  145  146  145  143
  141  140  140  143  148  153  158  161  164  165  167  168  168  165  159  151
  144  136  127  121  116  114  111  107  101   95   90   86   85   84   82   82
   84   85   85   83   81   78   75   71   68
    40.0-180.0 180.0   5.0 450.0                            LAT/LON1/LON2/DLON/H
   75   72   67   63   59   60   63   70   78   87   93   97   99  101  106  112
  120  126  128  129  128  128  130  133  139  145  151  153  152  151  150  150
  150  151  155  159  168  175  181  184  185  184  183  182  178  172  165  156
  148  140  130  123  119  117  115  111  106  100   94   92   89   87   85   84
   85   85   85   83   82   80   78   77   75
    37.5-180.0 180.0   5.0 450.0                            LAT/LON1/LON2/DLON/H
   78   76   72   68   65   65   70   77   87   95  104  109  112  115  121  129
  138  146  152  154  153  154  156  159  163  167  170  167  164  161  160  163
  165  170  175  183  193  202  207  210  210  207  201  196  188  178  168  158
  148  139  131  123  120  117  115  112  107  102   97   94   92   89   86   84
   84   83   81   79   77   76   76   77   78
    35.0-180.0 180.0   5.0 450.0                            LAT/LON1/LON2/DLON/H
   76   76   74   71   68   69   75   84   94  104  114  122  127  132  140  149
  159  168  176  181  182  184  187  189  191  194  193  189  183  179  180  184
  189  196  204  214  225  233  238  242  240  233  223  212  197  184  172  159
  148  137  129  123  118  116  114  111  107  102   99   95   93   90   87   84
   82   80   77   73   70   69   71   74   76
    32.5-180.0 180.0   5.0 450.0                            LAT/LON1/LON2/DLON/H
   73   75   74   71   69   72   79   89  100  111  123  134  141  151  162  173
  182  193  202  209  214  218  222  223  225  226  225  220  213  209  211  215
  224  233  241  252  260  269  274  276  274  265  252  232  211  192  178  163
  149  139  131  125  119  117  115  112  109  105  102   99   96   93   90   87
   83   79   74   69   66   64   66   70   73
    30.0-180.0 180.0   5.0 450.0                            LAT/LON1/LON2/DLON/H
   72   73   72   70   71   75   83   94  106  119  133  146  156  170  184  199
  210  223  232  240  246  254  259  260  264  267  265  260  253  248  250  259
  272  279  290  296  302  309  312  313  312  298  281  257  228  205  187  170
  158  149  141  133  127  124  122  118  115  111  107  105  103  100   98   95
   89   83   77   70   66   63   65   68   72
    27.5-180.0 180.0   5.0 450.0                            LAT/LON1/LON2/DLON/H
   73   74   73   71   73   79   89  100  112  126  142  157  172  189  206  224
  238  254  263  271  278  290  298  300  307  311  310  308  299  294  300  312
  329  339  342  348  350  348  352  351  345  331  312  282  252  225  202  186
  176  168  159  150  143  138  133  129  124  121  117  115  114  111  110  107
  102   95   87   79   72   68   68   70   73
    25.0-180.0 180.0   5.0 450.0                            LAT/LON1/LON2/DLON/H
   77   77   77   75   78   86   97  109  120  133  150  169  188  208  227  247
  264  279  291  300  311  324  335  339  345  351  352  353  345  346  355  369
  391  403  402  404  400  390  389  383  372  358  337  309  281  252  230  213
  203  195  185  174  164  156  149  144  139  134  132  130  129  128  127  125
  120  113  103   94   85   80   77   77   77
    22.5-180.0 180.0   5.0 450.0                            LAT/LON1/LON2/DLON/H
   85   83   81   81   85   94  109  120  130  142  161  181  203  225  247  267
  286  302  314  326  338  350  362  369  372  382  388  393  391  395  411  429
  453  466  461  451  438  422  413  403  390  376  357  332  307  283  263  251
  239  227  216  206  193  181  171  167  158  153  151  149  148  149  149  145
  143  134  123  113  103   97   91   87   85
    20.0-180.0 180.0   5.0 450.0                            LAT/LON1/LON2/DLON/H
   94   90   87   87   92  103  117  130  141  153  172  194  219  242  265  284
  303  319  332  343  354  365  375  384  391  405  417  427  431  442  461  486
  505  515  507  485  459  439  426  415  403  390  373  351  329  310  299  289
  275  263  252  242  227  213  200  193  182  177  173  171  170  169  169  165
  161  153  143  134  123  115  107  100   94
    17.5-180.0 180.0   5.0 450.0                            LAT/LON1/LON2/DLON/H
  103   97   92   92   99  110  126  139  151  166  184  208  234  258  282  300
  317  333  345  354  362  372  380  389  403  423  441  455  461  474  493  517
  532  538  521  497  467  445  433  424  415  404  389  372  352  335  327  318
  304  296  286  275  261  245  231  221  207  200  195  191  190  184  183  181
  175  167  159  150  140  130  120  111  103
    15.0-180.0 180.0   5.0 450.0                            LAT/LON1/LON2/DLON/H
  109  102   98   97  102  115  133  149  162  176  194  219  247  275  298  315
  330  343  353  361  367  374  380  390  408  436  460  475  482  491  507  524
  535  539  517  493  468  447  439  433  426  419  406  388  370  351  340  331
  322  319  312  298  283  268  255  241  227  218  210  203  201  194  191  188
  181  174  165  157  147  138  127  118  109
    12.5-180.0 180.0   5.0 450.0                            LAT/LON1/LON2/DLON/H
  111  105  100   98  102  116  136  156  171  185  204  229  258  287  311  329
  341  351  358  365  368  371  378  389  410  443  473  487  492  498  507  518
  526  526  506  484  462  449  444  442  439  433  420  402  382  358  341  331
  329  330  324  311  296  281  265  251  237  226  217  209  205  196  192  187
  177  170  163  156  147  138  127  118  111
    10.0-180.0 180.0   5.0 450.0                            LAT/LON1/LON2/DLON/H
  109  104   99   95   98  113  136  160  177  192  212  238  268  299  321  338
  350  358  363  366  366  368  375  390  415  449  479  492  494  496  502  509
  515  513  497  479  463  456  454  453  449  443  430  411  386  360  338  329
  330  332  327  315  299  283  266  252  238  226  216  207  200  190  184  177
  167  159  154  148  142  134  124  115  109
     7.5-180.0 180.0   5.0 450.0                            LAT/LON1/LON2/DLON/H
  104  100   94   89   92  108  133  160  181  198  219  246  277  307  331  346
  357  364  367  367  364  366  376  395  425  457  483  493  493  492  496  502
  509  509  497  483  474  470  468  464  459  451  437  417  389  360  337  327
  328  329  326  314  296  280  263  249  233  220  209  198  189  179  172  164
  154  146  141  136  132  126  118  110  104
     5.0-180.0 180.0   5.0 450.0                            LAT/LON1/LON2/DLON/H
   99   95   89   83   85  103  129  158  182  202  224  251  283  314  337  353
  363  369  370  367  364  368  380  404  435  466  486  492  488  488  492  499
  511  514  508  498  491  488  483  474  466  455  439  419  390  362  339  328
  325  326  323  312  293  274  256  241  227  216  202  187  176  166  157  149
  141  134  128  124  122  118  111  105   99
     2.5-180.0 180.0   5.0 450.0                            LAT/LON1/LON2/DLON/H
   96   91   85   79   80   98  125  155  180  202  224  253  286  317  341  357
  368  375  374  369  366  371  387  415  447  474  489  489  482  482  490  503
  517  523  523  518  511  502  492  480  468  454  436  416  390  363  344  332
  326  325  319  308  288  265  245  230  219  209  195  177  165  153  144  138
  131  124  118  115  114  112  108  103   96
