data/IONEX/CVBB2870.21i
     1.0            IONOSPHERE MAPS     MIX                 IONEX VERSION / TYPE
cmpcmb v1.2          GRL/UWM            28-oct-21 01:48     PGM / RUN BY / DATE 
ionex file containing IGS COMBINED Ionosphere maps          COMMENT             
global ionosphere maps for day 287, 2021                    DESCRIPTION         
IONEX file containing the COMBINED IGS TEC MAPS and DCBs    DESCRIPTION         
      IONEX files of the following IAACs were combined: cod DESCRIPTION         
                                                        esa DESCRIPTION         
                                                        jpl DESCRIPTION         
                                                        upc DESCRIPTION         
Contact address: Andrzej Krankowski                         DESCRIPTION
                 Geodynamics Research Laboratory            DESCRIPTION
                 University of Warmia and Mazury (GRL/UWM)  DESCRIPTION
                 Oczapowski St. 1                           DESCRIPTION
                 10-957-Olsztyn, POLAND                     DESCRIPTION
                 e-mail:  kand@uwm.edu.pl                   DESCRIPTION
                                                            DESCRIPTION         
  2021    10    14     0     0     0                        EPOCH OF FIRST MAP  
  2021    10    15     0     0     0                        EPOCH OF LAST MAP   
  7200                                                      INTERVAL            
    13                                                      # OF MAPS IN FILE   
  COSZ                                                      MAPPING FUNCTION    
     0.0                                                    ELEVATION CUTOFF    
combined TEC calculated as weighted mean of input TEC valuesOBSERVABLES USED    
   357                                                      # OF STATIONS       
    32                                                      # OF SATELLITES     
  6371.0                                                    BASE RADIUS         
     2                                                      MAP DIMENSION       
   450.0 450.0   0.0                                        HGT1 / HGT2 / DHGT  
    87.5 -87.5  -2.5                                        LAT1 / LAT2 / DLAT  
  -180.0 180.0   5.0                                        LON1 / LON2 / DLON  
    -1                                                      EXPONENT            
TEC values in 0.1 tec units;  9999, if no value available   COMMENT             
DCB values in nanoseconds, reference is Sum_of_SatDCBs = 0  COMMENT             
                                                            END OF HEADER       
[from data line 429]
     2                                                      START OF TEC MAP    
  2021    10    14     2     0     0                        EPOCH OF CURRENT MAP
    87.5-180.0 180.0   5.0 450.0                            LAT/LON1/LON2/DLON/H
   49   50   50   50   49   49   49   49   49   49   48   48   48   48   47   46
   46   46   45   45   44   44   43   43   43   43   42   42   41   41   41   40
   40   40   40   39   40   40   40   40   40   41   41   41   41   42   42   43
   43   43   44   44   45   45   45   46   46   46   47   47   47   48   48   48
   48   48   49   49   49   50   50   50   49
    85.0-180.0 180.0   5.0 450.0                            LAT/LON1/LON2/DLON/H
   53   53   53   53   53   53   53   52   52   52   52   52   51   50   49   50
   48   47   46   45   44   43   42   41   40   38   37   36   35   34   33   33
   33   33   32   33   33   34   34   35   36   37   38   39   40   40   41   41
   42   42   43   44   44   45   45   46   46   47   48   49   49   50   51   51
   52   52   53   53   53   53   53   53   53
    82.5-180.0 180.0   5.0 450.0                            LAT/LON1/LON2/DLON/H
   56   55   54   53   52   52   52   52   52   53   52   52   52   52   52   51
   50   49   48   46   44   43   41   38   36   34   32   30   29   28   27   26
   26   26   27   27   28   29   30   31   32   33   34   35   37   38   38   40
   40   41   42   43   43   44   45   45   47   47   48   49   51   52   53   55
   55   57   57   57   57   57   57   56   56
    80.0-180.0 180.0   5.0 450.0                            LAT/LON1/LON2/DLON/H
   58   56   54   53   52   51   51   51   51   52   52   53   53   54   53   53
   52   51   50   48   46   44   41   36   33   30   28   25   24   23   22   21
   21   22   23   23   25   26   28   29   30   31   33   34   35   36   37   38
   38   39   40   41   42   43   44   45   46   48   50   52   54   56   57   59
   61   62   62   63   63   62   61   59   58
    77.5-180.0 180.0   5.0 450.0                            LAT/LON1/LON2/DLON/H
   63   60   58   55   53   52   51   50   51   51   51   52   53   54   54   54
   54   53   51   48   45   43   39   36   32   28   26   23   21   20   19   18
   18   19   20   22   23   25   28   29   30   31   32   33   34   35   36   36
   36   37   38   39   40   41   43   45   47   49   51   54   57   60   63   65
   67   68   69   70   70   69   67   65   63
    75.0-180.0 180.0   5.0 450.0                            LAT/LON1/LON2/DLON/H
   71   67   63   59   57   54   52   50   49   50   51   51   52   52   53   53
   52   52   50   49   46   43   39   36   33   29   25   22   21   20   19   20
   20   21   22   24   25   27   28   29   31   31   31   32   33   33   33   34
   34   35   36   36   38   40   42   45   48   51   54   58   62   65   68   71
   74   76   78   79   79   78   76   74   71
    72.5-180.0 180.0   5.0 450.0                            LAT/LON1/LON2/DLON/H
   80   75   70   65   61   56   52   51   51   51   50   50   50   51   51   51
   51   50   48   47   45   43   40   37   33   29   26   24   23   22   23   23
   24   26   27   28   29   30   31   31   31   31   31   30   31   31   31   31
   32   32   33   35   37   40   43   47   51   55   59   63   67   72   75   78
   81   84   86   88   88   88   86   83   80
    70.0-180.0 180.0   5.0 450.0                            LAT/LON1/LON2/DLON/H
   88   83   77   72   66   61   57   55   54   52   51   50   49   49   48   48
   48   46   46   45   43   42   40   38   34   31   28   26   26   27   27   28
   30   31   32   33   33   32   32   31   30   29   29   28   27   27   27   27
   28   30   32   35   38   42   46   51   56   61   66   71   75   79   82   85
   88   91   93   95   96   96   95   93   88
    67.5-180.0 180.0   5.0 450.0                            LAT/LON1/LON2/DLON/H
   96   91   85   78   72   67   63   60   59   56   54   51   48   46   45   44
   42   42   42   42   41   40   40   38   35   33   32   29   30   31   32   34
   35   35   36   35   34   33   31   30   28   25   24   24   23   23   23   24
   26   29   32   36   41   46   52   58   65   70   75   80   84   88   90   91
   93   95   97  100  101  102  102  100   96
    65.0-180.0 180.0   5.0 450.0                            LAT/LON1/LON2/DLON/H
  100   96   90   83   77   72   68   66   63   62   58   53   48   44   42   39
   38   37   38   39   40   39   39   37   35   34   33   32   33   34   35   37
   37   37   36   35   33   30   27   25   23   21   20   20   19   20   21   23
   26   29   34   40   46   53   61   68   74   81   86   92   95   97   97   98
   98   98   99  101  103  105  105  104  100
    62.5-180.0 180.0   5.0 450.0                            LAT/LON1/LON2/DLON/H
  103   99   94   86   80   75   71   68   67   65   61   56   50   45   40   37
   35   35   36   38   39   39   39   37   35   34   34   33   33   34   36   36
   36   35   33   31   28   25   23   21   19   18   18   18   19   20   21   23
   27   32   38   45   53   61   69   77   85   92   97  103  105  106  105  103
  102  100   99  100  102  105  106  106  103
    60.0-180.0 180.0   5.0 450.0                            LAT/LON1/LON2/DLON/H
  104  100   95   88   81   76   73   70   69   67   63   58   52   46   41   37
   35   35   36   38   39   39   38   36   34   33   32   32   32   32   33   32
   32   30   28   26   23   21   19   19   18   19   19   21   22   23   24   26
   31   37   43   52   60   70   78   87   94  102  108  113  115  114  112  109
  105  102  100  100  101  104  105  105  104
    57.5-180.0 180.0   5.0 450.0                            LAT/LON1/LON2/DLON/H
  105  102   97   90   82   77   73   71   68   66   63   59   54   49   44   40
   38   38   39   40   41   40   38   35   33   31   30   30   29   28   28   27
   27   25   23   22   21   20   19   20   22   23   25   27   28   29   29   32
   37   42   50   58   68   78   85   94  101  109  116  121  123  122  119  115
  111  107  103  101  102  104  106  107  105
    55.0-180.0 180.0   5.0 450.0                            LAT/LON1/LON2/DLON/H
  109  105   99   92   85   78   73   70   68   65   62   59   55   51   47   45
   43   42   43   44   43   41   38   35   32   30   29   29   27   26   25   24
   23   22   21   21   22   22   24   26   30   32   35   36   36   36   37   38
   42   49   57   65   75   83   91   99  106  114  121  126  129  129  126  123
  119  114  110  106  106  107  109  110  109
    52.5-180.0 180.0   5.0 450.0                            LAT/LON1/LON2/DLON/H
  115  111  105   98   90   82   76   71   68   65   62   59   56   53   50   48
   47   47   47   47   45   42   39   35   33   31   30   30   29   28   26   24
   23   23   24   25   26   29   32   36   39   43   46   45   45   44   44   45
   49   56   63   73   82   88   95  102  109  117  123  130  134  135  134  132
  129  125  120  116  115  115  116  116  115
    50.0-180.0 180.0   5.0 450.0                            LAT/LON1/LON2/DLON/H
  123  119  113  106   98   89   82   76   71   66   62   59   56   53   51   51
   50   50   49   48   46   43   40   37   36   35   34   34   34   32   30   28
   27   30   31   34   36   40   43   47   51   54   56   55   53   51   50   52
   56   62   70   80   87   92   98  103  110  117  125  132  137  140  141  141
  139  137  133  129  126  125  125  124  123
    47.5-180.0 180.0   5.0 450.0                            LAT/LON1/LON2/DLON/H
  132  128  122  115  107   99   91   84   77   70   65   60   57   54   52   52
   51   51   50   49   47   44   42   41   40   41   41   42   41   40   39   36
   37   39   42   45   48   51   54   57   61   64   65   63   60   56   55   57
   62   69   78   87   92   98  102  107  112  119  126  133  140  144  147  149
  150  148  146  142  139  137  135  134  132
    45.0-180.0 180.0   5.0 450.0                            LAT/LON1/LON2/DLON/H
  138  135  129  124  118  111  103   95   86   77   70   64   60   57   54   52
   51   50   49   48   48   47   46   46   47   48   49   51   51   49   47   47
   48   51   54   57   60   61   63   65   68   70   69   67   64   60   59   62
   68   76   86   94  101  105  109  113  118  123  130  136  143  148  152  157
  159  159  157  154  150  146  144  141  138
    42.5-180.0 180.0   5.0 450.0                            LAT/LON1/LON2/DLON/H
  142  138  133  128  125  120  115  107   97   85   76   69   64   59   56   52
   50   49   49   49   50   51   53   53   55   57   58   59   58   57   56   57
   59   61   64   67   68   68   68   69   71   73   72   70   66   64   64   66
   73   83   94  103  110  115  118  122  126  130  136  141  147  152  157  162
  165  166  165  162  157  152  149  146  142
    40.0-180.0 180.0   5.0 450.0                            LAT/LON1/LON2/DLON/H
  142  137  133  129  128  126  123  117  106   94   84   75   68   62   58   53
   51   50   49   52   55   58   59   61   62   63   64   64   63   62   62   64
   66   69   71   72   72   70   69   70   72   73   73   71   69   67   68   72
   79   90  101  111  120  125  128  132  136  139  142  146  151  156  160  166
  169  171  170  167  162  156  151  147  142
    37.5-180.0 180.0   5.0 450.0                            LAT/LON1/LON2/DLON/H
  141  136  130  127  126  128  128  123  114  103   91   81   73   67   61   56
   53   53   53   57   60   64   66   67   67   66   65   63   63   64   65   67
   69   72   74   74   72   70   69   69   71   73   75   74   73   71   72   76
   83   94  107  119  128  133  137  141  145  148  149  151  155  160  165  169
  173  176  175  171  165  159  153  147  141
    35.0-180.0 180.0   5.0 450.0                            LAT/LON1/LON2/DLON/H
  143  135  128  123  123  126  127  125  118  107   96   86   78   72   66   62
   58   59   60   64   67   70   71   69   68   65   62   60   59   61   63   65
   67   70   72   72   71   68   67   68   71   74   76   76   75   74   75   78
   85   97  111  124  134  140  145  149  153  155  157  158  161  166  171  176
  180  183  182  177  172  165  158  151  143
    32.5-180.0 180.0   5.0 450.0                            LAT/LON1/LON2/DLON/H
  154  144  133  125  122  123  126  124  117  108   99   90   84   79   74   70
   67   67   68   71   72   73   71   68   64   60   56   54   54   55   58   60
   63   66   68   69   68   66   66   68   72   75   78   78   77   76   76   78
   85   98  113  128  139  145  150  155  159  161  164  166  169  175  181  187
  192  195  195  191  185  179  172  164  154
    30.0-180.0 180.0   5.0 450.0                            LAT/LON1/LON2/DLON/H
  179  165  151  137  129  127  126  122  115  107   99   92   88   84   81   78
   76   76   76   76   75   72   68   63   58   54   51   48   48   51   54   57
   60   62   65   67   67   67   67   70   74   77   79   78   77   76   75   77
   85   98  115  131  142  149  154  159  164  167  172  176  181  188  196  203
  209  213  216  213  209  205  198  190  179
    27.5-180.0 180.0   5.0 450.0                            LAT/LON1/LON2/DLON/H
  221  206  185  165  150  140  134  125  115  106   99   93   90   87   86   83
   82   82   81   79   74   68   63   58   54   51   49   48   48   51   54   57
   60   62   65   67   68   68   69   72   75   78   78   76   75   73   72   74
   83   98  117  133  145  152  158  163  168  174  181  187  196  206  217  227
  234  240  247  244  243  242  238  232  221
    25.0-180.0 180.0   5.0 450.0                            LAT/LON1/LON2/DLON/H
  281  260  236  210  188  170  154  137  122  109  100   94   90   89   87   85
   84   85   83   78   71   64   59   56   56   56   56   56   56   59   60   63
   65   66   70   72   73   72   73   75   76   77   75   72   69   67   67   70
   80   98  119  136  148  156  162  168  174  183  193  203  215  229  242  256
  265  273  283  283  287  288  289  289  281
    22.5-180.0 180.0   5.0 450.0                            LAT/LON1/LON2/DLON/H
  346  330  301  276  244  213  186  161  137  121  108  100   94   90   86   84
   83   83   81   76   68   62   59   60   64   69   72   73   74   74   73   74
   76   77   78   81   80   77   76   76   75   73   69   65   61   59   60   66
   79   99  121  140  153  160  166  174  184  195  209  222  237  254  271  289
  299  310  320  323  333  339  346  351  346
    20.0-180.0 180.0   5.0 450.0                            LAT/LON1/LON2/DLON/H
  406  395  375  353  314  272  234  201  168  144  126  113  103   95   88   83
   80   79   76   72   68   65   66   73   82   90   95   98  101   95   91   90
   92   92   91   91   87   83   79   77   73   68   61   56   53   52   54   62
   78  100  124  143  156  166  173  184  197  211  228  244  261  282  301  321
  332  342  349  358  376  387  399  408  406
    17.5-180.0 180.0   5.0 450.0                            LAT/LON1/LON2/DLON/H
  451  446  437  424  388  341  293  253  211  179  154  135  119  106   95   86
   78   77   73   71   72   75   81   92  107  118  124  128  130  120  112  108
  109  107  103  101   95   88   82   76   69   61   54   49   45   45   49   60
   78  102  127  146  161  172  184  198  213  230  248  267  285  308  328  348
  358  366  371  384  404  420  439  452  451
    15.0-180.0 180.0   5.0 450.0                            LAT/LON1/LON2/DLON/H
  474  475  478  472  448  403  353  306  259  221  192  167  143  125  107   95
   83   79   76   77   84   94  105  121  139  153  159  163  165  146  135  126
  124  118  112  108  100   90   81   73   65   57   50   44   40   41   47   61
   81  105  129  149  167  181  197  214  231  250  269  288  306  330  350  367
  375  381  383  394  416  437  455  469  474
    12.5-180.0 180.0   5.0 450.0                            LAT/LON1/LON2/DLON/H
  472  481  487  489  479  443  402  354  305  264  235  204  173  150  130  112
   98   92   89   93  105  120  138  156  176  186  191  198  194  173  158  141
  134  125  118  111  101   89   79   70   61   54   49   43   39   40   48   64
   84  108  132  154  173  190  208  227  246  265  285  304  325  345  363  374
  381  385  384  391  410  430  447  463  472
    10.0-180.0 180.0   5.0 450.0                            LAT/LON1/LON2/DLON/H
  452  463  474  483  481  460  426  386  341  303  270  241  210  182  160  143
  129  119  114  120  133  150  171  183  198  206  208  213  207  187  172  151
  141  130  120  111   99   88   78   68   60   55   51   46   42   43   51   65
   88  113  136  159  179  197  215  235  255  275  295  313  333  352  365  371
  377  379  378  382  396  412  428  441  452
     7.5-180.0 180.0   5.0 450.0                            LAT/LON1/LON2/DLON/H
  426  437  448  459  462  452  430  399  366  334  304  278  248  220  196  178
  166  154  149  156  166  179  193  197  205  212  214  215  209  190  176  157
  145  132  119  107   96   85   75   67   61   58   55   50   47   47   54   68
   91  117  141  163  183  201  218  237  259  279  298  315  334  352  363  368
  370  370  370  374  384  395  407  417  426
     5.0-180.0 180.0   5.0 450.0                            LAT/LON1/LON2/DLON/H
  409  415  422  428  435  433  420  399  375  354  331  307  281  255  233  216
  204  193  187  192  198  202  207  205  210  212  211  211  206  191  178  163
  149  132  116  103   91   81   72   66   63   61   59   56   53   52   58   71
   95  119  143  165  185  202  218  237  256  274  293  311  330  348  360  367
  370  368  368  373  381  388  396  403  409
     2.5-180.0 180.0   5.0 450.0                            LAT/LON1/LON2/DLON/H
  410  410  411  411  416  416  408  394  377  363  347  328  307  285  265  250
  239  229  222  222  223  219  216  209  209  206  204  205  203  192  181  167
  150  130  112   98   87   79   71   67   66   65   63   60   57   56   60   74
   97  121  143  165  183  200  216  232  248  264  282  300  320  341  356  366
  370  371  373  378  387  393  400  406  410
