data/IONEX/CVBB2840.21i
     1.0            IONOSPHERE MAPS     MIX                 IONEX VERSION / TYPE
cmpcmb v1.2          GRL/UWM            28-oct-21 01:30     PGM / RUN BY / DATE 
ionex file containing IGS COMBINED Ionosphere maps          COMMENT             
global ionosphere maps for day 284, 2021                    DESCRIPTION         
IONEX file containing the COMBINED IGS TEC MAPS and DCBs    DESCRIPTION         
      IONEX files of the following IAACs were combined: cod DESCRIPTION         
                                                        esa DESCRIPTION         
                                                        jpl DESCRIPTION         
                                                        upc DESCRIPTION         
Contact address: Andrzej Krankowski                         DESCRIPTION
                 Geodynamics Research Laboratory            DESCRIPTION
                 University of Warmia and Mazury (GRL/UWM)  DESCRIPTION
                 Oczapowski St. 1                           DESCRIPTION
                 10-957-Olsztyn, POLAND                     DESCRIPTION
                 e-mail:  kand@uwm.edu.pl                   DESCRIPTION
                                                            DESCRIPTION         
  2021    10    11     0     0     0                        EPOCH OF FIRST MAP  
  2021    10    12     0     0     0                        EPOCH OF LAST MAP   
  7200                                                      INTERVAL            
    13                                                      # OF MAPS IN FILE   
  COSZ                                                      MAPPING FUNCTION    
     0.0                                                    ELEVATION CUTOFF    
combined TEC calculated as weighted mean of input TEC valuesOBSERVABLES USED    
   354                                                      # OF STATIONS       
    32                                                      # OF SATELLITES     
  6371.0                                                    BASE RADIUS         
     2                                                      MAP DIMENSION       
   450.0 450.0   0.0                                        HGT1 / HGT2 / DHGT  
    87.5 -87.5  -2.5                                        LAT1 / LAT2 / DLAT  
  -180.0 180.0   5.0                                        LON1 / LON2 / DLON  
    -1                                                      EXPONENT            
TEC values in 0.1 tec units;  9999, if no value available   COMMENT             
DCB values in nanoseconds, reference is Sum_of_SatDCBs = 0  COMMENT             
                                                            END OF HEADER       
[from data line 2145]
     6                                                      START OF TEC MAP    
  2021    10    11    10     0     0                        EPOCH OF CURRENT MAP
    87.5-180.0 180.0   5.0 450.0                            LAT/LON1/LON2/DLON/H
   63   63   64   64   64   64   65   65   65   65   66   66   66   66   66   66
   66   66   66   66   66   65   65   65   65   65   64   64   64   64   64   64
   64   64   64   64   63   63   63   62   62   61   61   60   60   59   59   58
   58   58   57   57   57   57   57   57   57   57   57   57   57   57   58   58
   59   59   59   60   60   61   61   62   63
    85.0-180.0 180.0   5.0 450.0                            LAT/LON1/LON2/DLON/H
   61   62   63   64   65   65   66   67   67   66   66   66   66   66   66   65
   64   64   64   64   64   63   63   63   64   64   64   65   65   65   66   65
   66   66   66   66   66   65   64   64   63   62   61   60   58   57   56   55
   53   52   51   50   49   49   48   48   48   48   48   48   48   48   49   50
   51   52   53   54   56   57   58   59   61
    82.5-180.0 180.0   5.0 450.0                            LAT/LON1/LON2/DLON/H
   58   61   62   64   65   66   67   66   65   65   64   63   62   62   61   60
   60   59   59   59   58   59   59   60   61   60   61   63   64   66   66   67
   68   68   69   68   68   68   67   66   65   64   62   61   59   57   55   54
   52   51   49   48   46   45   43   42   41   40   40   39   40   40   40   41
   43   44   45   48   50   52   54   56   58
    80.0-180.0 180.0   5.0 450.0                            LAT/LON1/LON2/DLON/H
   56   59   60   62   63   63   63   63   62   61   59   58   56   54   53   52
   51   50   50   49   50   51   52   52   55   57   59   60   61   63   65   67
   69   71   72   73   74   73   73   72   70   68   66   65   62   60   59   57
   55   54   52   50   49   47   44   41   39   37   36   35   34   33   33   34
   35   36   38   40   43   46   49   52   56
    77.5-180.0 180.0   5.0 450.0                            LAT/LON1/LON2/DLON/H
   51   53   55   57   58   59   59   59   58   55   53   51   49   48   45   44
   43   42   43   43   43   43   44   45   48   50   53   55   58   61   65   70
   72   75   76   78   80   80   79   79   77   76   74   72   70   69   66   65
   64   63   61   60   58   55   52   48   45   41   38   35   33   31   30   29
   29   30   31   34   37   40   43   47   51
    75.0-180.0 180.0   5.0 450.0                            LAT/LON1/LON2/DLON/H
   45   48   50   53   54   55   55   54   52   50   47   44   42   40   38   37
   37   36   36   37   38   39   40   41   42   46   49   51   55   59   63   68
   73   77   81   84   85   86   87   86   85   84   82   81   79   78   77   77
   76   76   76   74   72   70   65   61   56   51   46   41   36   33   30   29
   29   28   29   30   31   34   38   42   45
    72.5-180.0 180.0   5.0 450.0                            LAT/LON1/LON2/DLON/H
   40   43   45   47   49   50   50   49   47   45   43   41   38   36   34   34
   33   33   34   35   36   38   39   41   42   44   47   51   53   58   62   68
   74   79   84   87   90   91   92   92   92   91   90   90   89   89   90   91
   91   91   93   91   89   86   82   76   70   64   57   50   44   39   33   30
   29   28   28   28   29   31   35   37   40
    70.0-180.0 180.0   5.0 450.0                            LAT/LON1/LON2/DLON/H
   37   38   39   42   44   45   46   46   45   43   41   38   36   34   32   32
   32   33   35   36   39   40   41   41   43   44   46   49   54   58   62   69
   75   80   85   89   92   94   96   96   96   97   97   97   98  100  101  103
  105  107  108  107  106  102   97   91   84   77   69   61   53   47   41   36
   32   30   29   29   29   31   33   35   37
    67.5-180.0 180.0   5.0 450.0                            LAT/LON1/LON2/DLON/H
   35   36   37   38   41   43   44   45   44   42   39   37   35   33   33   33
   34   36   39   41   42   43   43   43   44   46   48   50   54   58   63   69
   75   81   86   91   94   96   99  100  101  102  103  104  106  108  111  113
  116  118  119  118  116  112  107  101   93   86   79   70   63   56   49   44
   40   37   35   34   33   34   35   35   35
    65.0-180.0 180.0   5.0 450.0                            LAT/LON1/LON2/DLON/H
   37   35   35   36   38   41   43   45   44   43   40   38   36   36   36   37
   38   40   43   44   45   45   46   45   45   47   48   51   55   60   65   71
   77   83   88   92   96   99  101  104  106  107  109  111  113  116  119  121
  123  125  125  124  121  117  111  105   98   91   85   78   71   64   58   52
   48   45   43   41   40   40   38   37   37
    62.5-180.0 180.0   5.0 450.0                            LAT/LON1/LON2/DLON/H
   38   36   35   35   38   41   43   45   45   44   43   42   39   38   38   39
   41   42   44   45   46   46   46   46   46   46   48   52   56   62   67   73
   79   85   90   94   98  102  106  109  111  113  116  118  120  123  126  127
  129  129  128  126  121  116  110  104   98   94   88   83   77   72   66   61
   57   53   51   49   48   46   44   42   38
    60.0-180.0 180.0   5.0 450.0                            LAT/LON1/LON2/DLON/H
   42   38   36   36   38   41   43   46   46   47   45   44   42   39   39   40
   42   43   44   44   44   44   43   43   44   46   49   54   59   65   72   78
   84   89   94   99  103  107  112  116  119  123  125  127  129  131  132  133
  134  133  131  126  121  115  109  103   98   94   90   86   82   78   73   68
   64   61   59   58   56   54   51   46   42
    57.5-180.0 180.0   5.0 450.0                            LAT/LON1/LON2/DLON/H
   47   43   40   39   40   42   44   47   48   48   46   46   44   41   40   40
   40   41   41   41   40   39   38   39   41   45   51   57   64   71   78   84
   90   96  100  105  110  116  121  126  130  133  136  137  138  139  139  139
  138  137  134  129  122  116  109  104   99   96   93   91   87   84   79   75
   70   67   66   65   63   61   57   53   47
    55.0-180.0 180.0   5.0 450.0                            LAT/LON1/LON2/DLON/H
   53   49   46   44   44   45   47   49   50   49   47   46   44   42   40   40
   39   38   37   35   33   33   33   34   39   45   53   62   71   79   86   92
   98  104  109  114  121  127  133  139  144  146  148  149  148  148  147  146
  145  143  140  135  128  121  115  110  106  102  100   97   94   90   85   80
   75   72   70   69   68   66   63   58   53
    52.5-180.0 180.0   5.0 450.0                            LAT/LON1/LON2/DLON/H
   59   56   53   52   52   52   53   55   55   53   50   48   45   42   40   39
   36   35   33   30   28   27   28   32   38   47   57   68   77   86   94  101
  108  113  119  125  133  140  148  153  157  159  161  160  158  157  155  153
  153  151  148  144  138  132  127  121  117  113  109  106  102   97   91   85
   78   74   72   72   71   70   67   63   59
    50.0-180.0 180.0   5.0 450.0                            LAT/LON1/LON2/DLON/H
   65   63   62   61   62   62   62   64   65   62   58   54   50   46   42   39
   37   35   32   29   26   25   27   31   39   50   62   74   84   93  101  109
  116  123  131  139  146  155  162  167  170  171  171  170  168  166  163  162
  161  160  159  155  151  146  141  136  131  126  122  117  111  104   96   88
   81   76   74   73   73   71   69   67   65
    47.5-180.0 180.0   5.0 450.0                            LAT/LON1/LON2/DLON/H
   70   70   70   71   72   74   74   75   76   74   70   66   60   54   48   44
   41   39   36   32   29   27   29   34   43   55   68   80   91  100  108  116
  124  133  142  151  160  168  175  178  180  180  179  178  175  173  170  169
  168  168  167  164  162  159  155  151  146  140  134  128  120  110  102   93
   84   79   76   75   74   73   71   70   70
    45.0-180.0 180.0   5.0 450.0                            LAT/LON1/LON2/DLON/H
   74   76   77   80   82   84   84   86   87   87   84   80   74   66   58   53
   49   47   44   41   36   33   34   40   49   62   74   87   97  105  113  121
  130  140  152  162  172  180  185  188  188  187  186  183  181  178  176  174
  173  174  172  171  170  169  166  164  159  152  144  136  127  116  107   97
   89   84   81   79   77   74   72   72   74
    42.5-180.0 180.0   5.0 450.0                            LAT/LON1/LON2/DLON/H
   76   79   82   86   89   92   92   95   97   98   97   95   89   80   71   64
   61   59   56   53   47   43   42   47   57   68   81   92  102  109  117  125
  134  146  158  170  181  189  193  195  196  194  191  189  186  183  181  180
  178  177  176  174  173  174  173  173  169  161  151  141  131  120  111  103
   96   90   87   83   79   76   74   74   76
    40.0-180.0 180.0   5.0 450.0                            LAT/LON1/LON2/DLON/H
   78   81   85   88   91   94   96  102  106  109  110  109  104   94   83   76
   73   71   69   65   58   53   51   54   63   75   86   98  106  113  121  129
  138  150  163  175  187  195  199  201  201  200  199  196  193  190  188  186
  183  181  179  176  174  175  176  176  171  165  155  143  132  123  115  108
  102   97   92   88   83   78   75   76   78
    37.5-180.0 180.0   5.0 450.0                            LAT/LON1/LON2/DLON/H
   78   81   83   86   89   92   95  103  109  116  122  122  117  106   95   86
   83   81   80   75   67   61   57   60   68   80   91  102  112  118  126  133
  142  152  166  180  192  200  206  208  209  209  208  205  203  200  198  196
  192  189  185  181  177  177  177  176  172  165  155  144  135  127  119  113
  108  104   98   92   86   80   76   76   78
    35.0-180.0 180.0   5.0 450.0                            LAT/LON1/LON2/DLON/H
   78   79   80   82   83   86   89   98  107  117  127  131  127  117  105   95
   91   89   87   82   74   66   61   63   72   84   96  108  118  124  131  137
  144  154  168  182  196  207  214  218  220  220  219  217  216  215  214  211
  208  204  198  193  187  184  183  181  176  168  158  148  139  132  125  119
  114  109  103   95   87   81   77   76   78
    32.5-180.0 180.0   5.0 450.0                            LAT/LON1/LON2/DLON/H
   77   78   78   77   77   79   82   89   99  113  126  133  132  123  112  102
   97   95   91   85   77   68   63   65   72   86  100  112  122  130  136  141
  147  156  171  186  202  215  225  232  235  235  235  234  233  234  233  234
  232  231  226  219  211  205  200  194  187  178  168  156  147  139  131  124
  118  112  105   97   89   82   78   76   77
    30.0-180.0 180.0   5.0 450.0                            LAT/LON1/LON2/DLON/H
   78   78   75   73   71   71   74   79   89  103  117  127  129  123  114  106
  101   97   92   85   76   66   62   64   71   85  101  115  126  134  141  145
  151  162  176  194  212  227  240  249  253  256  256  256  255  256  259  263
  268  271  270  263  253  239  230  220  208  197  185  172  160  150  140  130
  120  113  106   98   90   85   80   78   78
    27.5-180.0 180.0   5.0 450.0                            LAT/LON1/LON2/DLON/H
   81   79   76   72   68   67   67   70   78   91  104  116  119  117  111  105
  100   95   90   81   72   64   61   63   71   85  102  116  128  138  144  151
  158  171  188  207  227  246  259  270  276  279  281  283  283  283  292  303
  313  324  328  323  310  288  272  255  239  223  209  196  181  166  152  139
  126  116  109  101   95   90   86   83   81
    25.0-180.0 180.0   5.0 450.0                            LAT/LON1/LON2/DLON/H
   88   84   80   75   70   67   65   65   69   79   91  101  106  106  104  101
   97   91   84   76   69   62   61   63   71   85  102  116  128  140  149  157
  168  184  204  225  247  268  283  293  301  301  305  308  312  316  332  350
  365  382  396  390  376  347  325  298  274  254  242  228  210  190  170  152
  134  122  114  108  105  100   96   92   88
    22.5-180.0 180.0   5.0 450.0                            LAT/LON1/LON2/DLON/H
   98   93   88   83   78   73   70   66   65   71   79   87   93   95   94   93
   91   86   79   72   66   61   60   64   73   87  102  114  127  141  153  164
  179  200  223  248  268  289  308  313  317  320  322  331  341  352  373  398
  417  441  458  451  439  407  378  343  314  293  282  266  245  220  194  170
  148  132  124  119  118  115  111  104   98
    20.0-180.0 180.0   5.0 450.0                            LAT/LON1/LON2/DLON/H
  112  106  100   96   90   85   80   73   68   68   72   77   81   84   85   85
   84   80   75   69   64   61   61   65   74   87  100  113  127  142  157  172
  192  218  244  269  295  315  327  326  327  332  341  356  370  384  409  439
  466  486  501  499  481  454  420  383  355  334  321  305  284  256  225  195
  168  149  139  134  133  132  128  120  112
    17.5-180.0 180.0   5.0 450.0                            LAT/LON1/LON2/DLON/H
  127  121  117  110  105   99   93   84   77   73   72   73   74   75   76   78
   77   75   71   67   64   61   61   66   74   86   98  112  127  143  161  181
  206  236  265  291  316  333  337  336  338  346  361  378  394  410  435  463
  492  514  522  517  499  475  442  411  388  369  356  340  321  292  259  226
  193  172  159  154  152  151  145  135  127
    15.0-180.0 180.0   5.0 450.0                            LAT/LON1/LON2/DLON/H
  144  138  134  126  120  114  108   99   90   82   78   74   72   70   70   71
   72   70   68   65   62   61   62   66   74   85   98  112  127  144  166  191
  220  254  284  307  326  339  343  345  352  363  378  395  412  428  451  476
  499  515  519  513  496  474  448  424  407  393  382  367  347  322  289  256
  222  198  184  178  172  169  162  151  144
    12.5-180.0 180.0   5.0 450.0                            LAT/LON1/LON2/DLON/H
  160  155  150  141  135  129  123  115  106   97   89   82   75   70   68   67
   67   66   65   63   61   60   62   66   74   86   98  113  129  149  172  203
  234  265  297  317  331  342  349  355  363  377  391  408  425  440  457  476
  493  502  502  495  481  464  445  425  413  404  396  383  366  339  309  278
  247  222  207  201  194  186  178  167  160
    10.0-180.0 180.0   5.0 450.0                            LAT/LON1/LON2/DLON/H
  175  169  163  156  149  143  139  130  122  113  103   93   84   75   70   67
   66   65   64   63   62   60   61   66   76   88  102  117  135  156  182  213
  243  274  302  320  334  345  355  363  374  388  402  416  433  446  459  472
  483  485  482  474  463  452  438  423  411  405  399  389  373  349  321  291
  263  241  226  217  210  201  191  181  175
     7.5-180.0 180.0   5.0 450.0                            LAT/LON1/LON2/DLON/H
  186  181  175  168  160  156  151  143  136  127  117  106   95   85   77   72
   70   68   66   65   63   62   63   69   80   93  108  124  143  165  193  221
  251  279  302  319  334  347  360  372  384  397  410  423  436  447  456  465
  472  471  469  460  450  443  432  420  410  403  397  389  372  348  323  296
  270  250  236  226  217  208  199  191  186
     5.0-180.0 180.0   5.0 450.0                            LAT/LON1/LON2/DLON/H
  193  189  184  177  170  165  162  154  146  137  129  118  107   96   87   81
   76   73   70   68   66   65   67   74   86  100  116  132  152  175  201  229
  255  280  302  318  331  347  364  381  393  403  414  425  434  443  451  458
  464  465  464  456  448  441  431  419  409  402  395  384  366  342  319  294
  271  253  238  226  217  209  201  197  193
     2.5-180.0 180.0   5.0 450.0                            LAT/LON1/LON2/DLON/H
  195  193  189  184  179  176  174  165  155  145  136  126  116  106   97   90
   83   79   75   72   70   69   72   80   93  107  123  141  160  183  207  232
  254  277  297  313  327  346  366  384  398  406  412  418  423  430  442  453
  462  467  467  462  455  445  434  421  409  399  390  376  356  331  308  286
  266  250  234  222  212  205  200  197  195
