data/IONEX/CVBB2800.21i
     1.0            IONOSPHERE MAPS     MIX                 IONEX VERSION / TYPE
cmpcmb v1.2          GRL/UWM            27-oct-21 23:34     PGM / RUN BY / DATE 
ionex file containing IGS COMBINED Ionosphere maps          COMMENT             
global ionosphere maps for day 280, 2021                    DESCRIPTION         
IONEX file containing the COMBINED IGS TEC MAPS and DCBs    DESCRIPTION         
      IONEX files of the following IAACs were combined: cod DESCRIPTION         
                                                        esa DESCRIPTION         
                                                        jpl DESCRIPTION         
                                                        upc DESCRIPTION         
Contact address: Andrzej Krankowski                         DESCRIPTION
                 Geodynamics Research Laboratory            DESCRIPTION
                 University of Warmia and Mazury (GRL/UWM)  DESCRIPTION
                 Oczapowski St. 1                           DESCRIPTION
                 10-957-Olsztyn, POLAND                     DESCRIPTION
                 e-mail:  kand@uwm.edu.pl                   DESCRIPTION
                                                            DESCRIPTION         
  2021    10     7     0     0     0                        EPOCH OF FIRST MAP  
  2021    10     8     0     0     0                        EPOCH OF LAST MAP   
  7200                                                      INTERVAL            
    13                                                      # OF MAPS IN FILE   
  COSZ                                                      MAPPING FUNCTION    
     0.0                                                    ELEVATION CUTOFF    
combined TEC calculated as weighted mean of input TEC valuesOBSERVABLES USED    
   364                                                      # OF STATIONS       
    32                                                      # OF SATELLITES     
  6371.0                                                    BASE RADIUS         
     2                                                      MAP DIMENSION       
   450.0 450.0   0.0                                        HGT1 / HGT2 / DHGT  
    87.5 -87.5  -2.5                                        LAT1 / LAT2 / DLAT  
  -180.0 180.0   5.0                                        LON1 / LON2 / DLON  
    -1                                                      EXPONENT            
TEC values in 0.1 tec units;  9999, if no value available   COMMENT             
DCB values in nanoseconds, reference is Sum_of_SatDCBs = 0  COMMENT             
                                                            END OF HEADER       
[from data line 4719]
    12                                                      START OF TEC MAP    
  2021    10     7    22     0     0                        EPOCH OF CURRENT MAP
    87.5-180.0 180.0   5.0 450.0                            LAT/LON1/LON2/DLON/H
   74   74   75   76   77   78   79   79   80   80   80   80   80   80   80   80
   80   80   79   78   78   77   77   77   76   76   75   74   74   73   72   71
   70   69   68   66   65   65   64   64   63   61   61   61   60   60   60   60
   59   59   59   59   59   59   60   61   61   61   62   63   63   64   65   65
   67   67   68   69   69   71   72   73   74
    85.0-180.0 180.0   5.0 450.0                            LAT/LON1/LON2/DLON/H
   75   77   79   80   82   84   86   87   89   90   91   92   92   93   93   92
   91   90   88   86   85   83   82   81   79   76   74   72   69   68   66   65
   64   63   62   60   59   58   57   55   54   53   52   50   50   49   48   48
   48   48   48   47   48   49   49   51   52   53   54   55   57   58   60   61
   63   64   66   67   69   70   72   74   75
    82.5-180.0 180.0   5.0 450.0                            LAT/LON1/LON2/DLON/H
   72   74   77   78   80   82   85   87   90   92   95   97   99  100  100  101
  100   98   96   94   92   87   84   79   76   74   72   70   68   66   65   63
   61   59   58   56   54   54   53   51   49   47   47   44   42   40   39   39
   38   38   39   38   39   40   41   43   44   46   48   49   51   53   55   57
   59   61   63   64   66   67   69   70   72
    80.0-180.0 180.0   5.0 450.0                            LAT/LON1/LON2/DLON/H
   69   70   72   75   77   80   84   88   92   97  100  104  107  108  108  108
  107  104  101   99   95   91   84   77   72   67   64   62   60   59   58   56
   54   53   51   50   49   48   47   46   45   43   42   39   38   36   35   33
   32   31   31   32   33   34   36   38   39   41   43   45   47   49   52   54
   57   58   60   61   63   64   66   67   69
    77.5-180.0 180.0   5.0 450.0                            LAT/LON1/LON2/DLON/H
   66   67   69   71   75   78   83   88   94  100  105  109  114  116  116  115
  112  107  101   96   91   85   80   74   69   64   60   57   54   52   51   50
   50   50   49   50   48   47   46   44   43   41   40   37   35   33   31   30
   29   28   28   28   29   30   32   34   36   38   40   42   45   48   50   52
   55   56   58   60   62   63   64   65   66
    75.0-180.0 180.0   5.0 450.0                            LAT/LON1/LON2/DLON/H
   67   67   69   70   73   76   81   88   94  101  109  115  120  121  119  116
  112  106  101   95   88   81   75   69   63   57   53   49   48   46   45   45
   46   46   46   46   46   46   45   44   43   41   39   36   33   31   29   28
   27   26   26   26   27   29   31   33   35   36   38   41   43   45   48   50
   52   55   58   60   62   63   65   66   67
    72.5-180.0 180.0   5.0 450.0                            LAT/LON1/LON2/DLON/H
   70   71   71   72   74   77   82   87   94  102  110  116  119  119  120  118
  112  107  101   91   84   77   70   63   57   52   46   44   42   41   40   41
   41   42   43   43   42   43   43   42   41   40   38   35   32   30   27   26
   25   24   24   24   26   28   30   32   33   35   36   39   40   42   45   48
   51   54   58   61   64   67   69   69   70
    70.0-180.0 180.0   5.0 450.0                            LAT/LON1/LON2/DLON/H
   78   78   78   78   78   80   83   88   94  101  108  114  119  122  122  118
  113  106   98   89   81   74   66   60   55   50   46   42   40   39   39   37
   37   38   39   39   39   39   39   39   37   36   35   32   30   27   25   23
   22   21   21   21   24   26   28   30   32   33   34   36   38   40   43   46
   50   55   59   64   68   72   75   77   78
    67.5-180.0 180.0   5.0 450.0                            LAT/LON1/LON2/DLON/H
   86   87   86   86   85   86   88   91   95  101  107  115  121  124  123  121
  115  108  100   90   82   74   67   63   57   53   49   46   42   40   38   37
   36   35   35   35   35   34   34   34   33   32   31   29   27   25   23   21
   20   20   20   20   22   23   27   28   30   31   32   34   35   38   40   44
   49   55   62   68   73   79   82   85   86
    65.0-180.0 180.0   5.0 450.0                            LAT/LON1/LON2/DLON/H
   95   95   95   95   94   94   95   96   99  104  109  116  122  125  125  123
  119  112  105   98   89   82   77   71   66   62   58   53   48   44   40   38
   36   34   32   32   31   31   30   29   29   29   28   27   26   25   23   21
   21   23   23   22   22   24   26   27   29   30   31   32   33   36   40   44
   49   56   64   71   78   84   90   93   95
    62.5-180.0 180.0   5.0 450.0                            LAT/LON1/LON2/DLON/H
  101  103  104  104  103  103  103  103  104  107  113  118  123  126  126  125
  123  118  113  107  101   97   92   86   80   77   71   65   58   52   46   41
   38   35   32   30   29   28   28   27   27   27   28   28   28   27   25   24
   24   26   27   25   25   26   27   28   29   29   30   32   33   36   40   45
   51   58   67   74   82   89   94   99  101
    60.0-180.0 180.0   5.0 450.0                            LAT/LON1/LON2/DLON/H
  106  109  111  112  112  113  113  111  111  112  116  120  124  126  128  127
  126  123  120  116  113  109  106  102   96   91   84   78   69   60   52   47
   42   37   34   32   30   28   28   28   29   30   31   32   32   31   29   28
   28   29   28   27   27   28   29   30   30   31   32   33   35   37   42   47
   54   61   70   77   85   92   96  102  106
    57.5-180.0 180.0   5.0 450.0                            LAT/LON1/LON2/DLON/H
  108  113  117  120  121  122  122  120  118  118  120  122  124  127  129  129
  129  127  126  123  121  118  115  111  106  100   94   85   77   68   60   54
   48   43   39   35   33   32   32   33   34   36   37   39   39   37   35   33
   33   32   32   31   31   32   33   34   34   34   34   35   38   41   46   51
   58   65   73   81   87   93   98  103  108
    55.0-180.0 180.0   5.0 450.0                            LAT/LON1/LON2/DLON/H
  110  116  122  127  130  132  132  130  127  125  125  125  126  127  129  130
  130  130  130  128  127  124  120  116  111  104   98   91   82   74   66   60
   54   49   44   41   40   39   40   41   43   45   46   48   47   45   42   40
   39   38   37   37   37   38   39   39   40   39   39   39   42   45   51   57
   64   71   78   84   89   94   99  104  110
    52.5-180.0 180.0   5.0 450.0                            LAT/LON1/LON2/DLON/H
  113  121  128  135  141  144  145  141  138  133  130  128  128  128  129  131
  131  132  131  130  129  126  123  118  112  105   99   93   87   80   73   67
   60   55   52   50   48   48   49   51   53   55   56   56   56   54   51   48
   46   45   44   44   45   46   47   47   46   44   44   44   47   51   56   64
   70   77   82   88   93   97  101  106  113
    50.0-180.0 180.0   5.0 450.0                            LAT/LON1/LON2/DLON/H
  119  129  137  146  153  157  157  155  150  144  137  133  131  130  131  132
  133  133  132  131  129  126  122  117  111  106  100   96   90   85   79   73
   66   62   59   58   57   58   59   61   63   65   65   65   64   62   59   56
   54   53   52   53   54   55   55   55   53   51   51   51   53   57   62   69
   75   81   87   92   97  101  105  110  119
    47.5-180.0 180.0   5.0 450.0                            LAT/LON1/LON2/DLON/H
  130  140  148  158  165  170  170  168  163  155  147  140  136  134  135  135
  135  134  133  131  129  125  121  116  111  106  102   98   93   88   83   76
   70   67   65   64   65   66   68   70   71   73   73   73   71   70   66   63
   62   62   61   61   62   64   64   64   61   58   57   57   58   62   67   73
   80   86   93   99  103  107  114  121  130
    45.0-180.0 180.0   5.0 450.0                            LAT/LON1/LON2/DLON/H
  145  155  163  171  178  181  183  181  175  167  158  149  144  141  141  141
  140  138  135  133  130  127  124  119  114  109  104   99   93   87   82   76
   70   67   67   68   70   72   74   76   77   79   79   78   77   75   73   73
   71   71   70   71   71   72   72   71   67   64   62   61   62   66   71   78
   85   93  100  107  113  118  126  135  145
    42.5-180.0 180.0   5.0 450.0                            LAT/LON1/LON2/DLON/H
  161  172  180  186  190  192  193  190  186  179  169  160  153  151  151  150
  148  145  141  138  135  133  131  126  121  114  106   97   89   82   76   71
   67   65   66   70   72   75   78   80   81   83   84   83   82   81   81   81
   80   80   79   78   78   78   77   75   71   66   62   62   65   70   76   83
   91  100  108  116  123  131  140  150  161
    40.0-180.0 180.0   5.0 450.0                            LAT/LON1/LON2/DLON/H
  176  187  194  199  200  199  200  198  194  188  179  170  164  163  162  162
  159  156  150  146  144  143  140  135  129  119  108   96   85   76   70   66
   64   63   67   70   74   77   80   83   84   86   87   87   88   88   89   89
   88   87   85   82   81   80   80   77   72   66   62   63   67   75   82   90
   98  107  117  125  133  142  153  165  176
    37.5-180.0 180.0   5.0 450.0                            LAT/LON1/LON2/DLON/H
  190  201  209  210  208  207  204  203  200  197  189  181  178  175  175  175
  172  167  162  158  157  155  151  146  138  125  110   96   82   71   65   63
   63   64   67   72   76   80   83   85   87   90   92   93   95   96   97   96
   94   91   87   84   81   80   79   77   73   66   63   64   71   80   90   98
  106  115  125  134  144  153  164  177  190
    35.0-180.0 180.0   5.0 450.0                            LAT/LON1/LON2/DLON/H
  202  214  222  222  217  212  209  207  207  207  201  193  189  189  190  189
  186  181  176  172  170  167  163  155  145  129  112   97   82   70   65   64
   65   68   70   75   79   83   85   88   92   94   97   99  102  103  102   99
   96   91   86   81   78   77   77   75   71   66   63   67   75   87   97  106
  114  123  134  143  153  163  175  189  202
    32.5-180.0 180.0   5.0 450.0                            LAT/LON1/LON2/DLON/H
  216  229  239  238  231  221  215  215  218  219  216  207  201  201  203  202
  199  194  188  185  181  177  170  160  148  133  113   97   84   73   70   71
   74   75   78   81   84   86   89   91   95   99  102  104  107  108  104  100
   95   89   83   78   75   73   74   74   70   66   64   68   79   91  102  111
  121  130  142  152  161  172  187  201  216
    30.0-180.0 180.0   5.0 450.0                            LAT/LON1/LON2/DLON/H
  234  249  261  260  251  240  232  231  235  239  235  225  217  215  216  215
  213  208  201  196  190  183  174  162  149  134  115  102   92   85   84   86
   87   89   89   90   91   92   92   94   98  102  105  108  110  109  104   98
   92   86   80   76   72   71   71   71   68   65   65   70   81   95  106  117
  126  136  149  160  171  184  199  217  234
    27.5-180.0 180.0   5.0 450.0                            LAT/LON1/LON2/DLON/H
  257  279  293  294  284  271  262  257  259  263  259  248  239  233  231  232
  226  221  214  206  197  186  175  162  149  137  124  114  108  106  107  108
  108  106  104  100   98   97   96   96   99  103  106  108  109  107  101   94
   88   82   77   72   68   66   66   66   65   63   63   70   83   97  109  120
  131  142  156  169  182  197  216  238  257
    25.0-180.0 180.0   5.0 450.0                            LAT/LON1/LON2/DLON/H
  287  312  331  337  328  316  304  294  290  293  291  278  267  259  253  251
  242  234  225  215  202  187  174  162  153  148  141  136  133  135  138  137
  135  124  117  111  104  100   98   99  100  102  105  104  105  102   96   89
   83   78   71   66   62   61   60   61   61   59   61   69   82   97  111  123
  135  147  163  179  197  215  235  262  287
    22.5-180.0 180.0   5.0 450.0                            LAT/LON1/LON2/DLON/H
  318  351  375  390  383  367  351  341  334  335  331  319  304  293  282  276
  263  250  239  225  208  188  175  169  167  170  170  167  170  174  180  175
  168  146  130  123  115  103  101  102  102  101  102  100  100   96   91   83
   78   72   67   61   57   56   56   58   58   57   60   68   82   98  112  125
  138  153  172  192  216  236  259  288  318
    20.0-180.0 180.0   5.0 450.0                            LAT/LON1/LON2/DLON/H
  349  390  422  443  439  423  405  400  391  388  381  369  351  336  319  307
  290  272  256  239  218  196  187  187  194  204  210  208  216  218  219  207
  190  164  145  138  130  110  107  108  104  101  100   98   96   91   85   78
   73   70   64   59   55   54   54   56   57   57   60   70   84  100  115  128
  143  160  181  208  235  259  282  314  349
    17.5-180.0 180.0   5.0 450.0                            LAT/LON1/LON2/DLON/H
  373  418  458  484  487  471  453  451  448  445  436  424  405  386  364  347
  322  300  278  258  234  216  212  218  232  249  260  258  261  253  237  215
  188  169  157  148  137  119  116  115  110  103  101   97   93   87   82   76
   72   70   65   60   56   54   55   57   57   58   62   73   88  105  119  133
  149  168  192  223  253  280  304  332  373
    15.0-180.0 180.0   5.0 450.0                            LAT/LON1/LON2/DLON/H
  381  426  464  498  512  498  483  483  490  492  491  478  460  442  414  392
  362  335  305  283  260  246  249  260  277  297  308  307  297  265  232  200
  172  160  156  148  138  129  127  124  118  110  105  100   94   89   84   77
   74   72   67   62   58   56   57   57   57   59   65   77   94  110  125  140
  157  178  204  236  269  298  320  345  381
    12.5-180.0 180.0   5.0 450.0                            LAT/LON1/LON2/DLON/H
  372  409  451  484  505  499  488  494  511  522  528  520  507  495  471  439
  407  375  343  320  295  282  288  306  323  336  338  327  300  259  217  179
  154  148  150  150  149  147  144  139  129  118  112  103   98   93   89   83
   78   76   71   65   61   59   58   58   57   59   66   79   96  115  132  147
  166  188  214  246  280  309  329  347  372
    10.0-180.0 180.0   5.0 450.0                            LAT/LON1/LON2/DLON/H
  361  388  420  452  470  474  474  488  512  534  545  548  547  541  521  487
  453  421  388  365  338  323  329  348  362  360  342  314  278  231  188  163
  146  144  155  165  171  174  170  159  145  131  122  108  102   98   93   87
   83   79   73   66   62   60   58   58   57   58   65   79   98  119  137  155
  175  198  224  254  287  314  332  345  361
     7.5-180.0 180.0   5.0 450.0                            LAT/LON1/LON2/DLON/H
  351  368  390  413  429  438  445  467  497  525  542  552  561  568  554  523
  492  462  431  409  383  367  369  380  382  367  335  295  251  202  166  155
  152  155  174  193  202  206  199  182  161  140  128  111  105  101   96   91
   86   80   72   65   60   59   59   58   58   58   64   79   99  121  140  159
  181  205  232  260  291  315  331  341  351
     5.0-180.0 180.0   5.0 450.0                            LAT/LON1/LON2/DLON/H
  345  355  366  382  394  402  414  439  470  500  521  535  552  565  560  538
  512  487  462  442  421  406  402  399  386  360  322  274  226  183  161  162
  170  179  204  228  237  239  227  201  173  147  133  115  108  103   97   91
   85   78   69   63   58   57   59   60   58   58   64   78   98  120  142  163
  186  211  236  265  292  314  329  338  345
     2.5-180.0 180.0   5.0 450.0                            LAT/LON1/LON2/DLON/H
  348  352  358  369  376  380  392  415  444  470  488  504  524  541  544  533
  513  492  475  461  444  430  419  408  385  350  304  257  215  183  174  182
  197  212  236  258  268  268  250  215  180  151  135  117  110  104   96   88
   80   74   65   59   56   57   60   60   59   57   62   75   96  118  141  164
  187  212  237  263  292  314  331  341  348
