data/IONEX/CVBB2900.21i
     1.0            IONOSPHERE MAPS     MIX                 IONEX VERSION / TYPE
cmpcmb v1.2          GRL/UWM             6-nov-21 01:57     PGM / RUN BY / DATE 
ionex file containing IGS COMBINED Ionosphere maps          COMMENT             
global ionosphere maps for day 290, 2021                    DESCRIPTION         
IONEX file containing the COMBINED IGS TEC MAPS and DCBs    DESCRIPTION         
      IONEX files of the following IAACs were combined: cod DESCRIPTION         
                                                        esa DESCRIPTION         
                                                        jpl DESCRIPTION         
                                                        upc DESCRIPTION         
Contact address: Andrzej Krankowski                         DESCRIPTION
                 Geodynamics Research Laboratory            DESCRIPTION
                 University of Warmia and Mazury (GRL/UWM)  DESCRIPTION
                 Oczapowski St. 1                           DESCRIPTION
                 10-957-Olsztyn, POLAND                     DESCRIPTION
                 e-mail:  kand@uwm.edu.pl                   DESCRIPTION
                                                            DESCRIPTION         
  2021    10    17     0     0     0                        EPOCH OF FIRST MAP  
  2021    10    18     0     0     0                        EPOCH OF LAST MAP   
  7200                                                      INTERVAL            
    13                                                      # OF MAPS IN FILE   
  COSZ                                                      MAPPING FUNCTION    
     0.0                                                    ELEVATION CUTOFF    
combined TEC calculated as weighted mean of input TEC valuesOBSERVABLES USED    
   355                                                      # OF STATIONS       
    32                                                      # OF SATELLITES     
  6371.0                                                    BASE RADIUS         
     2                                                      MAP DIMENSION       
   450.0 450.0   0.0                                        HGT1 / HGT2 / DHGT  
    87.5 -87.5  -2.5                                        LAT1 / LAT2 / DLAT  
  -180.0 180.0   5.0                                        LON1 / LON2 / DLON  
    -1                                                      EXPONENT            
TEC values in 0.1 tec units;  9999, if no value available   COMMENT             
DCB values in nanoseconds, reference is Sum_of_SatDCBs = 0  COMMENT             
                                                            END OF HEADER       
[from data line 4290]
    11                                                      START OF TEC MAP    
  2021    10    17    20     0     0                        EPOCH OF CURRENT MAP
    87.5-180.0 180.0   5.0 450.0                            LAT/LON1/LON2/DLON/H
   69   70   71   72   73   74   75   75   75   75   77   77   77   77   77   77
   76   76   76   75   75   75   74   74   73   73   73   73   72   72   71   70
   70   69   69   68   68   67   66   65   65   64   64   63   62   62   62   61
   61   61   61   60   60   60   60   60   61   61   62   62   63   63   63   63
   63   64   65   65   65   66   67   68   69
    85.0-180.0 180.0   5.0 450.0                            LAT/LON1/LON2/DLON/H
   67   68   70   71   73   74   75   77   78   80   81   81   82   83   83   83
   83   83   82   80   79   78   77   77   76   75   74   73   72   71   70   69
   67   66   65   64   63   62   60   59   58   57   55   54   54   53   53   52
   52   52   52   51   51   50   50   50   51   52   53   54   54   54   55   56
   56   57   58   59   60   62   64   65   67
    82.5-180.0 180.0   5.0 450.0                            LAT/LON1/LON2/DLON/H
   62   64   67   69   72   74   77   79   82   83   86   87   88   88   88   88
   88   87   86   85   82   80   78   77   76   74   73   71   69   69   67   67
   66   65   64   62   61   59   58   56   55   53   52   50   49   47   46   46
   45   45   45   45   44   44   44   44   45   45   46   47   48   48   48   49
   50   51   52   53   55   57   58   60   62
    80.0-180.0 180.0   5.0 450.0                            LAT/LON1/LON2/DLON/H
   57   60   62   64   67   70   72   76   79   82   84   86   88   89   90   89
   89   88   87   85   84   82   78   75   73   71   70   69   67   66   65   65
   63   62   61   60   58   58   57   55   53   52   49   48   47   45   43   42
   41   41   41   41   41   40   41   41   41   42   43   43   44   45   45   46
   46   47   48   49   50   51   53   55   57
    77.5-180.0 180.0   5.0 450.0                            LAT/LON1/LON2/DLON/H
   51   53   55   57   61   65   69   73   78   82   85   88   90   92   92   90
   88   86   85   83   79   75   73   71   68   67   65   64   63   61   61   59
   59   59   59   59   57   56   55   54   53   51   49   48   46   44   43   41
   40   39   38   39   39   40   40   40   41   42   42   42   43   43   43   44
   44   44   44   45   45   46   47   49   51
    75.0-180.0 180.0   5.0 450.0                            LAT/LON1/LON2/DLON/H
   46   48   51   54   57   60   64   69   74   79   83   86   89   90   89   89
   90   88   82   77   75   74   68   67   64   62   61   61   59   58   57   56
   54   53   54   55   57   56   55   54   53   52   51   49   47   43   42   40
   39   39   39   39   39   39   40   41   42   42   43   43   43   42   42   42
   42   41   41   42   42   43   44   45   46
    72.5-180.0 180.0   5.0 450.0                            LAT/LON1/LON2/DLON/H
   44   46   48   50   52   55   59   64   70   75   80   85   90   91   93   95
   91   85   80   76   72   68   64   63   61   59   56   55   56   54   52   52
   51   50   50   51   53   54   55   53   52   52   50   49   47   44   42   41
   41   41   41   41   41   41   41   42   43   43   42   42   42   41   40   40
   39   39   39   39   40   40   41   42   44
    70.0-180.0 180.0   5.0 450.0                            LAT/LON1/LON2/DLON/H
   45   47   48   49   51   53   56   61   67   73   81   90   94   97   99   98
   92   87   82   75   70   67   62   60   59   57   55   53   50   49   47   46
   46   45   45   47   49   51   51   51   50   50   48   47   46   45   44   44
   43   44   43   43   42   42   42   42   42   42   41   40   40   39   39   38
   38   38   38   38   39   40   41   43   45
    67.5-180.0 180.0   5.0 450.0                            LAT/LON1/LON2/DLON/H
   48   51   51   52   53   55   57   61   68   75   85   94  102  105  105  102
   96   91   85   77   74   70   65   62   61   57   56   53   49   46   43   41
   40   40   39   41   44   45   47   48   48   47   46   45   44   44   45   44
   44   44   44   43   42   41   40   39   38   37   37   37   37   36   36   36
   36   36   37   38   40   42   44   46   48
    65.0-180.0 180.0   5.0 450.0                            LAT/LON1/LON2/DLON/H
   54   57   57   57   57   58   60   64   70   78   88   98  105  109  110  106
  104   98   91   84   80   75   71   68   66   62   59   54   50   46   42   39
   36   36   35   36   38   41   41   42   43   43   43   43   43   44   44   44
   43   44   43   42   40   38   36   35   33   32   31   32   32   32   33   34
   34   35   36   38   41   44   47   51   54
    62.5-180.0 180.0   5.0 450.0                            LAT/LON1/LON2/DLON/H
   60   63   64   64   63   63   65   68   74   81   90   99  107  111  113  113
  111  107  101   94   88   84   80   78   74   70   66   59   54   50   45   41
   38   36   34   34   35   36   37   37   38   39   41   42   43   43   44   43
   43   42   40   39   37   35   33   30   28   27   27   27   28   29   30   31
   32   33   34   37   41   46   51   56   60
    60.0-180.0 180.0   5.0 450.0                            LAT/LON1/LON2/DLON/H
   66   69   71   71   71   71   72   74   79   85   91   98  105  110  113  114
  114  114  109  104   99   96   93   89   84   79   74   69   62   58   52   48
   44   40   37   35   35   35   33   33   34   37   39   41   43   44   44   43
   42   40   38   36   35   33   30   27   25   24   24   25   26   27   29   29
   30   31   33   36   41   47   54   61   66
    57.5-180.0 180.0   5.0 450.0                            LAT/LON1/LON2/DLON/H
   71   76   79   80   81   82   82   85   87   90   94   98  102  106  108  110
  113  115  115  114  112  110  107  103   95   90   86   81   76   74   66   61
   55   49   43   39   38   37   34   34   34   37   41   43   45   46   45   44
   42   40   37   35   34   33   31   28   26   25   25   25   27   28   29   30
   30   30   31   36   41   48   56   64   71
    55.0-180.0 180.0   5.0 450.0                            LAT/LON1/LON2/DLON/H
   76   83   87   90   93   94   96   98   99   99  100  100  101  101  103  105
  108  113  116  119  123  123  120  115  109  104  101   99   95   95   87   79
   71   62   55   48   44   42   40   39   40   43   46   49   50   51   50   47
   46   43   40   39   38   37   35   33   32   31   30   30   31   32   33   33
   32   31   32   36   42   49   59   68   76
    52.5-180.0 180.0   5.0 450.0                            LAT/LON1/LON2/DLON/H
   83   90   96  102  107  110  113  115  115  113  111  107  103  100   99  101
  105  111  116  123  129  131  130  127  122  118  117  115  114  114  108   96
   87   77   68   60   56   51   48   47   47   50   53   56   58   58   57   54
   52   49   47   45   44   44   43   42   41   40   39   39   39   39   39   38
   36   34   35   38   44   53   63   73   83
    50.0-180.0 180.0   5.0 450.0                            LAT/LON1/LON2/DLON/H
   91   99  107  115  122  129  133  136  136  133  128  119  111  104  100  102
  105  112  119  126  132  136  137  136  132  130  130  129  129  128  123  111
   99   89   79   72   66   61   58   56   56   58   62   64   66   66   65   63
   61   58   55   54   53   53   52   52   51   51   50   49   49   48   46   45
   42   39   40   43   49   59   70   80   91
    47.5-180.0 180.0   5.0 450.0                            LAT/LON1/LON2/DLON/H
  100  110  119  129  139  147  155  161  160  158  151  140  127  115  108  108
  112  118  126  133  139  142  144  143  142  141  142  143  142  139  131  118
  106   96   88   80   75   70   67   64   65   66   69   70   72   73   73   71
   69   67   66   64   64   63   63   63   62   62   61   60   59   57   55   52
   48   45   46   49   56   65   78   89  100
    45.0-180.0 180.0   5.0 450.0                            LAT/LON1/LON2/DLON/H
  111  122  132  142  155  167  177  185  189  186  178  165  148  134  124  123
  125  131  138  144  149  151  153  153  152  152  153  153  150  145  136  119
  107   98   91   86   82   78   75   72   71   71   73   75   77   78   78   77
   77   76   76   76   75   74   74   73   72   71   70   69   66   63   60   58
   54   52   53   57   64   76   88   99  111
    42.5-180.0 180.0   5.0 450.0                            LAT/LON1/LON2/DLON/H
  122  133  144  157  171  186  199  208  213  212  206  193  174  159  147  144
  145  150  155  160  162  164  164  164  164  165  164  162  156  147  135  118
  104   95   90   88   86   83   80   77   75   75   76   77   79   80   81   82
   83   84   84   84   83   83   81   81   80   79   76   73   70   68   65   62
   59   57   59   64   73   86   99  111  122
    40.0-180.0 180.0   5.0 450.0                            LAT/LON1/LON2/DLON/H
  133  143  156  169  185  202  216  227  235  237  232  219  204  186  174  170
  170  173  175  177  178  178  177  177  177  177  175  169  160  147  132  115
  100   92   89   89   89   88   84   81   79   77   77   77   79   81   83   85
   86   88   89   90   89   87   86   85   84   82   79   76   73   70   67   65
   63   62   65   72   82   95  108  121  133
    37.5-180.0 180.0   5.0 450.0                            LAT/LON1/LON2/DLON/H
  140  152  165  182  198  216  231  242  251  256  251  241  227  214  201  195
  194  195  195  195  193  192  191  190  189  188  184  175  162  147  130  113
  100   93   92   93   94   92   89   85   82   79   78   78   80   81   83   85
   86   89   90   91   90   88   87   86   85   84   81   78   75   73   70   66
   65   65   70   78   90  102  117  129  140
    35.0-180.0 180.0   5.0 450.0                            LAT/LON1/LON2/DLON/H
  146  158  173  191  209  226  241  253  263  266  265  258  248  236  225  218
  215  214  212  209  206  205  203  203  201  197  191  181  165  148  132  117
  106  100   99  101  102  100   97   92   88   84   81   80   81   83   84   84
   86   87   89   89   89   88   87   87   87   85   83   81   77   74   71   68
   67   68   74   83   96  109  123  135  146
    32.5-180.0 180.0   5.0 450.0                            LAT/LON1/LON2/DLON/H
  151  163  180  198  216  234  250  262  270  274  275  271  263  253  243  237
  232  229  226  221  217  216  214  212  210  205  197  186  171  153  140  128
  120  116  115  116  115  114  110  103   99   91   88   86   84   86   86   85
   85   86   86   87   88   88   87   88   88   87   85   83   79   75   72   69
   68   70   76   87  101  114  128  140  151
    30.0-180.0 180.0   5.0 450.0                            LAT/LON1/LON2/DLON/H
  156  170  187  205  223  240  255  268  276  281  284  281  275  265  256  249
  243  240  236  231  227  225  223  219  216  210  202  191  178  164  153  146
  141  139  137  137  137  133  128  118  111  104   98   94   93   94   92   90
   88   86   85   86   87   87   87   89   89   89   87   84   81   76   72   70
   69   71   79   90  105  118  132  145  156
    27.5-180.0 180.0   5.0 450.0                            LAT/LON1/LON2/DLON/H
  163  177  195  214  231  247  262  275  284  290  294  291  282  273  263  255
  249  245  243  239  234  231  228  224  220  214  206  197  189  180  175  172
  170  169  167  166  165  160  152  137  127  118  109  107  108  110  105   99
   95   90   88   88   86   85   86   88   89   89   87   84   81   77   73   71
   70   73   82   95  111  124  138  151  163
    25.0-180.0 180.0   5.0 450.0                            LAT/LON1/LON2/DLON/H
  172  186  204  223  241  257  271  284  296  304  305  302  290  278  268  259
  252  247  245  242  238  234  231  227  223  217  211  207  204  203  202  202
  202  205  200  197  192  186  173  156  142  135  123  120  124  130  126  113
  107   98   94   92   89   86   85   87   88   88   86   83   79   75   72   70
   71   75   85  100  117  132  146  160  172
    22.5-180.0 180.0   5.0 450.0                            LAT/LON1/LON2/DLON/H
  183  198  217  236  253  269  284  299  311  319  320  316  301  286  275  265
  258  251  246  243  239  234  232  229  225  222  220  221  225  231  233  231
  235  238  234  217  203  192  182  166  155  151  139  133  135  145  140  126
  118  110  104   99   94   89   86   87   87   85   82   79   74   71   69   68
   70   76   88  106  125  142  157  172  183
    20.0-180.0 180.0   5.0 450.0                            LAT/LON1/LON2/DLON/H
  197  212  231  249  266  284  301  317  329  336  337  332  319  301  286  276
  266  257  249  244  240  236  234  232  231  231  233  241  251  260  262  259
  263  260  250  223  198  187  178  168  161  161  151  142  142  149  147  137
  129  122  116  108  101   93   88   86   84   81   77   72   68   65   63   63
   68   77   91  111  133  153  170  184  197
    17.5-180.0 180.0   5.0 450.0                            LAT/LON1/LON2/DLON/H
  210  226  244  263  282  300  320  338  349  355  355  349  339  322  306  292
  279  265  254  247  242  238  237  237  240  246  251  263  279  287  287  280
  280  266  243  207  183  175  169  165  162  162  155  147  145  148  148  144
  137  132  126  118  109   99   92   86   81   77   72   67   62   58   58   59
   66   78   95  117  141  162  181  196  210
    15.0-180.0 180.0   5.0 450.0                            LAT/LON1/LON2/DLON/H
  223  240  259  278  298  318  340  358  369  373  374  369  360  348  333  314
  295  276  261  253  246  242  241  243  252  261  271  287  304  310  305  289
  276  246  219  190  171  165  162  161  159  159  153  145  144  145  144  142
  139  139  135  126  115  104   94   85   80   74   68   62   56   52   52   56
   65   80  100  124  148  170  190  207  223
    12.5-180.0 180.0   5.0 450.0                            LAT/LON1/LON2/DLON/H
  235  253  273  294  315  335  356  373  386  391  391  390  385  377  363  341
  316  292  272  261  254  249  247  252  264  274  288  305  321  324  313  288
  257  222  196  175  161  159  159  159  157  155  148  141  139  137  136  138
  138  141  138  131  120  107   95   85   79   74   67   59   52   48   49   54
   65   83  105  130  156  178  198  217  235
    10.0-180.0 180.0   5.0 450.0                            LAT/LON1/LON2/DLON/H
  244  265  285  306  327  347  367  385  398  404  406  407  406  404  391  368
  340  313  290  275  266  262  260  265  276  288  303  321  335  330  315  286
  246  212  184  168  160  159  161  164  159  151  141  135  132  129  127  131
  134  138  137  131  120  108   96   86   80   75   67   59   52   48   48   54
   65   84  108  136  161  184  203  225  244
     7.5-180.0 180.0   5.0 450.0                            LAT/LON1/LON2/DLON/H
  251  273  295  316  337  357  377  393  405  412  414  418  422  424  414  392
  365  339  316  296  284  280  281  286  295  307  321  335  343  336  317  288
  250  216  189  174  171  172  174  176  169  153  140  135  130  125  125  126
  130  132  133  127  118  108   97   90   85   79   71   63   56   51   51   56
   67   86  110  137  163  186  207  228  251
     5.0-180.0 180.0   5.0 450.0                            LAT/LON1/LON2/DLON/H
  253  280  302  323  345  366  384  399  409  414  416  421  429  436  430  411
  385  361  339  318  309  305  307  314  321  331  340  348  351  342  322  296
  264  230  209  198  198  198  200  201  187  167  155  148  141  136  132  130
  130  127  128  123  116  108  101   97   93   87   79   70   62   57   55   60
   71   87  111  138  162  184  206  229  253
     2.5-180.0 180.0   5.0 450.0                            LAT/LON1/LON2/DLON/H
  250  279  304  328  351  373  391  405  411  414  414  419  428  440  435  423
  400  379  361  344  336  333  336  343  349  353  359  361  360  348  329  307
  281  254  238  234  233  230  234  229  208  191  183  177  168  161  154  145
  139  129  125  119  114  108  105  103  101   95   87   77   70   64   61   65
   74   90  112  137  160  180  201  225  250
