data/IONEX/CVBB2750.21i
     1.0            IONOSPHERE MAPS     MIX                 IONEX VERSION / TYPE
cmpcmb v1.2          GRL/UWM            19-oct-21 04:01     PGM / RUN BY / DATE 
ionex file containing IGS COMBINED Ionosphere maps          COMMENT             
global ionosphere maps for day 275, 2021                    DESCRIPTION         
IONEX file containing the COMBINED IGS TEC MAPS and DCBs    DESCRIPTION         
      IONEX files of the following IAACs were combined: cod DESCRIPTION         
                                                        esa DESCRIPTION         
                                                        jpl DESCRIPTION         
                                                        upc DESCRIPTION         
Contact address: Andrzej Krankowski                         DESCRIPTION
                 Geodynamics Research Laboratory            DESCRIPTION
                 University of Warmia and Mazury (GRL/UWM)  DESCRIPTION
                 Oczapowski St. 1                           DESCRIPTION
                 10-957-Olsztyn, POLAND                     DESCRIPTION
                 e-mail:  kand@uwm.edu.pl                   DESCRIPTION
                                                            DESCRIPTION         
  2021    10     2     0     0     0                        EPOCH OF FIRST MAP  
  2021    10     3     0     0     0                        EPOCH OF LAST MAP   
  7200                                                      INTERVAL            
    13                                                      # OF MAPS IN FILE   
  COSZ                                                      MAPPING FUNCTION    
     0.0                                                    ELEVATION CUTOFF    
combined TEC calculated as weighted mean of input TEC valuesOBSERVABLES USED    
   360                                                      # OF STATIONS       
    32                                                      # OF SATELLITES     
  6371.0                                                    BASE RADIUS         
     2                                                      MAP DIMENSION       
   450.0 450.0   0.0                                        HGT1 / HGT2 / DHGT  
    87.5 -87.5  -2.5                                        LAT1 / LAT2 / DLAT  
  -180.0 180.0   5.0                                        LON1 / LON2 / DLON  
    -1                                                      EXPONENT            
TEC values in 0.1 tec units;  9999, if no value available   COMMENT             
DCB values in nanoseconds, reference is Sum_of_SatDCBs = 0  COMMENT             
                                                            END OF HEADER       
[from data line 2145]
     6                                                      START OF TEC MAP    
  2021    10     2    10     0     0                        EPOCH OF CURRENT MAP
    87.5-180.0 180.0   5.0 450.0                            LAT/LON1/LON2/DLON/H
   69   71   72   73   75   76   77   78   79   80   80   81   82   82   82   82
   82   82   83   83   83   82   82   82   82   82   82   83   84   84   84   83
   82   83   83   83   82   81   80   79   77   77   75   74   73   72   69   68
   65   65   63   61   60   58   58   57   57   57   57   58   58   59   60   60
   61   62   63   64   65   66   67   68   69
    85.0-180.0 180.0   5.0 450.0                            LAT/LON1/LON2/DLON/H
   67   70   73   75   77   79   80   82   84   85   86   87   89   89   90   90
   91   91   90   89   89   89   89   88   90   91   91   91   89   87   86   85
   83   82   81   81   79   77   76   75   74   72   70   69   68   67   65   63
   62   60   58   55   52   50   49   48   47   47   47   48   48   48   49   49
   51   52   54   56   58   61   63   65   67
    82.5-180.0 180.0   5.0 450.0                            LAT/LON1/LON2/DLON/H
   62   65   69   72   75   78   81   83   85   87   88   89   90   90   91   91
   90   90   89   90   90   89   88   90   92   91   89   89   89   89   89   89
   89   88   87   86   85   84   83   80   79   77   75   72   69   67   64   61
   59   57   55   53   51   49   48   46   45   44   43   42   41   41   41   42
   43   44   46   48   50   53   56   59   62
    80.0-180.0 180.0   5.0 450.0                            LAT/LON1/LON2/DLON/H
   58   62   66   71   75   78   80   82   83   84   85   85   85   85   86   86
   85   85   85   84   84   83   82   87   85   85   86   88   89   90   91   93
   95   96   97   98   97   95   93   92   89   88   85   81   79   75   73   70
   67   64   61   59   58   56   55   53   51   48   46   44   42   41   40   39
   39   40   41   43   45   48   51   54   58
    77.5-180.0 180.0   5.0 450.0                            LAT/LON1/LON2/DLON/H
   54   58   63   67   71   73   75   76   76   77   76   77   77   76   75   73
   71   69   69   69   68   71   70   73   78   80   82   84   88   90   93   96
   99  102  104  105  107  108  107  105  103  101   98   95   92   89   86   84
   81   79   75   73   72   70   69   66   63   60   57   54   51   48   45   43
   42   40   40   41   42   44   47   50   54
    75.0-180.0 180.0   5.0 450.0                            LAT/LON1/LON2/DLON/H
   50   54   58   62   64   66   68   68   70   70   70   69   66   61   58   57
   56   57   55   55   57   59   59   64   65   70   74   78   82   87   93  100
  105  111  115  118  120  122  123  121  119  117  112  110  107  105  102  100
   98   97   95   92   91   89   87   84   81   77   73   68   64   59   55   51
   48   45   44   43   43   44   45   48   50
    72.5-180.0 180.0   5.0 450.0                            LAT/LON1/LON2/DLON/H
   48   50   53   56   59   60   61   62   62   61   60   58   52   47   45   44
   44   43   43   43   46   47   50   54   57   62   66   71   77   85   93  102
  109  116  123  129  132  135  136  135  134  131  129  126  122  121  118  117
  117  117  115  114  112  110  107  104  100   95   90   85   78   73   67   62
   58   54   50   48   47   45   46   46   48
    70.0-180.0 180.0   5.0 450.0                            LAT/LON1/LON2/DLON/H
   46   47   49   51   54   55   56   56   55   55   53   49   44   41   38   38
   36   36   36   38   39   41   45   48   51   56   62   68   74   82   91  102
  111  119  127  134  139  142  144  145  143  141  139  137  135  133  133  132
  133  133  134  133  131  129  124  120  115  110  104   98   91   85   79   72
   67   62   58   54   51   49   47   47   46
    67.5-180.0 180.0   5.0 450.0                            LAT/LON1/LON2/DLON/H
   45   44   44   47   50   51   52   53   53   52   49   46   42   39   38   36
   35   35   36   38   38   40   43   45   49   55   60   69   75   82   91  101
  112  121  130  138  143  146  148  149  148  148  146  144  143  142  142  142
  144  145  145  145  143  140  135  129  124  118  112  106   99   92   85   80
   74   68   64   60   55   52   50   47   45
    65.0-180.0 180.0   5.0 450.0                            LAT/LON1/LON2/DLON/H
   45   42   41   42   44   46   48   49   50   50   48   46   43   41   40   39
   39   39   41   41   41   41   43   45   48   54   60   68   76   84   93  102
  112  123  132  140  145  148  150  151  151  151  150  149  148  146  147  147
  149  150  150  149  146  141  137  131  125  119  113  107  100   95   88   82
   76   72   67   63   59   56   52   48   45
    62.5-180.0 180.0   5.0 450.0                            LAT/LON1/LON2/DLON/H
   45   41   38   38   39   42   44   46   48   48   48   46   45   44   44   44
   44   44   45   45   43   43   43   45   47   54   60   67   76   85   94  104
  114  124  133  141  146  149  151  152  152  153  152  151  150  149  149  150
  151  151  150  147  142  136  131  126  120  115  109  104   98   93   87   82
   76   72   68   65   62   58   54   49   45
    60.0-180.0 180.0   5.0 450.0                            LAT/LON1/LON2/DLON/H
   47   43   38   36   36   38   40   43   46   47   46   46   47   46   46   48
   48   48   47   45   43   42   42   43   46   51   58   67   76   86   96  107
  117  126  135  142  147  151  152  153  154  155  155  155  153  153  152  152
  151  150  147  143  136  131  124  119  114  109  104  100   95   90   86   81
   76   71   68   66   64   61   56   52   47
    57.5-180.0 180.0   5.0 450.0                            LAT/LON1/LON2/DLON/H
   51   46   41   37   36   37   39   41   43   44   45   45   46   46   47   48
   48   48   46   44   41   39   38   39   43   48   56   66   77   89   99  111
  121  130  138  145  149  153  155  156  158  159  160  160  159  157  155  153
  152  150  146  140  133  127  120  115  110  106  102   99   96   92   88   82
   78   73   70   68   66   65   61   57   51
    55.0-180.0 180.0   5.0 450.0                            LAT/LON1/LON2/DLON/H
   57   51   45   42   39   38   39   39   40   42   42   42   43   43   43   44
   44   44   42   39   36   34   34   35   40   47   56   68   79   91  102  115
  125  134  142  148  153  157  160  162  165  167  168  167  165  162  159  157
  154  151  147  142  136  129  123  118  113  110  107  104  102   99   94   89
   83   78   74   72   71   70   67   63   57
    52.5-180.0 180.0   5.0 450.0                            LAT/LON1/LON2/DLON/H
   65   59   53   48   44   41   41   40   41   41   41   40   38   37   37   38
   38   38   36   33   31   30   31   34   40   48   59   70   83   95  107  118
  129  139  147  153  158  162  167  171  174  176  177  175  172  169  165  161
  157  154  151  147  144  139  133  129  124  121  118  115  113  110  106  100
   93   86   82   79   78   77   74   70   65
    50.0-180.0 180.0   5.0 450.0                            LAT/LON1/LON2/DLON/H
   73   67   61   56   51   47   45   44   44   44   42   39   35   32   31   30
   31   31   30   29   28   28   30   35   42   53   64   76   87  100  111  124
  134  144  152  158  163  169  175  179  183  185  185  183  180  176  171  165
  161  159  156  155  153  150  146  142  138  135  132  128  127  124  120  114
  106   98   92   88   87   85   83   78   73
    47.5-180.0 180.0   5.0 450.0                            LAT/LON1/LON2/DLON/H
   81   75   70   65   60   56   53   52   51   50   48   44   37   31   28   26
   27   27   28   28   28   30   34   40   49   61   72   84   95  106  116  127
  137  148  155  162  168  175  182  187  190  192  192  190  186  181  176  171
  167  164  163  161  161  159  157  154  151  149  145  142  140  137  133  127
  119  110  102   97   95   93   90   86   81
    45.0-180.0 180.0   5.0 450.0                            LAT/LON1/LON2/DLON/H
   87   82   79   74   70   66   63   61   61   60   58   52   44   35   30   28
   28   29   30   32   34   36   41   48   58   70   81   92  102  111  121  130
  140  149  156  164  173  180  188  192  195  197  197  195  190  187  182  177
  172  169  168  168  167  166  164  163  161  159  155  152  150  147  142  135
  128  119  111  104  101   97   95   91   87
    42.5-180.0 180.0   5.0 450.0                            LAT/LON1/LON2/DLON/H
   89   86   85   83   79   75   72   72   72   73   71   63   54   45   38   34
   34   35   37   41   43   46   50   57   68   79   90   99  108  116  124  133
  142  150  158  167  176  184  191  196  199  201  200  199  196  193  188  183
  179  176  174  173  172  169  168  168  167  165  160  155  152  150  145  139
  132  123  115  108  104  100   97   93   89
    40.0-180.0 180.0   5.0 450.0                            LAT/LON1/LON2/DLON/H
   88   87   87   87   85   83   80   81   83   85   82   75   66   57   49   45
   44   46   49   52   55   57   60   66   76   86   97  105  113  120  127  134
  143  151  159  168  178  187  194  200  203  205  204  204  203  201  197  192
  188  185  182  179  177  173  172  173  173  169  164  158  152  149  144  138
  131  124  115  108  103   98   94   92   88
    37.5-180.0 180.0   5.0 450.0                            LAT/LON1/LON2/DLON/H
   84   84   86   87   87   86   84   86   91   94   94   88   79   70   63   57
   57   59   62   65   67   68   69   73   81   91  102  110  117  123  130  137
  145  152  160  170  180  189  197  203  208  210  211  212  213  212  209  206
  202  198  194  190  186  182  181  182  183  179  171  164  156  151  144  138
  130  121  112  105   99   93   89   86   84
    35.0-180.0 180.0   5.0 450.0                            LAT/LON1/LON2/DLON/H
   77   78   81   83   83   83   82   86   93   99  103  100   93   85   78   73
   71   72   73   76   77   76   76   77   84   93  104  113  120  127  133  141
  147  155  162  172  182  193  202  209  215  218  222  226  228  228  226  224
  221  218  214  209  206  202  201  203  204  200  191  181  170  162  152  143
  133  122  111  103   96   88   82   78   77
    32.5-180.0 180.0   5.0 450.0                            LAT/LON1/LON2/DLON/H
   70   71   74   76   77   77   77   82   89   98  104  107  103   98   93   88
   85   84   83   84   83   80   78   78   84   93  104  114  123  130  137  143
  151  158  167  177  188  199  209  218  225  232  239  246  247  248  249  247
  248  247  244  242  240  239  240  242  244  238  228  215  200  186  171  158
  144  131  117  107   95   86   78   73   70
    30.0-180.0 180.0   5.0 450.0                            LAT/LON1/LON2/DLON/H
   68   66   68   69   70   70   70   75   82   90  100  105  106  105  102   99
   96   94   91   89   85   81   77   76   81   91  103  115  125  133  140  147
  155  163  174  185  197  208  219  229  240  248  257  266  268  274  275  276
  282  289  286  288  291  296  295  297  300  292  282  266  246  224  203  185
  167  150  133  118  104   91   80   73   68
    27.5-180.0 180.0   5.0 450.0                            LAT/LON1/LON2/DLON/H
   73   67   64   65   64   64   64   67   73   81   90   98  103  104  105  103
  101   98   94   90   84   78   72   72   78   89  103  115  125  135  143  151
  160  170  183  196  207  219  230  243  255  267  278  286  290  299  303  310
  324  334  339  346  355  364  364  371  366  359  347  329  307  279  247  224
  199  178  159  140  122  105   92   81   73
    25.0-180.0 180.0   5.0 450.0                            LAT/LON1/LON2/DLON/H
   86   75   68   65   63   61   61   62   67   73   81   89   95   99  102  102
  100   97   92   87   80   73   68   69   77   90  104  116  127  137  146  154
  165  180  194  209  223  234  245  259  273  285  296  304  311  321  333  344
  364  383  394  409  423  437  442  450  442  431  418  397  374  343  302  269
  239  214  190  169  147  129  112   99   86
    22.5-180.0 180.0   5.0 450.0                            LAT/LON1/LON2/DLON/H
  108   93   81   73   68   66   65   65   66   69   74   80   86   92   95   96
   95   92   88   82   75   70   67   69   79   93  106  118  128  138  148  158
  172  189  208  226  243  253  263  277  289  300  311  323  333  346  361  380
  403  428  444  465  483  494  503  519  509  495  480  455  429  399  358  315
  284  252  226  202  179  159  141  125  108
    20.0-180.0 180.0   5.0 450.0                            LAT/LON1/LON2/DLON/H
  138  118   99   88   81   78   77   76   73   71   72   74   79   84   87   87
   87   84   81   77   72   68   67   71   82   97  110  121  130  140  150  163
  179  200  222  245  265  275  283  293  302  313  327  343  353  369  388  409
  434  460  478  496  511  523  533  540  539  527  510  487  460  431  395  355
  320  287  260  238  213  193  175  159  138
    17.5-180.0 180.0   5.0 450.0                            LAT/LON1/LON2/DLON/H
  172  148  125  110  101   97   95   92   87   81   76   75   76   78   79   79
   78   76   74   72   69   67   68   73   84  100  112  123  132  142  154  168
  187  210  238  264  284  294  300  308  314  325  341  360  376  391  411  430
  452  472  485  497  508  518  526  526  525  518  502  484  459  432  403  370
  342  303  282  263  243  224  207  193  172
    15.0-180.0 180.0   5.0 450.0                            LAT/LON1/LON2/DLON/H
  204  179  155  137  125  120  118  114  106   96   86   81   77   76   74   71
   70   68   67   67   67   66   68   73   85  101  114  125  135  146  159  176
  198  225  252  278  298  308  314  319  327  339  356  375  392  410  428  442
  456  464  470  478  484  493  494  493  489  483  471  455  436  413  387  354
  337  303  282  270  260  247  235  224  204
    12.5-180.0 180.0   5.0 450.0                            LAT/LON1/LON2/DLON/H
  232  209  186  167  152  145  142  136  125  113  100   90   83   78   72   68
   65   63   64   65   65   66   67   73   86  101  116  129  140  152  168  187
  212  240  266  290  309  319  326  330  338  350  367  387  405  424  440  449
  453  454  451  453  454  457  458  455  451  444  433  418  401  380  357  328
  310  286  272  265  260  255  250  246  232
    10.0-180.0 180.0   5.0 450.0                            LAT/LON1/LON2/DLON/H
  248  232  213  193  177  166  162  154  142  128  113  100   90   83   75   69
   65   63   64   65   65   66   67   74   87  102  119  133  147  162  179  201
  227  254  278  299  317  328  334  339  346  359  376  396  415  434  449  456
  455  446  438  433  430  428  425  422  418  411  397  382  365  346  324  299
  281  265  255  251  251  250  252  252  248
     7.5-180.0 180.0   5.0 450.0                            LAT/LON1/LON2/DLON/H
  252  247  230  211  194  181  174  164  153  138  121  108   98   90   81   73
   69   68   69   70   69   68   69   76   89  106  125  141  157  173  193  216
  242  266  286  304  320  331  338  343  351  364  380  400  420  440  456  462
  459  447  435  427  421  414  408  404  399  389  375  357  338  318  299  277
  260  248  239  234  236  240  244  249  252
     5.0-180.0 180.0   5.0 450.0                            LAT/LON1/LON2/DLON/H
  248  251  241  224  206  190  180  166  154  140  125  112  103   96   88   80
   76   75   76   75   73   71   72   80   94  112  131  149  167  185  205  230
  253  272  289  304  317  327  335  343  352  364  378  396  418  439  456  464
  463  455  446  437  427  417  411  406  399  387  369  348  325  305  286  265
  249  238  228  221  224  230  235  241  248
     2.5-180.0 180.0   5.0 450.0                            LAT/LON1/LON2/DLON/H
  243  250  246  231  213  194  181  164  151  137  123  112  105   99   92   86
   82   81   81   80   77   74   76   84  100  119  139  157  176  195  216  239
  257  273  287  298  310  320  328  338  348  358  368  385  405  424  444  458
  466  468  464  456  446  435  426  421  414  400  380  356  330  307  286  266
  248  235  224  216  216  223  228  234  243
