data/IONEX/CVBB2870.21i
     1.0            IONOSPHERE MAPS     MIX                 IONEX VERSION / TYPE
cmpcmb v1.2          GRL/UWM            28-oct-21 01:48     PGM / RUN BY / DATE 
ionex file containing IGS COMBINED Ionosphere maps          COMMENT             
global ionosphere maps for day 287, 2021                    DESCRIPTION         
IONEX file containing the COMBINED IGS TEC MAPS and DCBs    DESCRIPTION         
      IONEX files of the following IAACs were combined: cod DESCRIPTION         
                                                        esa DESCRIPTION         
                                                        jpl DESCRIPTION         
                                                        upc DESCRIPTION         
Contact address: Andrzej Krankowski                         DESCRIPTION
                 Geodynamics Research Laboratory            DESCRIPTION
                 University of Warmia and Mazury (GRL/UWM)  DESCRIPTION
                 Oczapowski St. 1                           DESCRIPTION
                 10-957-Olsztyn, POLAND                     DESCRIPTION
                 e-mail:  kand@uwm.edu.pl                   DESCRIPTION
                                                            DESCRIPTION         
  2021    10    14     0     0     0                        EPOCH OF FIRST MAP  
  2021    10    15     0     0     0                        EPOCH OF LAST MAP   
  7200                                                      INTERVAL            
    13                                                      # OF MAPS IN FILE   
  COSZ                                                      MAPPING FUNCTION    
     0.0                                                    ELEVATION CUTOFF    
combined TEC calculated as weighted mean of input TEC valuesOBSERVABLES USED    
   357                                                      # OF STATIONS       
    32                                                      # OF SATELLITES     
  6371.0                                                    BASE RADIUS         
     2                                                      MAP DIMENSION       
   450.0 450.0   0.0                                        HGT1 / HGT2 / DHGT  
    87.5 -87.5  -2.5                                        LAT1 / LAT2 / DLAT  
  -180.0 180.0   5.0                                        LON1 / LON2 / DLON  
    -1                                                      EXPONENT            
TEC values in 0.1 tec units;  9999, if no value available   COMMENT             
DCB values in nanoseconds, reference is Sum_of_SatDCBs = 0  COMMENT             
                                                            END OF HEADER       
[from data line 4290]
    11                                                      START OF TEC MAP    
  2021    10    14    20     0     0                        EPOCH OF CURRENT MAP
    87.5-180.0 180.0   5.0 450.0                            LAT/LON1/LON2/DLON/H
   67   67   68   68   69   70   71   71   72   72   73   74   74   75   75   75
   76   77   77   78   78   79   80   81   82   82   82   82   81   81   80   80
   79   79   78   78   77   77   77   76   76   76   75   75   75   74   74   74
   73   73   73   72   72   72   71   71   70   70   69   69   69   68   67   66
   66   66   66   66   66   66   66   66   67
    85.0-180.0 180.0   5.0 450.0                            LAT/LON1/LON2/DLON/H
   65   66   68   70   72   73   76   78   79   81   82   83   84   85   86   86
   86   86   85   85   86   87   88   88   87   85   84   83   82   82   82   81
   80   80   79   78   77   77   76   75   75   75   74   74   74   73   73   72
   72   72   71   71   70   69   69   69   68   67   66   66   64   63   62   61
   60   59   59   59   60   61   61   63   65
    82.5-180.0 180.0   5.0 450.0                            LAT/LON1/LON2/DLON/H
   62   64   65   66   68   70   72   73   75   77   80   82   86   88   91   93
   94   95   95   95   92   94   94   90   87   87   86   84   83   81   80   79
   78   78   77   78   78   78   78   76   76   75   74   74   73   73   73   73
   72   71   71   70   69   69   68   67   66   66   64   63   62   60   58   57
   56   55   55   55   56   57   59   60   62
    80.0-180.0 180.0   5.0 450.0                            LAT/LON1/LON2/DLON/H
   58   59   60   63   64   66   68   70   74   78   83   88   92   96   99  101
  102  103  102  101   98   99   96   92   89   86   83   81   80   77   76   75
   74   73   73   73   73   75   74   74   75   75   75   74   73   72   72   72
   72   71   71   70   69   68   67   66   65   64   63   61   60   58   57   55
   54   53   53   53   54   55   56   57   58
    77.5-180.0 180.0   5.0 450.0                            LAT/LON1/LON2/DLON/H
   56   57   58   58   60   62   65   70   77   82   88   93   98  102  105  107
  109  110  110  108  106  102   97   90   88   85   81   79   76   74   72   70
   70   70   70   70   69   70   71   72   72   71   71   72   72   72   71   70
   70   70   70   69   68   67   65   64   63   62   61   59   58   56   55   54
   53   52   52   53   53   54   55   56   56
    75.0-180.0 180.0   5.0 450.0                            LAT/LON1/LON2/DLON/H
   57   57   58   59   60   63   66   71   76   83   89   96  102  108  114  117
  118  117  115  110  107  101   95   89   81   78   74   72   69   67   65   64
   65   65   65   65   65   65   66   69   70   69   68   67   68   68   67   67
   67   66   66   65   64   63   61   60   59   59   57   57   56   55   54   53
   52   51   51   52   53   54   55   56   57
    72.5-180.0 180.0   5.0 450.0                            LAT/LON1/LON2/DLON/H
   58   59   60   61   61   63   66   70   76   82   89   98  106  114  119  123
  124  122  120  115  108  100   93   87   79   72   67   65   62   59   57   57
   57   58   59   60   60   61   62   63   64   64   64   63   62   62   62   62
   62   62   61   60   59   57   56   55   53   53   52   52   52   51   51   50
   49   49   50   51   52   54   56   57   58
    70.0-180.0 180.0   5.0 450.0                            LAT/LON1/LON2/DLON/H
   61   63   64   64   64   64   66   69   75   81   90   99  109  118  126  131
  131  131  125  118  109  100   90   85   78   70   63   60   57   54   52   51
   51   52   52   53   54   56   56   57   57   57   57   56   55   55   55   55
   55   56   56   54   52   50   49   47   46   46   45   46   46   46   46   46
   45   46   47   48   50   53   56   58   61
    67.5-180.0 180.0   5.0 450.0                            LAT/LON1/LON2/DLON/H
   63   67   69   69   69   68   69   71   76   82   90  100  111  123  132  138
  139  135  129  122  111  102   93   85   78   71   64   59   55   52   49   47
   46   46   47   48   49   50   50   51   51   50   49   48   47   47   46   48
   48   49   48   48   46   43   41   39   38   38   38   38   39   40   40   40
   40   41   42   44   48   51   56   59   63
    65.0-180.0 180.0   5.0 450.0                            LAT/LON1/LON2/DLON/H
   66   70   74   75   75   74   74   75   78   84   92  101  112  125  136  143
  144  141  139  129  119  111  101   91   83   75   68   61   56   52   48   46
   44   43   43   44   44   44   44   44   44   43   42   40   39   39   39   40
   40   43   42   41   39   37   34   32   31   31   31   32   33   34   34   35
   35   35   37   40   44   49   55   60   66
    62.5-180.0 180.0   5.0 450.0                            LAT/LON1/LON2/DLON/H
   67   73   78   80   81   81   80   80   82   88   95  103  114  125  136  144
  148  149  148  140  131  122  112  102   92   83   75   68   61   55   50   47
   45   43   42   42   41   41   40   39   38   37   36   35   34   34   35   35
   35   37   36   35   34   32   29   28   27   26   27   27   28   30   30   30
   31   31   32   35   40   46   53   60   67
    60.0-180.0 180.0   5.0 450.0                            LAT/LON1/LON2/DLON/H
   68   75   81   85   87   87   87   87   89   93   99  107  117  126  136  145
  150  153  152  148  141  133  124  114  105   95   85   79   71   64   57   53
   50   46   45   44   42   41   39   38   36   35   35   35   35   35   36   35
   35   35   34   33   31   29   28   26   25   24   25   25   27   28   28   28
   27   27   29   32   37   43   51   60   68
    57.5-180.0 180.0   5.0 450.0                            LAT/LON1/LON2/DLON/H
   68   76   83   89   92   95   96   98   98  100  106  113  120  129  138  145
  150  153  153  151  147  142  134  126  118  109  100   94   86   78   71   66
   60   55   51   48   45   44   42   40   38   38   39   40   40   41   40   40
   39   38   37   35   33   31   30   29   28   27   27   27   28   29   28   28
   27   27   28   31   36   42   50   59   68
    55.0-180.0 180.0   5.0 450.0                            LAT/LON1/LON2/DLON/H
   69   77   85   92   97  101  104  107  109  110  114  119  125  132  138  144
  148  152  153  152  150  146  141  136  130  122  114  109  102   94   86   79
   71   65   60   55   52   49   47   46   45   45   46   48   48   49   48   48
   47   45   43   41   39   38   36   35   34   33   33   33   33   33   33   32
   30   29   31   33   38   43   52   61   69
    52.5-180.0 180.0   5.0 450.0                            LAT/LON1/LON2/DLON/H
   72   79   87   95  102  108  114  117  120  121  124  127  130  134  139  143
  146  150  151  151  150  149  146  142  139  133  127  121  116  110  101   92
   83   75   70   65   61   58   55   54   53   54   56   58   59   59   58   57
   56   54   52   49   48   46   44   43   43   42   41   41   40   40   39   38
   36   35   36   38   43   49   56   64   72
    50.0-180.0 180.0   5.0 450.0                            LAT/LON1/LON2/DLON/H
   77   83   90   98  107  115  122  128  131  133  134  136  136  138  140  143
  146  148  150  151  150  151  150  148  146  142  138  133  129  124  116  106
   94   85   79   73   69   66   64   64   63   65   67   68   69   69   69   68
   67   65   62   60   58   55   54   53   52   51   50   50   49   47   46   44
   42   41   42   46   51   57   64   71   77
    47.5-180.0 180.0   5.0 450.0                            LAT/LON1/LON2/DLON/H
   84   89   95  102  112  121  130  137  141  144  145  145  144  143  144  145
  147  148  150  151  152  154  156  156  155  152  149  146  142  136  126  115
  103   93   86   81   77   75   73   72   72   74   75   77   77   78   77   77
   76   74   73   71   68   66   65   63   61   60   60   59   57   54   52   50
   47   47   49   54   61   67   74   80   84
    45.0-180.0 180.0   5.0 450.0                            LAT/LON1/LON2/DLON/H
   93   97  101  108  118  128  137  144  149  153  154  153  152  149  149  151
  151  152  153  155  157  161  164  166  165  164  161  158  153  146  135  120
  108   98   91   86   84   82   80   79   80   81   81   83   83   84   84   84
   84   84   83   82   80   78   75   73   71   69   68   67   64   60   57   55
   53   53   56   62   71   79   86   90   93
    42.5-180.0 180.0   5.0 450.0                            LAT/LON1/LON2/DLON/H
  104  106  109  116  124  135  144  150  155  159  160  159  158  157  157  158
  159  159  159  161  165  170  175  178  178  176  173  168  163  153  140  124
  109   98   92   89   88   86   85   85   85   85   85   86   87   87   88   90
   91   92   93   92   90   88   84   81   77   75   74   71   68   64   60   58
   57   58   62   69   79   89   97  101  104
    40.0-180.0 180.0   5.0 450.0                            LAT/LON1/LON2/DLON/H
  115  117  119  125  133  142  150  155  159  162  164  164  164  164  165  167
  168  169  169  171  176  183  190  192  192  187  183  177  170  158  143  126
  109   97   92   90   90   89   88   87   87   87   87   88   89   90   91   94
   95   98   99   99   97   94   89   85   81   78   75   73   69   66   62   60
   59   60   67   76   87   98  107  112  115
    37.5-180.0 180.0   5.0 450.0                            LAT/LON1/LON2/DLON/H
  125  127  130  136  143  151  157  160  162  165  166  168  170  171  173  176
  179  180  182  186  191  200  206  207  205  198  191  184  175  163  148  128
  109   97   92   91   91   91   90   89   89   88   89   89   90   91   93   96
   98  101  102  102  100   96   91   86   82   79   76   74   71   68   64   61
   60   62   69   79   92  104  116  122  125
    35.0-180.0 180.0   5.0 450.0                            LAT/LON1/LON2/DLON/H
  135  138  142  148  156  162  165  167  168  168  170  173  175  179  181  186
  189  192  196  202  208  219  224  223  218  209  200  193  183  171  155  133
  113  101   95   94   94   94   93   92   91   90   90   90   90   92   94   96
   98  100  101  100   98   94   90   86   82   79   77   75   72   69   65   62
   61   64   70   81   96  110  122  130  135
    32.5-180.0 180.0   5.0 450.0                            LAT/LON1/LON2/DLON/H
  143  150  155  161  169  173  176  176  175  173  174  178  183  188  191  196
  199  203  209  217  225  236  241  238  232  222  212  204  196  183  166  144
  125  111  104  101  100   99   98   96   95   94   93   92   92   93   95   96
   97   98   97   96   94   92   88   84   82   79   77   76   73   70   66   63
   62   65   73   83   98  113  126  137  143
    30.0-180.0 180.0   5.0 450.0                            LAT/LON1/LON2/DLON/H
  153  161  170  177  182  187  188  187  185  182  182  186  192  197  201  206
  210  216  222  233  243  252  256  254  246  237  228  221  215  201  183  162
  141  127  118  114  112  108  105  103  102  100   98   96   95   96   97   97
   97   94   92   91   89   88   86   82   80   78   77   77   75   70   66   64
   63   67   75   86  100  116  130  142  153
    27.5-180.0 180.0   5.0 450.0                            LAT/LON1/LON2/DLON/H
  161  173  184  193  199  202  202  201  197  193  193  197  204  209  212  217
  222  229  237  248  260  268  271  268  263  255  248  244  240  227  209  189
  166  151  141  137  130  122  117  115  113  110  106  103  102  103  103  102
   99   93   88   86   83   83   81   79   78   77   77   77   75   71   66   64
   64   69   78   90  104  119  133  148  161
    25.0-180.0 180.0   5.0 450.0                            LAT/LON1/LON2/DLON/H
  170  185  199  210  216  218  218  216  213  208  207  210  217  222  224  230
  234  244  254  265  276  283  286  285  281  276  272  272  271  263  248  224
  199  183  172  166  156  147  136  133  129  124  118  114  112  112  113  109
  104   93   86   81   79   78   77   76   75   76   77   77   74   70   65   63
   64   70   81   95  109  123  138  154  170
    22.5-180.0 180.0   5.0 450.0                            LAT/LON1/LON2/DLON/H
  179  197  215  226  233  236  234  234  230  226  224  227  233  238  241  245
  251  262  272  284  293  297  301  303  303  303  305  308  311  308  295  265
  239  216  209  198  184  174  161  157  151  143  134  128  123  123  124  118
  110   95   84   78   76   75   75   74   74   75   76   76   72   67   63   61
   62   70   83   99  115  130  145  161  179
    20.0-180.0 180.0   5.0 450.0                            LAT/LON1/LON2/DLON/H
  189  208  228  241  250  254  254  253  250  248  247  248  253  259  262  265
  271  281  292  304  310  312  317  324  330  337  343  353  358  356  342  308
  276  247  236  224  208  197  189  186  179  165  153  141  133  132  131  124
  115   96   84   78   76   75   75   75   75   76   76   74   70   64   59   58
   60   69   85  104  122  137  152  169  189
    17.5-180.0 180.0   5.0 450.0                            LAT/LON1/LON2/DLON/H
  197  219  239  254  265  271  273  274  272  271  272  273  277  283  287  289
  296  307  317  327  330  331  337  346  360  373  383  396  399  394  379  340
  302  275  254  238  225  217  212  209  205  191  171  153  143  138  134  126
  117   99   87   81   80   79   78   78   77   76   75   73   67   61   56   55
   58   69   88  109  128  144  158  176  197
    15.0-180.0 180.0   5.0 450.0                            LAT/LON1/LON2/DLON/H
  205  228  249  265  278  286  293  294  293  294  297  300  306  311  314  318
  326  338  346  352  351  353  358  370  388  403  416  433  427  414  393  354
  313  281  257  243  233  230  229  231  228  213  187  165  151  140  135  124
  117  102   93   88   86   84   83   82   80   78   76   72   65   59   54   52
   57   70   92  115  135  151  165  182  205
    12.5-180.0 180.0   5.0 450.0                            LAT/LON1/LON2/DLON/H
  212  235  257  276  291  303  309  312  316  319  323  330  336  340  345  349
  358  369  376  379  375  373  378  391  409  421  436  450  441  418  390  354
  313  276  255  244  241  243  247  251  247  229  200  176  157  143  134  126
  121  105   98   94   91   89   88   86   82   79   75   70   64   57   53   51
   57   73   97  121  141  157  171  188  212
    10.0-180.0 180.0   5.0 450.0                            LAT/LON1/LON2/DLON/H
  216  241  264  285  303  317  325  329  334  341  349  357  363  369  375  381
  390  402  407  405  397  395  398  409  422  432  444  451  444  415  383  347
  309  276  256  250  252  257  262  267  263  243  215  189  165  147  133  123
  119  107  102   98   95   93   90   86   82   79   74   69   64   58   54   54
   60   77  102  128  148  163  176  194  216
     7.5-180.0 180.0   5.0 450.0                            LAT/LON1/LON2/DLON/H
  221  245  269  292  313  329  340  346  352  361  371  381  388  396  403  410
  421  433  441  435  422  416  417  424  433  442  448  448  436  409  379  345
  313  281  265  260  265  273  278  281  277  257  232  204  175  151  134  121
  118  108  103  100   97   93   88   84   81   77   72   68   65   61   57   57
   64   83  108  134  154  168  181  199  221
     5.0-180.0 180.0   5.0 450.0                            LAT/LON1/LON2/DLON/H
  224  249  273  297  322  341  354  363  370  379  389  400  409  420  427  435
  445  455  465  458  444  435  435  439  444  450  451  445  430  406  381  353
  324  295  280  277  284  291  293  292  285  270  247  216  186  160  139  126
  120  108  104   99   96   90   84   81   78   74   70   68   66   64   61   62
   69   88  113  138  157  170  184  202  224
     2.5-180.0 180.0   5.0 450.0                            LAT/LON1/LON2/DLON/H
  224  250  274  300  329  352  368  379  388  397  407  416  424  435  442  453
  460  468  475  472  461  453  451  451  452  454  453  446  432  413  394  370
  343  314  300  296  301  304  301  296  288  279  259  229  200  174  150  132
  123  106  101   97   92   87   80   77   75   72   68   66   65   65   65   67
   74   93  118  141  159  171  184  202  224
