data/IONEX/CVBB2900.21i
     1.0            IONOSPHERE MAPS     MIX                 IONEX VERSION / TYPE
cmpcmb v1.2          GRL/UWM             6-nov-21 01:57     PGM / RUN BY / DATE 
ionex file containing IGS COMBINED Ionosphere maps          COMMENT             
global ionosphere maps for day 290, 2021                    DESCRIPTION         
IONEX file containing the COMBINED IGS TEC MAPS and DCBs    DESCRIPTION         
      IONEX files of the following IAACs were combined: cod DESCRIPTION         
                                                        esa DESCRIPTION         
                                                        jpl DESCRIPTION         
                                                        upc DESCRIPTION         
Contact address: Andrzej Krankowski                         DESCRIPTION
                 Geodynamics Research Laboratory            DESCRIPTION
                 University of Warmia and Mazury (GRL/UWM)  DESCRIPTION
                 Oczapowski St. 1                           DESCRIPTION
                 10-957-Olsztyn, POLAND                     DESCRIPTION
                 e-mail:  kand@uwm.edu.pl                   DESCRIPTION
                                                            DESCRIPTION         
  2021    10    17     0     0     0                        EPOCH OF FIRST MAP  
  2021    10    18     0     0     0                        EPOCH OF LAST MAP   
  7200                                                      INTERVAL            
    13                                                      # OF MAPS IN FILE   
  COSZ                                                      MAPPING FUNCTION    
     0.0                                                    ELEVATION CUTOFF    
combined TEC calculated as weighted mean of input TEC valuesOBSERVABLES USED    
   355                                                      # OF STATIONS       
    32                                                      # OF SATELLITES     
  6371.0                                                    BASE RADIUS         
     2                                                      MAP DIMENSION       
   450.0 450.0   0.0                                        HGT1 / HGT2 / DHGT  
    87.5 -87.5  -2.5                                        LAT1 / LAT2 / DLAT  
  -180.0 180.0   5.0                                        LON1 / LON2 / DLON  
    -1                                                      EXPONENT            
TEC values in 0.1 tec units;  9999, if no value available   COMMENT             
DCB values in nanoseconds, reference is Sum_of_SatDCBs = 0  COMMENT             
                                                            END OF HEADER       
[from data line 2574]
     7                                                      START OF TEC MAP    
  2021    10    17    12     0     0                        EPOCH OF CURRENT MAP
    87.5-180.0 180.0   5.0 450.0                            LAT/LON1/LON2/DLON/H
   76   76   77   78   78   79   79   79   80   80   81   82   81   82   82   82
   83   84   84   84   84   84   85   83   81   80   79   78   76   76   75   74
   73   72   71   70   69   69   68   67   66   66   66   65   65   64   64   64
   64   64   64   65   65   65   65   66   66   67   67   68   68   69   70   70
   71   72   72   73   73   74   74   75   76
    85.0-180.0 180.0   5.0 450.0                            LAT/LON1/LON2/DLON/H
   76   77   78   80   80   81   83   84   84   85   85   85   85   85   85   84
   84   84   84   85   85   86   86   84   83   83   82   80   79   78   77   75
   74   74   72   70   69   67   66   64   63   61   59   58   57   56   55   55
   54   54   54   54   54   55   56   56   57   58   59   60   61   63   64   64
   66   67   69   70   71   72   73   75   76
    82.5-180.0 180.0   5.0 450.0                            LAT/LON1/LON2/DLON/H
   76   77   78   79   81   81   83   84   84   85   84   84   83   83   82   81
   80   79   79   80   81   83   85   84   84   83   84   84   82   80   79   76
   74   70   68   65   63   60   58   57   54   53   51   50   49   47   46   46
   45   46   46   46   48   48   49   50   51   53   55   55   56   57   59   60
   61   63   65   66   68   70   73   74   76
    80.0-180.0 180.0   5.0 450.0                            LAT/LON1/LON2/DLON/H
   70   70   72   74   76   77   78   77   76   75   74   74   72   71   72   71
   72   73   73   75   77   70   77   82   81   81   81   81   81   81   80   79
   77   75   72   70   66   62   58   55   52   50   48   45   44   43   42   42
   42   43   43   44   45   46   47   48   49   51   52   52   53   53   53   54
   55   57   59   62   64   66   66   68   70
    77.5-180.0 180.0   5.0 450.0                            LAT/LON1/LON2/DLON/H
   61   62   64   65   67   68   67   67   64   59   57   56   54   54   54   55
   55   58   61   62   65   72   78   81   86   85   88   89   89   89   86   85
   84   83   82   79   76   71   67   63   59   55   52   49   47   45   45   44
   44   45   46   47   48   49   51   51   52   52   52   51   51   51   50   50
   50   51   52   55   56   57   58   59   61
    75.0-180.0 180.0   5.0 450.0                            LAT/LON1/LON2/DLON/H
   52   54   56   59   60   60   58   53   51   48   47   45   44   43   41   42
   42   44   46   50   58   65   71   76   82   88   90   94   95   99  100   99
   98   97   96   94   91   88   82   77   73   68   63   59   56   54   53   52
   51   51   52   54   55   56   57   57   57   56   55   53   51   49   48   46
   45   45   45   46   46   48   48   50   52
    72.5-180.0 180.0   5.0 450.0                            LAT/LON1/LON2/DLON/H
   46   49   52   54   54   54   51   49   47   45   42   39   37   36   34   32
   32   34   38   42   48   55   63   69   79   86   93   97  105  110  113  117
  120  119  118  117  113  109  103   97   93   87   81   76   72   69   66   64
   62   61   61   61   63   64   64   63   62   61   59   56   52   49   46   43
   41   41   40   40   40   41   42   44   46
    70.0-180.0 180.0   5.0 450.0                            LAT/LON1/LON2/DLON/H
   42   45   49   52   53   53   52   50   48   45   42   38   36   34   32   30
   30   32   34   38   43   50   57   65   74   85   93  102  110  119  125  132
  137  140  140  140  137  131  126  120  113  107  103   95   92   87   82   78
   75   72   70   70   70   70   70   68   66   64   61   57   52   48   45   42
   39   38   38   38   38   38   39   40   42
    67.5-180.0 180.0   5.0 450.0                            LAT/LON1/LON2/DLON/H
   42   44   47   51   53   54   53   51   49   48   44   42   39   37   35   33
   33   33   35   38   42   48   55   63   72   82   92  102  112  122  132  140
  146  153  154  154  152  149  144  139  133  127  122  116  110  104   99   92
   89   83   79   76   74   73   72   70   67   64   60   55   51   46   43   40
   38   38   39   39   39   39   40   41   42
    65.0-180.0 180.0   5.0 450.0                            LAT/LON1/LON2/DLON/H
   43   44   47   49   52   53   53   52   51   50   48   45   44   43   41   39
   39   38   39   41   43   48   55   63   71   80   90  101  110  122  132  142
  150  157  161  162  161  158  154  149  146  142  137  133  127  121  113  106
   98   91   84   79   75   73   70   68   65   61   57   52   47   43   40   37
   37   39   40   41   42   43   43   43   43
    62.5-180.0 180.0   5.0 450.0                            LAT/LON1/LON2/DLON/H
   44   44   45   47   50   52   52   52   51   51   50   48   48   48   47   45
   44   43   43   44   45   49   56   63   69   78   88   99  108  120  130  140
  151  159  164  165  163  161  157  153  151  149  146  143  138  132  124  114
  104   95   85   78   73   69   66   64   60   57   52   48   43   39   36   35
   36   39   42   44   46   46   45   45   44
    60.0-180.0 180.0   5.0 450.0                            LAT/LON1/LON2/DLON/H
   44   43   43   44   46   48   49   48   49   50   49   48   49   50   50   48
   48   47   46   46   46   50   56   63   69   77   86   96  107  119  129  140
  152  160  164  164  162  158  155  153  151  151  150  148  145  139  130  119
  109   97   86   77   70   66   62   59   56   53   48   45   41   38   35   35
   36   39   43   46   48   48   47   45   44
    57.5-180.0 180.0   5.0 450.0                            LAT/LON1/LON2/DLON/H
   43   41   40   41   41   42   43   43   44   45   45   44   46   47   47   48
   48   47   46   47   47   51   56   62   70   77   86   95  107  120  132  144
  155  163  164  163  159  155  152  151  151  151  151  151  148  143  134  124
  113  101   88   77   71   65   62   58   56   53   49   46   42   39   37   37
   38   41   44   47   49   49   47   45   43
    55.0-180.0 180.0   5.0 450.0                            LAT/LON1/LON2/DLON/H
   41   39   38   37   38   37   37   38   39   40   40   40   40   41   43   43
   44   43   43   44   46   51   57   62   71   80   88   98  111  124  137  150
  159  164  165  162  158  154  152  150  151  152  153  152  150  145  138  129
  119  108   96   86   76   70   66   63   61   58   56   52   49   46   43   41
   41   43   45   47   48   48   46   44   41
    52.5-180.0 180.0   5.0 450.0                            LAT/LON1/LON2/DLON/H
   39   38   37   37   36   35   35   36   36   37   37   36   34   36   37   38
   38   38   40   42   46   53   60   67   75   85   94  104  117  130  142  154
  162  167  167  164  160  157  155  154  154  154  155  154  152  149  143  135
  126  116  107   96   86   80   76   72   70   67   65   63   60   56   52   49
   47   47   48   48   48   48   45   42   39
    50.0-180.0 180.0   5.0 450.0                            LAT/LON1/LON2/DLON/H
   40   39   38   38   38   37   37   37   37   38   37   36   34   33   33   34
   34   35   37   42   48   56   65   74   84   94  102  113  125  138  149  158
  165  170  170  168  165  164  163  162  161  159  160  158  155  152  148  142
  134  126  117  107   97   91   87   82   80   77   76   75   72   68   63   58
   54   52   52   50   50   48   46   43   40
    47.5-180.0 180.0   5.0 450.0                            LAT/LON1/LON2/DLON/H
   44   43   43   43   43   43   42   41   42   44   43   41   39   36   34   33
   33   35   38   45   53   63   73   84   94  104  114  123  134  144  154  162
  167  172  173  172  172  173  174  172  170  168  165  162  159  155  151  147
  140  134  126  117  110  103   96   91   88   86   85   85   83   78   73   67
   62   58   56   54   53   51   49   47   44
    45.0-180.0 180.0   5.0 450.0                            LAT/LON1/LON2/DLON/H
   51   51   50   50   51   50   49   48   49   52   51   49   46   42   39   36
   36   38   43   51   62   72   84   95  106  116  126  134  142  150  157  163
  167  172  175  177  181  185  186  185  182  177  172  166  162  158  154  150
  145  140  133  127  119  111  102   96   92   89   89   89   88   84   78   73
   67   64   61   59   58   56   54   53   51
    42.5-180.0 180.0   5.0 450.0                            LAT/LON1/LON2/DLON/H
   59   59   59   59   59   58   56   56   57   59   60   57   53   50   46   43
   43   45   50   59   71   83   95  107  118  128  136  142  147  152  157  162
  166  171  177  183  191  197  201  199  195  188  179  172  166  161  156  153
  148  144  139  133  124  114  103   96   90   87   86   86   85   83   79   76
   72   68   65   65   64   62   61   60   59
    40.0-180.0 180.0   5.0 450.0                            LAT/LON1/LON2/DLON/H
   65   65   66   66   66   65   63   62   63   65   67   65   61   58   55   51
   50   52   58   68   81   93  105  116  128  138  144  147  149  152  156  159
  165  171  180  190  202  212  215  214  208  200  189  179  171  164  159  156
  151  148  144  136  126  113  101   92   85   81   80   80   79   78   76   75
   72   70   69   68   69   69   68   66   65
    37.5-180.0 180.0   5.0 450.0                            LAT/LON1/LON2/DLON/H
   68   68   69   69   68   68   67   65   66   70   73   72   70   67   63   59
   57   59   65   77   89  102  113  124  135  144  150  151  151  150  152  157
  164  173  185  200  215  226  231  230  224  215  203  190  182  172  167  163
  159  155  149  141  129  115  101   91   81   76   74   73   72   72   72   72
   71   71   71   71   72   72   71   69   68
    35.0-180.0 180.0   5.0 450.0                            LAT/LON1/LON2/DLON/H
   68   67   68   68   68   67   66   65   68   73   77   78   77   75   71   67
   64   65   71   83   96  109  119  129  138  148  153  154  151  149  151  156
  166  178  195  213  231  243  250  249  244  235  223  212  201  189  183  177
  173  168  161  151  138  122  109   96   86   79   75   72   70   69   69   69
   69   70   72   72   72   72   70   69   68
    32.5-180.0 180.0   5.0 450.0                            LAT/LON1/LON2/DLON/H
   64   62   63   63   63   63   62   63   66   71   76   80   81   81   78   73
   69   69   75   87  101  113  123  133  141  150  154  153  150  149  152  159
  171  188  208  232  251  263  271  273  271  264  253  244  230  219  209  203
  198  193  183  173  159  144  129  116  103   94   88   82   77   74   72   71
   69   71   72   71   70   69   67   65   64
    30.0-180.0 180.0   5.0 450.0                            LAT/LON1/LON2/DLON/H
   58   56   56   57   57   57   58   59   62   67   72   77   81   83   81   76
   73   72   78   89  104  117  128  136  142  149  151  150  149  152  157  169
  185  206  229  252  272  285  294  300  300  300  292  283  268  256  251  243
  239  232  222  211  195  181  166  150  135  124  115  106   97   89   83   79
   75   74   74   72   70   67   64   61   58
    27.5-180.0 180.0   5.0 450.0                            LAT/LON1/LON2/DLON/H
   55   52   51   51   52   53   54   55   58   62   67   73   77   80   80   77
   74   73   78   91  106  121  131  138  143  147  149  149  151  157  167  184
  205  230  254  279  299  314  321  329  333  340  336  326  310  298  296  298
  294  287  274  261  248  229  214  195  176  162  151  141  130  116  103   94
   86   82   79   75   71   67   63   59   55
    25.0-180.0 180.0   5.0 450.0                            LAT/LON1/LON2/DLON/H
   55   51   49   49   49   50   51   53   55   59   63   68   72   75   75   74
   73   73   79   92  108  123  133  139  143  146  149  152  157  167  182  203
  231  260  284  311  330  341  346  356  366  380  383  375  355  342  344  357
  358  351  334  321  309  287  269  245  223  207  194  185  171  151  130  114
  100   92   87   82   77   71   66   60   55
    22.5-180.0 180.0   5.0 450.0                            LAT/LON1/LON2/DLON/H
   60   55   52   50   50   50   51   52   54   56   60   64   67   70   71   70
   68   71   80   95  111  125  134  141  145  148  151  157  166  181  201  228
  259  287  320  347  358  363  370  388  397  413  421  420  406  387  391  408
  411  406  392  375  367  347  326  296  269  253  240  230  215  190  162  140
  119  107   99   94   87   79   73   66   60
    20.0-180.0 180.0   5.0 450.0                            LAT/LON1/LON2/DLON/H
   68   62   58   56   54   54   53   54   54   55   57   60   62   64   65   65
   64   69   81   99  115  129  139  145  149  153  158  166  180  199  224  254
  289  320  346  365  372  378  384  407  431  447  458  455  442  421  425  436
  439  438  424  411  402  386  367  335  305  289  278  268  250  226  195  168
  141  126  114  107   99   91   82   74   68
    17.5-180.0 180.0   5.0 450.0                            LAT/LON1/LON2/DLON/H
   79   72   68   64   61   59   56   55   55   55   56   56   57   59   59   60
   61   68   83  101  119  135  145  152  156  161  168  181  197  220  250  281
  314  341  360  367  370  380  385  408  438  464  472  467  455  437  437  442
  446  445  434  422  414  400  380  348  320  305  296  288  276  252  224  194
  165  146  132  122  112  104   94   84   79
    15.0-180.0 180.0   5.0 450.0                            LAT/LON1/LON2/DLON/H
   91   84   78   72   68   64   60   57   56   55   55   54   54   55   54   55
   58   67   83  103  122  139  151  159  165  172  181  197  217  244  276  304
  328  349  361  363  365  372  379  398  427  456  461  459  446  433  430  434
  436  433  423  415  407  396  371  339  316  303  293  289  280  262  238  211
  183  162  147  136  126  117  107   97   91
    12.5-180.0 180.0   5.0 450.0                            LAT/LON1/LON2/DLON/H
  102   94   87   80   74   68   62   59   57   56   54   54   53   52   52   52
   57   68   84  104  124  141  155  166  176  185  196  215  235  266  295  315
  333  348  356  361  363  368  375  391  413  433  440  439  430  417  413  416
  415  410  404  397  390  378  351  320  297  283  271  268  265  255  240  216
  191  170  156  147  138  127  116  107  102
    10.0-180.0 180.0   5.0 450.0                            LAT/LON1/LON2/DLON/H
  109  101   94   87   78   71   64   60   58   56   55   54   53   52   52   52
   57   69   87  106  127  144  160  175  188  201  213  232  254  281  305  321
  335  345  352  358  362  368  377  388  405  419  424  422  410  399  396  397
  393  389  384  378  370  357  330  299  274  257  244  241  239  233  228  210
  188  169  158  151  144  134  123  114  109
     7.5-180.0 180.0   5.0 450.0                            LAT/LON1/LON2/DLON/H
  112  104   96   89   81   72   65   60   58   57   56   55   55   54   54   54
   60   72   91  111  131  148  167  184  201  216  231  250  272  293  311  325
  336  345  352  358  364  372  381  392  404  413  414  409  396  386  384  384
  380  377  371  365  357  344  319  288  261  241  227  218  216  214  209  200
  184  168  158  152  143  135  125  117  112
     5.0-180.0 180.0   5.0 450.0                            LAT/LON1/LON2/DLON/H
  106   99   92   88   80   72   65   60   58   57   57   56   57   57   57   59
   64   78   97  117  135  154  174  193  213  231  248  267  286  301  314  326
  337  348  356  364  371  379  388  398  408  411  409  404  393  387  387  386
  384  379  371  363  355  343  322  294  266  243  226  213  208  207  205  196
  182  168  158  150  141  131  121  112  106
     2.5-180.0 180.0   5.0 450.0                            LAT/LON1/LON2/DLON/H
   98   91   85   83   77   70   64   61   59   58   57   57   58   59   60   63
   69   83  102  121  140  159  180  202  223  242  261  280  296  306  316  326
  337  350  361  371  380  389  397  406  413  414  413  409  402  403  404  406
  403  395  383  374  366  356  337  313  288  261  240  226  218  214  214  204
  188  172  161  151  139  128  114  104   98
